<svg
   xmlns:dc="http://purl.org/dc/elements/1.1/"
   xmlns:cc="http://creativecommons.org/ns#"
   xmlns:rdf="http://www.w3.org/1999/02/22-rdf-syntax-ns#"
   xmlns:svg="http://www.w3.org/2000/svg"
   xmlns="http://www.w3.org/2000/svg"
   xmlns:sodipodi="http://sodipodi.sourceforge.net/DTD/sodipodi-0.dtd"
   xmlns:inkscape="http://www.inkscape.org/namespaces/inkscape"
   viewBox="0 0 386.22674 447.1327"
   height="1689.9503"
   width="1459.7546">
  <defs
     id="defs2">
  </defs>
  <sodipodi:namedview
     showguides="false"
     showborder="true"
     inkscape:window-maximized="1"
     inkscape:window-y="-8"
     inkscape:window-x="-8"
     inkscape:window-height="1057"
     inkscape:window-width="1920"
     fit-margin-bottom="20"
     fit-margin-right="20"
     fit-margin-left="20"
     fit-margin-top="20"
     units="px"
     inkscape:pagecheckerboard="false"
     showgrid="false"
     inkscape:document-rotation="0"
     inkscape:current-layer="layer2"
     inkscape:document-units="px"
     inkscape:cy="1261.9559"
     inkscape:cx="493.14442"
     inkscape:zoom="1"
     inkscape:pageshadow="2"
     inkscape:pageopacity="0.0"
     borderopacity="1.0"
     bordercolor="#666666"
     pagecolor="#ffffff"
     id="base" />
  <metadata
     id="metadata5">
    <rdf:RDF>
      <cc:Work
         rdf:about="">
        <dc:format>image/svg+xml</dc:format>
        <dc:type
           rdf:resource="http://purl.org/dc/dcmitype/StillImage" />
        <dc:title></dc:title>
      </cc:Work>
    </rdf:RDF>
  </metadata>
  <g
     transform="translate(38.404097,2.3081548)"
     inkscape:label="Boundaries"
     inkscape:groupmode="layer">
    <path
       sodipodi:nodetypes="csssscscsscsscsscssscssssssssssscssssscccccsssssssccsssssscsc"
       id="Cottage"
       d="m 129.88235,4.88713 c -0.26814,-0.03831 -0.65224,-0.325456 -0.86345,-0.466263 -0.41923,-0.27948 -1.99975,-0.04835 -2.40039,0.05181 -2.15848,0.539619 -3.86822,2.293905 -6.23411,1.89959 -0.98675,-0.164458 -2.59743,-1.896051 -3.52288,-1.433327 -0.16071,0.08036 -0.582,0.682889 -0.89799,0.86345 -1.81699,1.798337 -3.51963,5.087737 -4.05246,7.751848 -0.29682,1.484098 0.0283,3.160434 -0.12211,4.66461 -0.33687,1.386822 -1.09069,2.367727 -1.53413,3.304863 -0.17034,0.359989 -0.34732,0.66131 -0.42286,1.0511 -0.0648,0.334187 -0.0168,0.804164 -0.0334,1.200052 0.15858,1.975348 -0.0773,4.025585 0.40296,5.946768 0.13068,0.522716 0.0257,1.101602 0.26864,1.587433 0.1952,0.39039 -0.0965,1.027432 0.14653,1.392056 0.29088,0.436306 1.74965,0.945517 1.41648,1.611855 -0.15118,0.30236 -0.24623,0.954474 -0.46401,1.172258 -0.46003,0.460026 -1.10153,0.936913 -1.29437,1.611855 0.55908,2.643393 1.83605,4.74028 3.28293,6.910592 0.0804,0.120654 0.19473,0.513521 0.28377,0.896077 0.0777,0.333664 0.13609,0.659484 0.13609,0.790002 0,2.811376 -1.41449,5.749791 -3.93732,7.011211 -0.7162,0.399219 -1.56373,0.267963 -2.31405,0.51807 -0.63039,0.21013 -0.93862,1.211875 -1.55421,1.519671 -0.49372,0.24686 -1.19045,0.488916 -1.69237,0.656222 -0.83235,0.27745 -2.566,0.60583 -3.52287,0.414456 -0.35759,-0.07152 -0.55827,-0.550722 -0.967065,-0.414456 -0.20273,0.06758 -0.54333,0.267025 -0.65622,0.379918 -0.20032,0.20032 -0.84873,2.915905 -0.51807,3.246571 0.29152,0.291515 0.85424,0.504256 1.07068,0.828911 0.322675,0.484017 0.336065,1.328372 0.587135,1.830514 0.52821,1.056403 -0.629655,2.616906 0.24177,3.488336 0.17242,0.172422 0.73119,0.158369 0.96706,0.276304 1.33159,0.665791 1.41153,-1.441525 1.62329,-1.865051 1.45122,-2.902434 3.14562,-1.095473 3.41927,-1.277906 0.35236,-0.234908 1.16237,-0.736748 1.34114,-1.794347 0.0732,-0.433257 0.22219,-0.959587 0.43717,-1.224779 0.24556,-0.302915 0.90685,-0.449147 1.2265,-0.521017 0.71474,-0.1607 1.00183,0.05544 1.62328,0.552607 0.54773,0.43818 1.43431,1.703455 1.7269,2.434929 1.34619,1.428185 3.15328,2.874197 4.19637,4.334517 l 0.20723,0.207228 0.20722,0.189959 4.20927,-1.718362 c 0,0 1.75865,-0.911492 2.63758,-1.367635 0.87893,-0.456143 2.1494,-1.530183 3.22371,-2.295672 1.0743,-0.765489 2.36106,-1.171994 3.54119,-1.758387 1.18014,-0.586394 3.53332,-1.774404 5.29959,-2.662003 1.76626,-0.887599 3.40307,-1.220838 5.1042,-1.831653 1.70114,-0.610816 2.44471,-0.60212 3.66666,-0.903577 1.22196,-0.301457 2.92448,-0.529318 4.38633,-0.794374 1.46184,-0.265056 1.79597,-0.500801 1.79597,-0.500801 l -0.44899,-5.077084 c 0,0 -0.34512,-2.428907 -0.51807,-3.643757 -0.11862,-0.833165 -0.65922,-1.974608 -1.18783,-3.107323 -0.24217,-0.518914 -0.48182,-1.035996 -0.67722,-1.520768 -0.62195,-1.542961 -1.74966,-4.835053 -2.62489,-7.252977 -0.87523,-2.417923 -4.37455,-8.979612 -6.56222,-13.469814 -2.18767,-4.490203 -2.28132,-4.051302 -3.42238,-6.07735 -1.14106,-2.026048 -2.25852,-4.16584 -3.46793,-6.2032 -0.38587,-0.75553 -0.6555,-1.120929 -0.97237,-1.292792 -0.40542,-0.219888 -0.88818,-0.122962 -1.79068,-0.120968 z"
       style="fill:#ff161f;fill-opacity:1;stroke:#ffffff;stroke-width:0.52916667;stroke-linecap:butt;stroke-linejoin:miter;stroke-opacity:1;stroke-miterlimit:4;stroke-dasharray:none" />
    <path
       sodipodi:nodetypes="csssssssssssssssssccccsssssssssssssssssssssssssssssssssssssssssssssssssssssssssssssssssssssssssssssssssssssssssssscsssssssssssssssssssssssssssssssssccc"
       id="Wesley"
       d="m 216.51186,45.27682 c -0.12829,-0.0059 0.31081,0.01253 0.39746,0.394384 0.0572,0.251992 -0.008,0.731461 -0.063,1.015119 -0.0402,0.207929 -0.0438,0.456253 -0.0202,0.607948 0.10446,0.672219 -0.0879,3.704431 -0.1323,5.55625 -0.0444,1.851818 -0.4848,2.602 -0.7276,3.902604 -0.2428,1.300603 -0.79349,5.732903 -1.19063,8.598958 -0.39714,2.866055 -0.35251,1.455473 -0.52916,2.182813 -0.17666,0.727339 -3.58412,6.800562 -5.37657,10.200446 -1.79245,3.399884 -2.93079,3.211953 -4.39658,4.817533 -1.4658,1.60558 -3.27379,3.679675 -4.91108,5.519116 -1.63729,1.839441 -1.99535,3.554949 -2.99342,5.332027 -0.99807,1.777078 -1.84068,4.053141 -2.76141,6.079315 -0.92074,2.026177 -1.63553,4.990007 -2.45369,7.484617 -0.81816,2.4946 -1.02872,4.24094 -1.54348,6.36101 -0.51476,2.12007 -0.43627,4.89575 -0.65481,7.34323 -0.21853,2.44748 -0.29596,6.51719 -0.44433,9.77538 -0.14838,3.2582 -2.30717,6.70428 -3.46114,10.05602 -1.15398,3.35174 -1.40317,4.44336 -1.40317,4.44336 l -1.1693,3.88209 4.39589,-3.76661 7.03398,-5.54941 c 0,0 2.38027,-2.02628 3.57,-3.03981 1.18974,-1.01353 3.95845,-4.13669 5.93727,-6.20543 1.97883,-2.06874 3.53273,-3.46554 5.29869,-5.19871 1.76597,-1.73317 7.39844,-6.29818 11.09726,-9.44767 3.69882,-3.14948 3.03284,-1.78262 4.54887,-2.67433 1.51603,-0.89172 3.39943,-1.69932 5.09874,-2.54937 1.69932,-0.85006 1.05001,-0.49962 1.57461,-0.74982 0.52461,-0.2502 6.08209,-1.91593 9.12274,-2.87429 3.04065,-0.95836 6.49866,-1.73264 9.74759,-2.59936 3.24894,-0.86671 3.39943,-0.49961 5.09874,-0.74981 1.69932,-0.2502 3.45384,-0.49477 5.18036,-0.74256 1.72651,-0.24778 1.79115,-0.37676 2.68634,-0.56554 0.89518,-0.18878 1.43769,-0.11756 2.15614,-0.17673 0.71845,-0.0592 2.4274,-0.32964 3.6407,-0.49486 1.2133,-0.16521 2.47452,-0.6831 3.71139,-1.02505 1.23687,-0.34195 1.79116,-0.32964 2.68634,-0.494851 0.89519,-0.165215 1.6969,-0.824489 2.54496,-1.237131 0.84805,-0.412641 4.43037,-2.521126 6.64516,-3.782085 2.21479,-1.26096 1.33165,-0.800925 1.99708,-1.201785 0.66543,-0.400859 0.64829,-0.353201 0.97203,-0.530199 0.32375,-0.176997 0.27126,-0.176468 0.40649,-0.265099 0.13523,-0.08863 0.071,-0.223597 0.10604,-0.335793 0.0351,-0.112195 -0.37677,-0.718449 -0.56555,-1.078071 -0.18878,-0.359622 -0.63597,-1.272213 -0.95436,-1.908716 -0.31838,-0.636504 -1.10726,-1.366471 -1.66129,-2.050103 -0.55402,-0.683632 -1.31383,-1.154448 -1.97115,-1.732069 -0.65731,-0.577621 -0.5246,-0.716225 -0.7873,-1.074734 -0.2627,-0.358509 -0.083,-1.016151 -0.12497,-1.524623 -0.0419,-0.508472 0.0836,-2.149204 0.12497,-3.224202 0.0414,-1.074999 -0.0997,-1.649328 -0.14997,-2.474388 -0.0503,-0.825061 -0.44962,-1.216102 -0.67483,-1.824549 -0.22521,-0.608448 -0.79954,-0.966163 -1.1997,-1.449642 -0.40017,-0.483478 -0.34965,-0.03306 -0.52487,-0.04999 -0.17522,-0.01693 -1.18278,-0.03306 -1.77456,-0.04999 -0.59179,-0.01693 -0.44963,-0.316324 -0.67484,-0.474882 -0.22521,-0.158559 -0.53293,-1.349402 -0.7998,-2.0245 -0.26687,-0.675097 -0.74955,-1.616002 -1.12472,-2.4244 -0.37517,-0.808398 -0.83286,-1.632665 -1.24969,-2.449394 -0.41683,-0.81673 2.6e-4,-1.132789 0,-1.69958 -2.7e-4,-0.566791 0.10074,-0.803257 0.15072,-1.205282 0.05,-0.402025 -0.32964,-0.223597 -0.49485,-0.335792 -0.16522,-0.112196 -0.93053,-0.706668 -1.39619,-1.060398 -0.46566,-0.353731 -0.094,-0.282509 -0.14139,-0.42416 -0.0474,-0.141651 0.23591,-0.447459 0.35347,-0.671585 0.11756,-0.224126 0.95244,-0.500857 1.42826,-0.751683 0.47583,-0.250825 0.16689,-0.62458 0.24994,-0.937268 0.083,-0.312687 -0.27467,-1.191107 -0.4124,-1.787058 -0.13773,-0.59595 -0.5496,-0.183023 -0.82479,-0.274932 -0.2752,-0.09191 -0.53294,-0.04972 -0.79981,-0.07498 -0.26686,-0.02526 -0.56626,-0.124705 -0.84979,-0.187454 -0.28352,-0.06275 -0.22495,-0.358068 -0.33782,-0.537498 -0.11288,-0.179431 -0.63009,-0.594737 -0.94553,-0.892502 -0.31543,-0.297765 -0.87161,-0.205924 -1.30782,-0.309282 -0.43621,-0.103359 -0.85984,0.02972 -1.29015,0.04418 -0.43032,0.01446 -0.58296,0.294819 -0.87483,0.441832 -0.29187,0.147013 -0.51815,-0.09988 -0.77762,-0.150223 -0.25948,-0.05034 -0.74791,-0.488696 -1.12226,-0.733442 -0.37435,-0.244745 -0.62419,-1.130826 -0.93668,-1.696636 -0.3125,-0.565811 -0.51816,-0.471024 -0.77763,-0.706932 -0.25947,-0.235909 -0.50637,-0.270726 -0.75995,-0.406486 -0.25358,-0.13576 -0.62419,0.08274 -0.93669,0.123713 -0.31249,0.04097 -0.80092,0.436206 -1.20178,0.653912 -0.40086,0.217706 -0.18825,0.636503 -0.28277,0.954358 -0.0945,0.317855 0.0474,0.542246 0.0707,0.812972 0.0233,0.270726 -0.18825,0.200562 -0.28278,0.300446 -0.0945,0.09988 -0.25894,0.03561 -0.38881,0.05302 -0.12987,0.01741 -1.14261,-0.09399 -1.71431,-0.141387 -0.5717,-0.04739 -0.91874,-0.164686 -1.37852,-0.247426 -0.45977,-0.08274 -0.69488,-0.129339 -1.04272,-0.194406 -0.34784,-0.06507 -0.27073,0.377295 -0.40649,0.565545 -0.13576,0.188251 -0.30059,-0.313491 -0.45129,-0.470633 -0.15069,-0.157143 -0.33298,-0.258005 -0.49987,-0.387405 -0.16689,-0.129399 -0.61625,-0.249673 -0.92478,-0.374907 -0.30852,-0.125234 -0.78287,-0.03306 -1.17471,-0.04999 -0.39183,-0.01693 -0.74121,2.65e-4 -1.11222,0 -0.37101,-2.64e-4 -0.63291,0.0086 -0.94977,0.0125 -0.31685,0.0039 -0.19135,-0.307992 -0.28742,-0.462385 -0.0961,-0.154393 -0.94762,-0.835713 -1.42183,-1.253966 -0.47421,-0.418253 -0.96587,-0.353201 -1.44921,-0.530199 -0.48333,-0.176997 -0.70667,-0.50637 -1.0604,-0.759952 -0.35373,-0.253582 -0.32963,-0.129339 -0.49485,-0.194406 -0.16522,-0.06507 -0.28251,0.212344 -0.42416,0.318119 -0.14165,0.105776 -0.16469,0.271255 -0.24743,0.406486 -0.0827,0.135231 -0.0233,-0.471023 -0.0353,-0.706932 -0.012,-0.235908 0.2477,-0.694885 0.37114,-1.042724 0.12345,-0.34784 0.35373,-0.482806 0.5302,-0.724606 0.17647,-0.241799 0.51868,-0.694885 0.77763,-1.042724 0.25894,-0.34784 -0.0233,-0.694885 -0.0353,-1.042725 -0.012,-0.347839 0.0297,-0.435677 0.0442,-0.653912 0.0145,-0.218235 -0.37677,-0.04686 -0.56555,-0.07069 -0.18878,-0.02383 -0.60063,0.365513 -0.90134,0.547872 -0.30071,0.18236 -0.78914,0.01794 -1.18411,0.02651 -0.39497,0.0086 -0.0115,-0.665429 -0.0177,-0.998541 -0.006,-0.333112 -0.25894,-0.447459 -0.38881,-0.671586 -0.12987,-0.224126 -0.73822,-0.193984 -1.10772,-0.291373 -0.3695,-0.09739 -0.34965,0.450153 -0.52487,0.674833 -0.17522,0.22468 -0.34965,0.550129 -0.52487,0.824796 -0.17522,0.274667 -0.39964,0.150227 -0.59985,0.224944 -0.20022,0.07472 -0.34965,-0.0164 -0.52487,-0.02499 -0.17522,-0.0086 -0.5496,0.200215 -0.8248,0.299925 -0.27519,0.09971 -0.4163,0.08358 -0.62484,0.124969 -0.20855,0.04139 -0.49962,2.65e-4 -0.74982,0 -0.2502,-2.64e-4 -0.89951,-0.16636 -1.34966,-0.249938 -0.45016,-0.08358 -0.0331,-0.432961 -0.05,-0.649839 -0.0169,-0.216878 -0.76622,-0.799538 -1.14972,-1.199703 -0.3835,-0.400166 -0.89951,-0.09971 -1.34967,-0.149963 -0.45015,-0.05025 -0.16636,0.566791 -0.24994,0.84979 -0.0836,0.282998 -0.49961,0.43349 -0.74981,0.649839 -0.2502,0.216348 -0.36631,0.600116 -0.54986,0.899777 -0.18356,0.299662 -0.33299,0.366841 -0.49988,0.549864 -0.16689,0.183024 0.0669,0.233541 0.1,0.349914 0.0331,0.116373 0.40017,0.36684 0.59985,0.549864 0.19969,0.183023 2.7e-4,0.266865 0,0.399901 -2.6e-4,0.133036 -0.56626,-0.266336 -0.84979,-0.399901 -0.28353,-0.133565 -1.33274,-0.666237 -1.9995,-0.999753 -0.66677,-0.333515 -1.13279,-0.199686 -1.69958,-0.299926 -0.56679,-0.10024 -1.09947,0.266866 -1.64959,0.399901 -0.55013,0.133036 -0.49962,0.16689 -0.74982,0.249938 -0.2502,0.08305 -0.29966,-0.233011 -0.44989,-0.349913 -0.15023,-0.116902 -0.49961,-0.299661 -0.74981,-0.449889 -0.25021,-0.150227 -0.36631,0.03359 -0.54987,0.04999 -0.18355,0.0164 -0.59958,-0.566262 -0.89977,-0.84979 -0.30019,-0.283528 -0.49962,-0.332986 -0.74982,-0.499876 -0.2502,-0.16689 -0.69956,-0.166361 -1.04974,-0.249938 -0.35018,-0.08358 -1.06614,2.64e-4 -1.5996,0 -0.53347,-2.65e-4 -0.61209,-0.07472 -0.91853,-0.112473 -0.30644,-0.03776 -0.33715,-0.108041 -0.50612,-0.162459 -0.2709,-0.07195 -0.54843,-0.05369 -0.82426,-0.03697 z"
       style="fill:#ff161f;fill-opacity:1;stroke:#ffffff;stroke-width:0.52916667;stroke-linecap:butt;stroke-linejoin:miter;stroke-opacity:1;stroke-miterlimit:4;stroke-dasharray:none" />
    <path
       style="fill:#ff161f;fill-opacity:1;stroke:#ffffff;stroke-width:0.52916667;stroke-linecap:butt;stroke-linejoin:miter;stroke-opacity:1;stroke-miterlimit:4;stroke-dasharray:none"
       d="m 182.89324,40.415104 c 0.0438,-0.788502 -0.008,-1.356177 -0.16536,-1.984375 -0.22993,-0.919717 -1.85687,-1.130851 -2.24896,-1.653646 -0.66821,-0.890945 -0.14662,-2.386098 -1.09141,-3.141927 -0.44806,-0.358449 -2.68218,0.01998 -2.74505,-0.23151 -0.1245,-0.498023 -0.49417,-0.930643 -0.66146,-1.488281 -0.35439,-1.181315 0.4337,-2.741307 -0.56224,-3.73724 -0.19164,-0.191644 -0.53008,-0.199537 -0.69453,-0.396875 -0.62475,-0.749708 -1.37938,-1.261034 -2.44739,-1.091406 -1.80357,-0.450891 -1.51157,-2.427823 -2.24896,-3.902604 -0.66319,-1.326373 -2.49988,-2.201689 -2.84427,-2.976563 -0.53147,-1.195794 -0.34745,-3.737611 -0.76068,-4.564062 -0.19469,-0.389371 -0.52972,-0.728714 -0.7276,-1.12448 -0.52458,-1.049156 -3.52863,0.362538 -4.56407,-1.190625 -0.39295,-0.589427 -1.24305,-3.341597 -0.92604,-4.134114 0.18327,-0.458184 1.28796,-1.525127 0.99219,-2.116667 -0.373,-0.745998 -2.25439,-1.022548 -2.97656,-0.661458 -0.8588,0.4294 -1.45181,0.955892 -2.48496,0.978112 -0.21699,0.18599 -1.73303,0.712049 -2.03459,0.561266 -0.48784,-0.24392 -0.96771,-0.933103 -1.1335,-1.513346 -0.37623,-1.316837 1.05456,-1.358833 -0.5028,-2.397074 -0.19967,-0.133117 -0.42218,-0.467964 -0.65481,-0.514494 -0.88371,-0.176741 -1.58163,1.018319 -2.38538,1.286235 -0.21516,0.07172 -1.72721,0.105445 -2.45554,0 -0.98803,-0.143044 -1.49219,-0.521563 -2.2935,-0.721888 -0.59937,-0.149844 -0.96059,-0.252344 -1.5652,-0.494189 -0.74736,-0.298942 -4.00618,0.372766 -4.86731,0.487583 -1.11759,0.178881 -3.41875,0.06721 -4.47015,0.187981 -0.99391,0.114166 -0.74084,0.44482 -1.70008,1.128641 0.31687,0.171863 0.5865,0.537262 0.97237,1.292792 1.20941,2.03736 2.32687,4.177152 3.46793,6.2032 1.14106,2.026048 1.23471,1.587147 3.42238,6.07735 2.18767,4.490202 5.68699,11.051891 6.56222,13.469814 0.87523,2.417924 2.00294,5.710016 2.62489,7.252977 0.1954,0.484772 0.43505,1.001854 0.67722,1.520768 l 1.82306,-0.507391 c 0,0 1.86526,-0.07805 2.79749,-0.117478 0.93223,-0.03942 1.09167,0.220751 1.63711,0.330729 0.54543,0.109979 1.10269,1.025525 1.65364,1.537891 0.55095,0.512366 0.82709,1.014501 1.24024,1.521354 0.41314,0.506854 0.89323,1.058598 1.33945,1.5875 0.44622,0.528902 1.31542,1.312758 1.97274,1.968741 0.65732,0.655982 1.68406,1.122796 2.5257,1.683798 0.84163,0.561001 2.15178,0.99807 3.22728,1.496709 1.07549,0.498638 2.05824,0.312079 3.08696,0.467722 1.02872,0.155642 1.83997,-0.31155 2.75956,-0.467722 0.91959,-0.156172 1.87115,-0.872816 2.80633,-1.309621 0.93518,-0.436805 2.27651,-1.153449 3.41437,-1.73057 1.13785,-0.577121 1.37224,-1.059904 2.05797,-1.590254 0.68573,-0.530349 0.67961,-1.944128 1.01901,-2.916589 0.33941,-0.972461 0.13229,-2.364714 0.13229,-2.364714 z"
       id="Vieille-Case"
       sodipodi:nodetypes="cssssccscssssssssc" />
    <path
       style="fill:#ff161f;fill-opacity:1;stroke:#ffffff;stroke-width:0.52916667;stroke-linecap:butt;stroke-linejoin:miter;stroke-opacity:1;stroke-miterlimit:4;stroke-dasharray:none"
       d="m 151.55493,52.653163 -0.44899,-5.077084 c 0,0 -0.34512,-2.428907 -0.51807,-3.643757 -0.11862,-0.833165 -0.65922,-1.974608 -1.18783,-3.107323 0.62312,-0.179816 1.82306,-0.507391 1.82306,-0.507391 0,0 1.86526,-0.07805 2.79749,-0.117478 0.93223,-0.03942 1.09167,0.220751 1.63711,0.330729 0.54543,0.109979 1.10269,1.025525 1.65364,1.537891 0.55095,0.512366 0.82709,1.014501 1.24024,1.521354 0.41314,0.506854 0.89323,1.058598 1.33945,1.5875 0.44622,0.528902 1.31542,1.312758 1.97274,1.968741 0.65732,0.655982 1.68406,1.122796 2.5257,1.683798 0.84163,0.561001 2.15178,0.99807 3.22728,1.496709 1.07549,0.498638 2.05824,0.312079 3.08696,0.467722 1.02872,0.155642 1.83997,-0.31155 2.75956,-0.467722 0.91959,-0.156172 1.87115,-0.872816 2.80633,-1.309621 0.93518,-0.436805 2.27651,-1.153449 3.41437,-1.73057 1.13785,-0.577121 1.37224,-1.059904 2.05797,-1.590254 0.68573,-0.530349 0.67961,-1.944128 1.01901,-2.916589 0.33941,-0.972461 0.13229,-2.364714 0.13229,-2.364714 2.49645,-0.122065 3.80843,1.813169 4.67184,3.971683 0.31463,0.786584 0.3145,2.445699 1.333,2.853102 2.16547,0.866186 3.09874,-0.889833 4.98124,-0.701583 0.80131,0.08013 1.19288,1.286617 1.49671,1.894273 0.3303,0.104257 0.50699,0.373707 0.82906,0.465728 1.34257,0.383592 0.96943,-2.781562 2.19935,-3.191536 0.64831,-0.216103 0.76896,1.161693 1.15755,1.355989 0.56862,0.28431 0.92515,-0.36591 1.43867,-0.51263 0.24413,-0.06975 0.51868,-0.03558 0.79375,-0.06615 0.69964,-0.07774 0.76674,2.173263 1.27331,1.835547 0.0987,-0.06582 0.21846,-0.452578 0.28112,-0.562239 0.1602,-0.280352 0.47087,-0.503656 0.64492,-0.79375 0.30926,-0.515424 0.96049,-2.635722 1.32292,-2.877344 0.43359,-0.289061 0.61166,-0.09104 0.95911,0.08268 0.50003,-0.03185 0.94082,0.18437 1.42214,0.264589 0.44596,0.07433 0.85965,0.301277 1.28984,0.396875 0.87327,0.194059 1.57227,-0.182334 2.31511,-0.429947 0.74058,-0.246862 0.31385,-1.699037 1.71979,-2.050521 0.22321,-0.0558 0.65361,-0.127946 0.87643,-0.01654 0.2782,0.139101 0.77842,0.338242 0.94258,0.611849 0.41151,0.685855 0.8021,2.114621 1.67018,2.331641 0.86808,0.21702 0.20973,1.345232 0.31419,2.017451 0.10447,0.672219 -0.0879,3.704431 -0.13229,5.55625 -0.0444,1.851818 -0.4848,2.602 -0.7276,3.902604 -0.2428,1.300603 -0.79349,5.732903 -1.19063,8.598958 -0.39714,2.866055 -0.35251,1.455473 -0.52916,2.182813 -0.17666,0.727339 -3.58412,6.800562 -5.37657,10.200446 -1.79246,3.399884 -2.93079,3.211953 -4.39658,4.817533 -1.4658,1.60558 -3.27379,3.679675 -4.91108,5.519116 -1.63729,1.839441 -1.99535,3.554949 -2.99342,5.332027 -0.99807,1.777078 -1.84068,4.053141 -2.76142,6.079315 -0.92073,2.026177 -1.63552,4.990007 -2.45368,7.484617 -0.81816,2.4946 -1.02872,4.24094 -1.54348,6.36101 -0.51476,2.12007 -0.43628,4.89575 -0.65481,7.34323 -0.21853,2.44748 -0.29596,6.51719 -0.44434,9.77538 -0.14837,3.2582 -2.30716,6.70428 -3.46114,10.05602 -1.15397,3.35174 -1.40316,4.44336 -1.40316,4.44336 l -1.16931,3.88209 -2.52569,-8.98026 -5.19595,-21.58003 -6.28385,-21.298959 -8.33438,-23.614062 -4.69635,-10.583333 z"
       id="Paix-Bouche"
       sodipodi:nodetypes="ccsccsssssssssssssscsssc" />
    <path
       sodipodi:nodetypes="cccccsssssssccccccssssssssscssssssscssssssscssccsssc"
       id="Portsmouth"
       d="m 117.69043,66.485627 4.20927,-1.718362 c 0,0 1.75865,-0.911492 2.63758,-1.367635 0.87893,-0.456143 2.1494,-1.530183 3.22371,-2.295672 1.0743,-0.765489 2.36106,-1.171994 3.54119,-1.758387 1.18014,-0.586394 3.53332,-1.774404 5.29959,-2.662003 1.76626,-0.887599 3.40307,-1.220838 5.1042,-1.831653 1.70114,-0.610816 2.44471,-0.60212 3.66666,-0.903577 1.22196,-0.301457 2.92448,-0.529318 4.38633,-0.794374 1.46184,-0.265056 1.79597,-0.500801 1.79597,-0.500801 l 4.08623,10.119233 4.69635,10.583333 8.33438,23.614062 6.28385,21.298959 5.19595,21.58003 2.52569,8.98026 -2.93285,-1.85962 -11.80478,-9.8398 c 0,0 -2.41739,-1.74045 -3.62648,-2.61107 -1.2091,-0.87062 -5.28635,-3.25552 -7.92993,-4.88367 -2.64357,-1.62816 -10.50849,-6.89812 -15.76313,-10.34758 -5.25465,-3.44946 -7.70313,-3.82603 -11.55509,-5.73945 -3.85196,-1.91341 -8.29672,-1.9828 -12.44547,-2.9746 -0.44403,-0.10615 -2.15167,0.20079 -2.63336,0.22143 -0.88505,0.0379 -2.63556,0.13866 -3.19066,0.15813 -1.96555,0.0689 -0.47697,0.0144 -2.38179,0.1333 -2.73554,0.17069 -2.09678,0.79805 -3.14557,1.19668 -1.04879,0.39863 -2.11957,0.95761 -3.17975,1.43602 -0.91933,-0.66025 -1.68444,-1.77027 -2.222405,-2.66689 -0.41808,-0.6968 -1.34841,-1.29006 -1.98241,-2.06908 -0.53025,-0.65154 -0.41688,-1.36721 -0.49211,-2.17259 -0.0639,-0.68384 -0.0478,-1.45425 0.47435,-2.2375 0.30743,-0.46113 0.2169,-0.51945 0.93482,-0.80412 0.35058,-0.13902 0.85528,0.0501 1.401735,-0.13129 0.38329,-0.12724 0.66799,-0.70584 0.68934,-0.79123 0.16313,-0.65252 0.40552,-1.39272 0.47867,-2.05145 0.002,-0.4609 0.1168,-1.661115 0.32208,-2.046027 0.62742,-1.1764 0.18439,-0.565141 1.41762,-1.462033 0.17872,-0.129976 0.42142,-0.341687 0.65277,-0.374737 0.56594,-0.08085 1.39378,0.451499 1.78908,0.253854 0.92026,-0.460133 1.26132,-1.705683 1.88577,-2.151716 0.58009,-0.41435 1.26668,0.178951 1.93413,0.01209 0.24687,-0.06172 0.45494,-0.512631 0.6165,-0.701121 0.17441,-0.203475 0.43934,-0.306909 0.65277,-0.459356 0.21343,-0.152446 1.72486,-1.52286 2.58689,-2.284687 0.86204,-0.761827 1.59592,-3.529518 2.39349,-5.294674 0.79756,-1.765155 0.70112,-2.393482 0.70112,-2.393482 l 0.0725,-0.822004 c 0.64301,-1.128784 1.76709,-2.123138 2.12754,-3.384723 0.20716,-0.725045 0.1538,-1.438747 0.45936,-2.151716 0.32087,-0.748712 1.13341,-1.359415 1.32971,-2.079187 0.33533,-1.229543 0.22655,-2.861896 -0.44488,-4.056217 -0.67142,-1.194321 -1.45077,-3.275265 -2.17656,-4.913295 z"
       style="fill:#ff161f;fill-opacity:1;stroke:#ffffff;stroke-width:0.52916667;stroke-linecap:butt;stroke-linejoin:miter;stroke-opacity:1;stroke-miterlimit:4;stroke-dasharray:none" />
    <path
       style="fill:#0f52ba;fill-opacity:1;stroke:#ffffff;stroke-width:0.52916667;stroke-linecap:butt;stroke-linejoin:miter;stroke-opacity:1;stroke-miterlimit:4;stroke-dasharray:none"
       d="m 182.67739,148.82904 4.39589,-3.76661 7.03398,-5.54941 c 0,0 2.38027,-2.02628 3.57,-3.03981 1.18974,-1.01353 3.95845,-4.13669 5.93727,-6.20543 1.97883,-2.06874 3.53273,-3.46554 5.29869,-5.19871 1.76597,-1.73317 7.39844,-6.29818 11.09726,-9.44767 3.69882,-3.14948 3.03284,-1.78262 4.54887,-2.67433 1.51603,-0.89172 3.39943,-1.69932 5.09874,-2.54937 1.69932,-0.85006 1.05001,-0.49962 1.57461,-0.74982 0.52461,-0.2502 6.08209,-1.91593 9.12274,-2.87429 3.04065,-0.95836 6.49866,-1.73264 9.74759,-2.59936 3.24894,-0.86671 3.39943,-0.49961 5.09874,-0.74981 1.69932,-0.2502 3.45384,-0.49477 5.18036,-0.74256 1.72651,-0.24778 1.79115,-0.37676 2.68634,-0.56554 0.89518,-0.18878 1.43769,-0.11756 2.15614,-0.17673 0.71845,-0.0592 2.4274,-0.32964 3.6407,-0.49486 1.2133,-0.16521 2.47452,-0.6831 3.71139,-1.02505 1.23687,-0.34195 1.79116,-0.32964 2.68634,-0.494851 0.89519,-0.165215 1.6969,-0.824489 2.54496,-1.237131 0.84805,-0.412641 4.43037,-2.521126 6.64516,-3.782085 2.21479,-1.26096 1.33165,-0.800925 1.99708,-1.201785 0.66543,-0.400859 0.64829,-0.353201 0.97203,-0.530199 0.32375,-0.176997 0.27126,-0.176468 0.40649,-0.265099 l 0.53903,0.291609 0.10604,0.927848 c 0,0 0.53636,0.789672 0.80414,1.184111 0.26778,0.394439 0.62472,0.88393 0.93668,1.325498 0.31197,0.441568 1.09601,1.26096 1.64362,1.891043 0.54761,0.630083 0.55403,0.518681 0.83064,0.777625 0.27662,0.258944 0.75433,-0.0233 1.13109,-0.03535 0.37677,-0.01205 0.61294,-0.388548 0.91902,-0.583219 0.30607,-0.194671 0.81323,-0.01152 1.21945,-0.01767 0.40623,-0.0062 0.66007,0.660068 0.98971,0.989705 0.32964,0.329637 0.47155,0.40086 0.70693,0.60089 0.23538,0.20003 0.48334,-0.16468 0.72461,-0.24742 0.24127,-0.08274 0.34109,-0.199978 0.51125,-0.300362 0.17015,-0.100384 0.56679,0.200215 0.84979,0.299922 0.28299,0.0997 0.82506,0.7001 1.23719,1.04974 0.41213,0.34965 0.6501,0.23354 0.97476,0.34992 0.32465,0.11637 0.3835,-0.39131 0.57486,-0.58736 0.19135,-0.19605 0.53346,-0.74955 0.7998,-1.124719 0.26634,-0.375172 0.42516,-0.241342 0.63734,-0.36241 0.21218,-0.121068 0.47515,0.325184 0.71233,0.487379 0.23717,0.162196 0.60011,0.62511 0.89977,0.93727 0.29966,0.31216 0.15023,0.50014 0.22495,0.74981 0.0747,0.24968 0.62511,0.69176 0.93727,1.03725 0.31215,0.34548 1.21393,0.84247 1.82051,1.26331 0.60657,0.42085 0.44798,0.49512 0.67158,0.74228 0.2236,0.24716 -0.10577,0.80146 -0.15906,1.20179 -0.0533,0.40033 -0.3532,0.77789 -0.5302,1.16644 -0.17699,0.38854 -0.0587,1.03709 -0.0884,1.55525 -0.0297,0.51815 0.28304,0.89571 0.42416,1.34317 0.14112,0.44746 0.0474,0.77789 0.0707,1.16643 0.0233,0.38855 -0.47102,1.31988 -0.70693,1.97941 -0.23591,0.65954 -0.63597,0.98997 -0.95436,1.48456 -0.31838,0.49459 -0.63597,1.48482 -0.95436,2.22684 -0.31838,0.74201 -0.0469,1.39056 -0.0707,2.08545 -0.0238,0.69488 0.0683,0.90408 0.10211,1.35572 0.0338,0.45165 0.2752,0.81673 0.4124,1.2247 0.1372,0.40797 0.32519,0.98335 0.48738,1.47463 0.1622,0.49128 0.45016,0.35851 0.67484,0.53737 0.22468,0.17886 0.42515,0.0586 0.63734,0.0875 l -0.49988,0.99975 c 0,0 -1.3244,2.09975 -1.987,3.14922 -0.66261,1.04948 -0.84953,3.26613 -1.27469,4.89879 -0.42516,1.63267 0.0169,2.59962 0.025,3.89904 0.008,1.29941 0.58346,2.59962 0.87479,3.89903 0.29133,1.29942 0.45015,1.19997 0.67483,1.79956 0.22468,0.59958 0.22186,1.98198 0.3324,2.97257 0.11054,0.9906 -0.21182,1.7676 -0.31812,2.651 -0.1063,0.8834 -0.21181,1.86185 -0.31812,2.79238 -0.1063,0.93053 -0.82449,2.45096 -1.23713,3.67604 -0.41264,1.22509 -0.23538,1.62621 -0.35347,2.43892 -0.11808,0.81271 -0.32963,1.27274 -0.49485,1.90872 -0.16521,0.63597 -2.00271,2.00323 -3.00446,3.00446 -1.00175,1.00122 -2.09697,1.95611 -3.14585,2.93376 -1.04888,0.97766 -3.00452,2.06083 -4.50717,3.09085 -1.50266,1.03001 -1.7993,1.53322 -2.69934,2.29943 -0.90004,0.76621 -2.71243,1.7323 -4.06905,2.59806 -1.35662,0.86575 -2.94529,2.45096 -4.41833,3.67604 -1.47303,1.22509 -2.47399,2.0975 -3.71139,3.14585 -1.23739,1.04835 -0.87162,1.29631 -1.30782,1.94406 -0.43621,0.64776 -1.29279,2.5051 -1.93959,3.75725 -0.64679,1.25215 -4.96127,10.11 -4.96127,10.11 l -0.11247,-4.68634 -0.19737,-4.47981 c 0,0 -1.64925,-1.83776 -2.47427,-2.75704 -0.82502,-0.91927 -2.82746,-1.7435 -4.24159,-2.61564 -1.41413,-0.87215 -3.67578,-1.69638 -5.51407,-2.54496 -1.83828,-0.84858 -3.95855,-2.35617 -5.93823,-3.53466 -2.10425,-1.12491 -4.1118,-1.48548 -5.49765,-2.90197 -0.6365,-0.63651 -1.28863,-1.00945 -1.99582,-1.33962 -0.7072,-0.33017 -2.54469,-0.42389 -3.81744,-0.63624 -1.27274,-0.21234 -2.89316,-0.18963 -4.34015,-0.28485 -1.44698,-0.0952 -2.29916,-0.49961 -3.44914,-0.74981 -1.14998,-0.2502 -3.69882,-0.53294 -5.54863,-0.7998 -1.84981,-0.26687 -3.69882,-0.69956 -5.54863,-1.04974 -1.8498,-0.35018 -6.0649,-1.46604 -9.09775,-2.19946 -3.03285,-0.73342 -5.96492,-2.13254 -8.94778,-3.19921 -2.98286,-1.06666 -6.34197,-2.39546 -9.51334,-3.59359 -3.17138,-1.19812 -3.32232,-1.20152 -4.98387,-1.80267 -1.66156,-0.60116 -2.16766,-0.87162 -3.25189,-1.30783 -1.08423,-0.4362 -1.48429,-1.6728 -2.22684,-2.5096 -0.79153,-1.0221 -0.71324,-1.95893 -0.86123,-3.26737 z"
       id="Marigot"
       sodipodi:nodetypes="cccsssssssssssssssssssscccssssssssssssssssssssssssssssssssssssccsssssssssssssssssssscccsssccssssssssssscc" />
    <path
       style="fill:#ff161f;fill-opacity:1;stroke:#ffffff;stroke-width:0.52916667;stroke-linecap:butt;stroke-linejoin:miter;stroke-opacity:1;stroke-miterlimit:4;stroke-dasharray:none"
       d="m 182.67738,148.82904 -2.93285,-1.85962 -11.80478,-9.8398 c 0,0 -2.41739,-1.74045 -3.62648,-2.61107 -1.2091,-0.87062 -5.28635,-3.25552 -7.92993,-4.88367 -2.64357,-1.62816 -10.50849,-6.89812 -15.76313,-10.34758 -5.25465,-3.44946 -7.70313,-3.82603 -11.55509,-5.73945 -3.85196,-1.91341 -8.29672,-1.9828 -12.44547,-2.9746 -0.44403,-0.10615 -2.15167,0.20079 -2.63336,0.22143 -0.88505,0.0379 -2.63556,0.13866 -3.19066,0.15813 -1.96555,0.0689 -0.47697,0.0144 -2.38179,0.1333 -2.73554,0.17069 -2.09678,0.79805 -3.14557,1.19668 -1.04879,0.39863 -2.11957,0.95761 -3.17975,1.43602 l 1.01891,1.81154 c 0,0 -0.14112,1.72047 -0.21208,2.5803 -0.071,0.85984 0.12986,1.67334 0.1944,2.50961 0.0645,0.83627 0.62472,0.89571 0.93669,1.34317 0.31196,0.44746 0.66006,1.35522 0.9897,2.03243 0.32965,0.67721 0.78968,2.88691 1.18412,4.32996 0.39444,1.44305 0.0592,0.41264 0.0884,0.61856 0.0292,0.20593 0.38908,0.49512 0.58322,0.74228 0.19414,0.24717 0.93106,1.34344 1.39619,2.01476 0.46513,0.67132 1.31332,2.41034 1.96958,3.61511 0.65626,1.20477 0.60012,2.19972 0.89978,3.29919 0.29966,1.09946 -0.69957,2.03309 -1.04974,3.04924 -0.35018,1.01615 -1.19944,2.76625 -1.79956,4.14898 -0.60012,1.38272 -0.0997,2.49964 -0.14996,3.74907 -0.0503,1.24942 0.54637,1.47712 0.81916,2.21528 0.27279,0.73816 1.20205,1.90898 1.80267,2.86307 0.60063,0.9541 0.63651,1.14314 0.95436,1.71431 0.31786,0.57117 -0.0233,0.94284 -0.0354,1.41386 -0.0121,0.47103 0.34195,0.58938 0.51253,0.88367 0.17058,0.29429 0.40086,0.14165 0.60089,0.21208 0.20003,0.0704 1.0371,0.8368 1.55525,1.2548 0.51815,0.41801 0.24769,0.31839 0.37114,0.47718 0.12345,0.1588 0.22413,1.37878 0.33579,2.06778 0.11167,0.68899 0.96641,1.47304 1.44922,2.20916 0.4828,0.73612 1.39056,0.67185 2.08545,1.00738 0.69488,0.33553 0.37729,0.42442 0.56554,0.63624 0.18825,0.21181 -0.096,1.12731 -0.14434,1.69058 -0.0484,0.56326 -0.33299,0.3835 -0.49988,0.57485 -0.16689,0.19136 0.15023,1.00002 0.22495,1.49963 0.0747,0.49962 0.56679,1.13332 0.84979,1.69958 0.283,0.56627 0.0836,1.28328 0.12497,1.92453 0.0414,0.64124 0.0169,1.4499 0.025,2.17446 0.008,0.72456 0.2502,1.06667 0.3749,1.5996 0.12471,0.53294 0.38351,0.46682 0.57486,0.69983 0.19136,0.23301 0.48348,0.0503 0.72483,0.075 0.24134,0.0247 0.56679,0.0836 0.84979,0.12497 0.28299,0.0414 0.75007,0.43349 1.12472,0.64984 0.37464,0.21635 0.20021,0.6501 0.29992,0.97476 0.0997,0.32465 2.7e-4,0.68343 0,1.02475 -2.6e-4,0.34131 0.16689,0.43349 0.24994,0.64983 0.0831,0.21635 0.21688,0.11691 0.32492,0.17496 0.10804,0.0581 0.31685,0.10024 0.47488,0.14996 0.15803,0.0497 0.30019,0.26687 0.44989,0.39991 0.1497,0.13303 0.45016,-0.0164 0.67483,-0.025 0.22468,-0.009 1.98311,-0.86619 2.97427,-1.29968 0.99116,-0.4335 5.53061,-4.51575 8.29551,-6.77402 2.76491,-2.25827 3.91196,-3.51083 5.86754,-5.26664 1.95558,-1.75582 2.71017,-2.1441 4.06486,-3.21654 1.35469,-1.07245 1.55551,-2.16766 2.33287,-3.25189 0.77736,-1.08423 1.31987,-1.76707 1.97941,-2.65099 0.65954,-0.88393 1.60265,-3.11024 2.40357,-4.66575 0.80093,-1.55552 1.13136,-1.50786 1.69664,-2.26219 0.56528,-0.75432 2.45096,-1.27221 3.67604,-1.90871 1.22509,-0.63651 3.58206,-0.7538 5.37269,-1.13109 1.79063,-0.3773 4.52463,-0.4239 6.78654,-0.63624 2.26192,-0.21235 1.88542,-0.23538 2.82773,-0.35347 0.94231,-0.11809 1.64977,-0.28251 2.47426,-0.42416 0.82449,-0.14165 6.0667,0.0906 6.0667,0.0906 z"
       id="Colihaut"
       sodipodi:nodetypes="cccsssssssssc" />
    <path
       sodipodi:nodetypes="cccsssccssssssssssscccsssssssssssssscccccccccssssssssssssssssssssssssssssssssssssc"
       id="Salisbury"
       d="m 125.18395,182.60483 c 0.1497,0.13304 0.45016,-0.0164 0.67483,-0.025 0.22468,-0.009 1.98311,-0.86618 2.97427,-1.29967 0.99116,-0.4335 5.53061,-4.51575 8.29551,-6.77402 2.76491,-2.25827 3.91196,-3.51083 5.86754,-5.26664 1.95558,-1.75582 2.71017,-2.1441 4.06486,-3.21654 1.35469,-1.07245 1.55551,-2.16766 2.33287,-3.25189 0.77736,-1.08423 1.31987,-1.76707 1.97941,-2.65099 0.65954,-0.88393 1.60265,-3.11024 2.40357,-4.66576 0.80093,-1.55551 1.13136,-1.50785 1.69664,-2.26218 0.56528,-0.75432 2.45096,-1.27221 3.67604,-1.90871 1.22509,-0.63651 3.58206,-0.7538 5.37269,-1.1311 1.79063,-0.37729 4.52463,-0.42389 6.78654,-0.63623 2.26192,-0.21235 1.88542,-0.23538 2.82773,-0.35347 0.94231,-0.11809 1.64977,-0.28251 2.47426,-0.42416 0.82449,-0.14165 6.0667,0.0906 6.0667,0.0906 h -3e-5 c 0.148,1.30844 0.0697,2.24527 0.86124,3.26737 0.74255,0.8368 1.14261,2.0734 2.22684,2.5096 1.08423,0.43621 1.59033,0.70667 3.25189,1.30783 1.66155,0.60115 1.81249,0.60455 4.98387,1.80267 3.17137,1.19813 6.53048,2.52693 9.51334,3.59359 2.98286,1.06667 5.91493,2.46579 8.94778,3.19921 3.03285,0.73342 7.24795,1.84928 9.09775,2.19946 1.84981,0.35018 3.69882,0.78287 5.54863,1.04974 1.84981,0.26686 4.39865,0.5496 5.54863,0.7998 1.14998,0.2502 2.00216,0.6546 3.44914,0.74981 1.44699,0.0952 3.06741,0.0725 4.34015,0.28485 1.27275,0.21235 3.11024,0.30607 3.81744,0.63624 0.70719,0.33017 1.35932,0.70311 1.99582,1.33962 1.38585,1.41649 3.3934,1.77706 5.49765,2.90197 1.97968,1.17849 4.09995,2.68608 5.93823,3.53466 1.83829,0.84858 4.09994,1.67281 5.51407,2.54496 1.41413,0.87214 3.41657,1.69637 4.24159,2.61564 0.82502,0.91928 2.47427,2.75704 2.47427,2.75704 l 0.19737,4.47981 0.11247,4.68634 -3.19059,0.31557 -5.67313,0.0972 -16.11805,0.63624 -15.12834,0.21208 -7.04072,0.20104 -9.84757,0.075 -9.19772,0.1 -10.24747,0.19995 c 0,0 -1.86594,-0.0497 -2.79931,-0.075 -0.93336,-0.0253 -2.63242,-0.44962 -3.94902,-0.67483 -1.31661,-0.22521 -4.01541,-1.06614 -6.02351,-1.5996 -2.0081,-0.53347 -2.38248,-0.93284 -3.57412,-1.39966 -1.19163,-0.46681 -4.03207,-0.39963 -6.0485,-0.59985 -2.01643,-0.20021 -2.34916,0.31685 -3.52413,0.47488 -1.17497,0.15803 -2.33249,1.93312 -3.49913,2.89929 -1.16665,0.96616 -0.79954,2.09974 -1.19971,3.14922 -0.40016,1.04947 -0.83286,3.16614 -1.24969,4.74882 -0.41683,1.58268 -0.96616,3.26613 -1.44964,4.89879 -0.48348,1.63267 -1.49936,2.49965 -2.24944,3.74907 -0.75008,1.24943 -1.19944,2.39967 -1.79956,3.59911 -0.60011,1.19944 -1.19944,1.26662 -1.79955,1.89953 -0.60012,0.63292 -2.19919,1.33327 -3.29919,1.99951 -1.09999,0.66624 -0.84111,0.80254 -1.26206,1.20341 -0.42096,0.40088 -1.1544,0.61294 -1.73199,0.91901 -0.57759,0.30608 -0.73023,0.0945 -1.09574,0.14139 -0.36551,0.0469 -0.30607,-0.40033 -0.45951,-0.60089 -0.15343,-0.20056 -0.6831,-1.31934 -1.02505,-1.97941 -0.34195,-0.66007 -1.81419,-2.94529 -2.72169,-4.41833 -0.90749,-1.47303 -2.12053,-2.59181 -3.18119,-3.88812 -1.06066,-1.29631 -0.91875,-1.48429 -1.37852,-2.22684 -0.45977,-0.74254 -0.70667,-1.39003 -1.0604,-2.08545 -0.35373,-0.69541 -1.13082,-0.73023 -1.69663,-1.09574 -0.56581,-0.36551 -1.76707,-0.18825 -2.651,-0.28277 -0.88393,-0.0945 -1.06013,-0.51816 -1.59059,-0.77763 -0.53047,-0.25947 -0.87162,-0.54171 -1.30783,-0.81297 -0.4362,-0.27126 -1.29578,-1.31934 -1.94406,-1.97941 -0.64829,-0.66007 0.16521,-1.20152 0.24742,-1.80268 0.0822,-0.60115 1.01354,-1.46072 1.51991,-2.19148 0.50637,-0.73076 0.6365,-2.09697 0.95436,-3.14585 0.31785,-1.04888 -0.37677,-2.49756 -0.56555,-3.74674 -0.18878,-1.24918 -0.70667,-1.79063 -1.0604,-2.68634 -0.35373,-0.89571 -0.88887,-1.23968 -1.3337,-1.85992 -0.44484,-0.62024 -0.64958,-0.3913 -0.97476,-0.58736 -0.32519,-0.19604 -0.89118,-1.38272 -1.33717,-2.07448 -0.44599,-0.69176 -0.48736,-1.41215 -0.48736,-1.41216 z"
       style="fill:#0f52ba;fill-opacity:1;stroke:#ffffff;stroke-width:0.52916667;stroke-linecap:butt;stroke-linejoin:miter;stroke-opacity:1;stroke-miterlimit:4;stroke-dasharray:none" />
    <path
       sodipodi:nodetypes="ccsssssssssssssssssssscccssssssssccsssssssssssssssssssssssssssssssssssssssssssssssssssssssssssssssccc"
       id="Salybia"
       d="m 308.57607,123.44447 -0.49988,0.99975 c 0,0 -1.3244,2.09975 -1.987,3.14922 -0.66261,1.04948 -0.84953,3.26613 -1.27469,4.89879 -0.42516,1.63267 0.0169,2.59962 0.025,3.89904 0.008,1.29941 0.58346,2.59962 0.87479,3.89903 0.29133,1.29942 0.45015,1.19997 0.67483,1.79956 0.22468,0.59958 0.22186,1.98198 0.3324,2.97257 0.11054,0.9906 -0.21182,1.7676 -0.31812,2.651 -0.1063,0.8834 -0.21181,1.86185 -0.31812,2.79238 -0.1063,0.93053 -0.82449,2.45096 -1.23713,3.67604 -0.41264,1.22509 -0.23538,1.62621 -0.35347,2.43892 -0.11808,0.81271 -0.32963,1.27274 -0.49485,1.90872 -0.16521,0.63597 -2.00271,2.00323 -3.00446,3.00446 -1.00175,1.00122 -2.09697,1.95611 -3.14585,2.93376 -1.04888,0.97766 -3.00452,2.06083 -4.50717,3.09085 -1.50266,1.03001 -1.7993,1.53322 -2.69934,2.29943 -0.90004,0.76621 -2.71243,1.7323 -4.06905,2.59806 -1.35662,0.86575 -2.94529,2.45096 -4.41833,3.67604 -1.47303,1.22509 -2.47399,2.0975 -3.71139,3.14585 -1.23739,1.04835 -0.87162,1.29631 -1.30782,1.94406 -0.43621,0.64776 -1.29279,2.5051 -1.93959,3.75725 -0.64679,1.25215 -4.96127,10.11 -4.96127,10.11 l 6.83017,-1.31921 11.69972,-2.26218 c 0,0 5.74998,-1.03657 8.62457,-1.55525 2.87459,-0.51868 5.56146,-1.03657 8.3418,-1.55525 2.78033,-0.51868 4.4775,-0.91875 6.71585,-1.37852 2.23836,-0.45977 2.26245,-0.30607 3.39328,-0.4595 1.13082,-0.15344 3.93552,-0.68311 5.90288,-1.02505 1.96736,-0.34195 3.67631,-0.58885 5.51407,-0.88367 1.83776,-0.29482 2.41704,-0.36384 3.62517,-0.54615 1.20812,-0.18232 2.56629,0.0169 3.84905,0.025 1.28275,0.008 1.28328,-0.26634 1.92452,-0.39991 0.73029,-0.40718 0.0627,-1.42446 -0.17496,-2.02449 -0.14189,-0.37518 -0.16636,-1.29942 -0.24994,-1.94952 -0.0836,-0.65011 0.43349,-0.44963 0.64984,-0.67484 0.21635,-0.2252 0.56679,0.10024 0.84979,0.14997 0.283,0.0497 1.13332,-0.16636 1.69958,-0.24994 0.56626,-0.0836 0.50014,-0.9495 0.74982,-1.42465 0.24967,-0.47515 0.43349,-0.86619 0.64984,-1.29968 0.21635,-0.43349 -0.16636,-0.58292 -0.24994,-0.87478 -0.0836,-0.29186 -0.71623,0.40017 -1.07474,0.59985 -0.3585,0.19969 -0.86618,0.0836 -1.29967,0.12497 -0.43349,0.0414 -0.14137,-0.38297 -0.21245,-0.57486 -0.0711,-0.19188 -0.0831,-1.12445 -0.12497,-1.68708 -0.0419,-0.56263 0.0836,-1.20777 0.12497,-1.81205 0.0414,-0.60428 0.15023,-2.23252 0.22494,-3.34917 0.0747,-1.11666 -0.20801,-0.71623 -0.31242,-1.07474 -0.10441,-0.35851 -0.53294,-0.58292 -0.7998,-0.87478 -0.26687,-0.29186 -0.8162,0.1169 -1.2247,0.17496 -0.4085,0.0581 -1.12446,-0.20802 -1.68708,-0.31243 -0.56263,-0.1044 -0.0914,-0.77454 -0.13747,-1.16221 -0.0461,-0.38767 0.14488,-0.93854 0.21692,-1.4082 0.072,-0.46967 0.34195,-1.00122 0.51252,-1.50223 0.17058,-0.50101 0.22413,-1.50786 0.3358,-2.26218 0.11166,-0.75433 -0.17647,-1.37826 -0.2651,-2.06778 -0.0886,-0.68952 -0.50637,-0.62419 -0.75995,-0.93668 -0.25359,-0.3125 -0.94232,-1.47251 -1.41387,-2.20917 -0.47155,-0.73665 -0.29429,-1.02478 -0.44183,-1.53757 -0.14754,-0.51279 0.27125,-1.04835 0.40649,-1.57293 0.13523,-0.52457 0.48333,-1.20152 0.7246,-1.80267 0.24127,-0.60116 0.15343,-0.71845 0.22975,-1.07807 0.0763,-0.35963 -0.37145,-0.57024 -0.55758,-0.85576 -0.18612,-0.28551 -0.60792,-0.18302 -0.91227,-0.27493 -0.30436,-0.0919 -0.85786,-0.17469 -1.28718,-0.26243 -0.42933,-0.0877 -0.21635,-0.308 -0.32492,-0.46239 -0.10857,-0.15439 -0.39964,-0.6829 -0.59985,-1.02475 -0.20022,-0.34184 -0.66624,-0.59125 -0.99976,-0.88728 -0.33351,-0.29602 0.0226,-0.94023 0.0335,-1.41074 0.0109,-0.47051 0.24769,-0.50637 0.37114,-0.75995 0.12344,-0.25358 -0.14113,-0.4239 -0.21208,-0.63624 -0.071,-0.21235 -0.7538,-0.38855 -1.1311,-0.58322 -0.37729,-0.19467 -1.63746,-0.5535 -2.45658,-0.83065 -0.81913,-0.27714 -1.27222,-0.78914 -1.90872,-1.18411 -0.6365,-0.39496 -0.95409,-0.94231 -1.43154,-1.41386 -0.47744,-0.47155 -0.11755,-0.77736 -0.17673,-1.16644 -0.0592,-0.38908 0.28442,-1.65787 0.42623,-2.4872 0.14181,-0.82933 0.6501,-1.93259 0.97476,-2.89928 0.32465,-0.96669 0.48347,-1.0828 0.72482,-1.6246 0.24134,-0.5418 0.5168,-0.76621 0.7748,-1.14971 0.25801,-0.38351 -0.19968,-1.21611 -0.29992,-1.82455 -0.10024,-0.60845 -0.49961,-0.59959 -0.74982,-0.89978 -0.2502,-0.30019 -0.73288,-0.76621 -1.09972,-1.14972 -0.36684,-0.3835 -0.63292,-0.16636 -0.94977,-0.24993 -0.31685,-0.0836 -0.0997,-0.25801 -0.14996,-0.38741 -0.0503,-0.1294 -0.0581,-0.87452 -0.0875,-1.31217 -0.0294,-0.43766 0.0419,-0.69957 0.0625,-1.04974 0.0206,-0.35018 -0.48294,-0.50795 -0.72482,-0.76232 -0.24187,-0.25436 -0.72455,0.20022 -1.08723,0.29993 -0.36267,0.0997 -0.40797,0.36684 -0.61235,0.54986 -0.20438,0.18303 -0.77454,0.39184 -1.16221,0.58736 -0.38767,0.19552 -1.02448,-0.0664 -1.53712,-0.1 -0.51264,-0.0336 -1.26609,-0.49961 -1.89953,-0.74982 -0.63344,-0.2502 -0.92451,-0.71622 -1.38716,-1.07473 -0.46265,-0.35851 -0.35884,0.19323 -0.53867,0.28945 -0.17982,0.0962 -1.07191,0.83091 -1.60827,1.24597 -0.53635,0.41506 -0.53582,0.35373 -0.80413,0.5302 -0.26831,0.17647 -0.7168,0.15026 -1.10293,0.29138 -0.21109,0.10566 -0.37904,0.0752 -0.59486,0.0674 z"
       style="fill:#ff161f;fill-opacity:1;stroke:#ffffff;stroke-width:0.52916667;stroke-linecap:butt;stroke-linejoin:miter;stroke-opacity:1;stroke-miterlimit:4;stroke-dasharray:none" />
    <path
       style="fill:#ff161f;fill-opacity:1;stroke:#ffffff;stroke-width:0.52916667;stroke-linecap:butt;stroke-linejoin:miter;stroke-opacity:1;stroke-miterlimit:4;stroke-dasharray:none"
       d="m 270.23555,195.08925 6.83017,-1.31921 11.69972,-2.26218 c 0,0 5.74998,-1.03657 8.62457,-1.55525 2.87459,-0.51868 5.56146,-1.03657 8.3418,-1.55525 2.78033,-0.51868 4.4775,-0.91875 6.71585,-1.37852 2.23836,-0.45977 2.26245,-0.30607 3.39328,-0.4595 1.13082,-0.15344 3.93552,-0.68311 5.90288,-1.02505 1.96736,-0.34195 3.67631,-0.58885 5.51407,-0.88367 1.83776,-0.29482 2.41704,-0.36384 3.62517,-0.54615 1.20812,-0.18232 2.56629,0.0169 3.84905,0.025 1.28275,0.008 1.28328,-0.26634 1.92452,-0.39991 l -0.35001,1.27454 c 0,0 -0.39124,0.87515 -0.58726,1.31233 -0.19602,0.43718 -0.73289,1.32494 -1.09973,1.98701 -0.36684,0.66207 -0.62458,1.14998 -0.93727,1.72457 -0.31268,0.57459 0.28353,1.03334 0.4249,1.54962 0.14137,0.51627 0.85005,1.00002 1.27468,1.49963 0.42463,0.49961 0.15023,0.28352 0.22495,0.42489 0.0747,0.14137 -0.0331,0.20022 -0.05,0.29993 -0.0169,0.0997 -0.43296,0.30019 -0.64984,0.44989 -0.21688,0.14969 -0.66624,0.48347 -0.99975,0.72482 -0.33352,0.24134 -0.5496,0.0336 -0.8248,0.05 -0.27519,0.0164 -0.86618,-0.29966 -1.29968,-0.44989 -0.43349,-0.15023 -0.76621,0.58345 -1.14971,0.87478 -0.3835,0.29133 -0.76621,1.4999 -1.14972,2.24945 -0.3835,0.74955 -0.44962,1.74983 -0.67483,2.62435 -0.22521,0.87451 -0.43296,1.46656 -0.64984,2.19945 -0.21688,0.73289 -0.1497,1.00002 -0.22494,1.49963 -0.0752,0.49961 -0.78288,0.95003 -1.17471,1.42465 -0.39184,0.47461 -0.76622,0.60011 -1.14972,0.89977 -0.3835,0.29967 -0.56626,0.88338 -0.84979,1.32468 -0.28353,0.44129 0.12234,0.51632 0.18312,0.77408 0.0608,0.25776 0.38318,0.47155 0.57438,0.70693 0.1912,0.23538 0.51279,0.27126 0.76879,0.40649 0.256,0.13523 0.43031,0.45388 0.64507,0.68042 0.21476,0.22654 0.53047,0.51279 0.7953,0.76879 0.26484,0.25599 0.51868,-0.21182 0.77763,-0.31812 0.25894,-0.10631 0.94489,-0.31255 1.41694,-0.46922 0.47204,-0.15668 1.43324,0.0252 2.14946,0.0375 0.71623,0.0122 0.30019,-0.0331 0.44989,-0.05 0.1497,-0.0169 0.32519,0.31685 0.48738,0.47488 0.1622,0.15803 0.0836,0.50847 0.12497,0.76231 0.0414,0.25384 -0.10804,0.86672 -0.16246,1.29968 -0.0544,0.43296 0.35018,0.77507 0.52487,1.16221 0.17469,0.38714 0.3835,0.24604 0.57486,0.36866 0.19135,0.12262 0.1169,0.47098 0.17496,0.70608 0.058,0.23509 -0.15387,0.34601 -0.2312,0.51862 -0.0773,0.17261 -0.60375,0.48348 -0.90602,0.72482 -0.30228,0.24134 -0.61209,0.80423 -0.91853,1.20595 -0.30643,0.40172 -0.47045,1.04168 -0.70607,1.56212 -0.23562,0.52044 0.0336,0.58345 0.05,0.87478 0.0164,0.29133 0.5168,1.06667 0.7748,1.5996 0.25801,0.53294 0.48348,0.48348 0.72483,0.72482 0.24134,0.24135 0.0502,0.61678 0.075,0.92478 0.0247,0.30799 -0.11638,1.11665 -0.17496,1.67458 -0.0586,0.55793 -0.0164,0.75008 -0.025,1.12472 -0.009,0.37465 0.26686,0.31686 0.3999,0.47489 0.13303,0.15803 0.58584,0.048 0.87836,0.0716 0.29253,0.0236 0.38908,0.14165 0.58322,0.21208 0.19414,0.0704 0.22413,0.49511 0.33579,0.74227 0.11167,0.24717 -0.24716,0.53047 -0.37114,0.7953 -0.12397,0.26484 -0.61241,0.57759 -0.91901,0.86599 -0.3066,0.2884 -0.42389,0.37141 -0.63624,0.55671 -0.21234,0.18531 -0.094,0.60116 -0.14138,0.90134 -0.0474,0.30018 0.27125,0.37141 0.40648,0.55671 0.13523,0.18531 0.71898,0.13576 1.07807,0.20324 0.3591,0.0675 0.30661,0.31839 0.45951,0.47718 0.1529,0.1588 -0.19414,0.49512 -0.29161,0.74228 -0.0975,0.24716 -0.54761,0.20645 -0.82181,0.30928 -0.2742,0.10283 -0.51815,0.39497 -0.77762,0.59206 -0.25948,0.19709 0.13685,0.27332 0.20488,0.40958 0.068,0.13626 0.62511,0.58345 0.93727,0.87478 0.31216,0.29133 -0.0581,0.55846 -0.0875,0.83729 -0.0294,0.27884 -0.47462,0.62511 -0.71232,0.93727 -0.23771,0.31216 -0.51628,0.0752 -0.77481,0.11247 -0.25854,0.0372 -0.47462,-0.18302 -0.71233,-0.27493 -0.2377,-0.0919 -0.57459,-0.0664 -0.86228,-0.1 -0.2877,-0.0336 -0.42463,0.56679 -0.63734,0.84979 -0.21272,0.283 -0.39131,1.03334 -0.58736,1.54961 -0.19605,0.51628 -0.46629,0.0169 -0.69983,0.025 -0.23354,0.008 -0.51627,0.41683 -0.7748,0.62484 -0.25854,0.20802 -0.38298,0.46682 -0.57486,0.69983 -0.19189,0.23301 -0.0331,0.88338 -0.05,1.32467 -0.0169,0.44129 0.53347,0.45016 0.7998,0.67484 0.26634,0.22467 0.75008,0.23354 1.12472,0.34991 0.37465,0.11637 0.36684,0.0836 0.54987,0.12497 0.18302,0.0414 1.12721,0.14316 1.69042,0.21435 0.56321,0.0712 1.01353,-0.27073 1.5199,-0.40649 0.50637,-0.13576 0.77789,-0.54172 1.16644,-0.81297 0.38855,-0.27126 0.96641,2.6e-4 1.44921,0 0.48281,-2.6e-4 0.63651,0.84858 0.95436,1.27248 0.31785,0.42389 0.58937,0.18878 0.88366,0.28277 0.2943,0.094 0.67185,-0.0587 1.00738,-0.0884 0.33553,-0.0297 0.58938,-0.0233 0.88367,-0.0353 0.29429,-0.0121 0.33016,0.24769 0.49485,0.37114 0.16469,0.12344 0.31838,0.93105 0.47718,1.39619 0.15879,0.46513 -0.11756,0.64828 -0.17673,0.97203 -0.0592,0.32374 -0.37677,0.98997 -0.56555,1.48456 -0.18878,0.49458 -0.0704,0.67185 -0.10604,1.00737 -0.0356,0.33553 0.38908,0.20057 0.58322,0.30045 0.19414,0.0999 0.69042,0.19379 1.03523,0.29028 0.34482,0.0965 0.41683,0.15856 0.62485,0.23744 0.20802,0.0789 0.15856,0.85839 0.23744,1.28719 0.0789,0.42879 -0.57459,0.60011 -0.86229,0.89977 -0.28769,0.29966 -0.46628,0.0586 -0.69982,0.0875 -0.23354,0.0289 -0.78288,-0.1497 -1.17471,-0.22494 -0.39184,-0.0753 -0.4413,0.21687 -0.66234,0.32492 -0.22104,0.10804 -0.19968,0.55846 -0.29992,0.83729 -0.10024,0.27883 -0.10805,0.41683 -0.16246,0.62484 -0.0544,0.20802 -0.21635,0.32519 -0.32492,0.48738 -0.10858,0.1622 -0.50795,0.0253 -0.76232,0.0375 -0.25436,0.0122 -0.6829,-0.42463 -1.02474,-0.63734 -0.34185,-0.21271 -0.74122,-0.51627 -1.11223,-0.77481 -0.371,-0.25853 -0.23463,-0.008 -0.35235,-0.013 -0.11771,-0.005 -0.58295,0.47744 -0.87483,0.71576 -0.29187,0.23833 -0.40622,0.23002 -0.60973,0.34463 -0.2035,0.11462 -0.24127,-0.25305 -0.3623,-0.37997 -0.12103,-0.12693 -0.61241,-0.32375 -0.91901,-0.48602 -0.3066,-0.16227 -0.39444,0.23002 -0.59206,0.34463 -0.19761,0.11461 -0.17057,0.41853 -0.25626,0.6274 -0.0857,0.20887 -0.0704,0.73666 -0.10604,1.10458 -0.0356,0.36793 0.0238,2.40973 0.0354,3.61419 0.0115,1.20447 -0.0822,1.50839 -0.12372,2.26219 -0.0415,0.75379 -0.0351,1.09601 -0.053,1.64361 -0.0179,0.54761 0.21235,0.76611 0.31812,1.14877 0.10578,0.38265 0.28304,0.35373 0.42416,0.5302 0.14113,0.17646 1.215,0.4603 1.8221,0.69005 0.6071,0.22975 0.70842,0.13356 1.06224,0.19995 0.35381,0.0664 0.50847,-0.008 0.76231,-0.0125 0.25384,-0.004 0.58345,0.0836 0.87478,0.12497 0.29133,0.0414 0.59179,0.48348 0.88728,0.72482 0.2955,0.24135 0.19189,0.55013 0.28743,0.8248 0.0956,0.27467 0.0169,0.57512 0.025,0.86229 0.008,0.28716 -0.14137,0.44182 -0.21245,0.66233 -0.0711,0.22052 -0.22468,0.28353 -0.33742,0.4249 -0.11273,0.14136 -0.69956,2.6e-4 -1.04974,0 -0.35018,-2.7e-4 -0.4163,-0.29133 -0.62484,-0.43739 -0.20855,-0.14607 -0.23301,-0.10805 -0.34992,-0.16246 -0.1169,-0.0544 -0.26633,0.0252 -0.3999,0.0375 -0.13356,0.0122 -0.33298,0.40016 -0.49987,0.59985 -0.16689,0.19968 -0.49128,0.62511 -0.73732,0.93727 -0.24604,0.31215 -0.58293,-0.0414 -0.87479,-0.0625 -0.29185,-0.0211 -0.43296,-0.19968 -0.64983,-0.29992 -0.21688,-0.10024 -0.37465,0.21687 -0.56237,0.32492 -0.18771,0.10804 -0.26288,1.00474 -0.39472,1.50672 -0.13184,0.50198 -0.16468,0.28304 -0.24742,0.42416 -0.0827,0.14112 -0.50637,0.0356 -0.75996,0.053 -0.25358,0.0174 -1.28399,0.29482 -1.92639,0.44183 -0.64239,0.14702 -1.82597,0.61294 -2.73936,0.91902 -0.91338,0.30607 -2.003,-0.27172 -3.0049,-0.40798 -1.0019,-0.13626 -1.49937,-0.71623 -2.24945,-1.07474 -0.75007,-0.3585 -1.96591,-1.11612 -2.94927,-1.67458 -0.98335,-0.55846 -1.56601,-1.2161 -2.34941,-1.82455 -0.78341,-0.60845 -1.29942,-1.16611 -1.94952,-1.74957 -0.65011,-0.58345 -1.0828,-0.39963 -1.6246,-0.59985 -0.5418,-0.20021 -1.24943,-0.23301 -1.87454,-0.34991 -0.62511,-0.1169 -0.79954,-0.4163 -1.1997,-0.62485 -0.40017,-0.20854 -1.93259,-0.66623 -2.89929,-0.99975 -0.96669,-0.33352 -0.63291,-0.48295 -0.94976,-0.72482 -0.31686,-0.24187 -0.73289,-0.89951 -1.09973,-1.34967 -0.36684,-0.45015 -1.49936,-1.616 -2.24944,-2.4244 -0.75008,-0.8084 -0.9495,-1.28275 -1.42465,-1.92452 -0.47515,-0.64177 -1.26609,-1.24943 -1.89953,-1.87454 -0.63344,-0.62511 -2.12428,-1.42463 -3.18681,-2.13735 -1.06253,-0.71271 -2.1441,-1.36647 -3.21654,-2.0501 -1.07244,-0.68363 -3.20449,-0.82449 -4.80714,-1.23713 -1.60264,-0.41264 -2.75677,-0.25895 -4.13555,-0.38881 -1.37878,-0.12987 -3.03954,0.56581 -4.55971,0.84831 -1.52017,0.28251 -2.04984,0.44799 -3.07515,0.67159 -1.02532,0.2236 -2.75677,0.37729 -4.13556,0.56554 -1.37878,0.18826 -1.3429,0.51869 -2.01475,0.77763 -0.67185,0.25894 -2.474,2.6e-4 -3.71139,0 -1.2374,-2.7e-4 -2.21479,-0.80093 -3.32258,-1.20178 -1.1078,-0.40086 -1.4843,-0.68311 -2.22684,-1.02506 -0.74254,-0.34194 -1.4136,-0.094 -2.1208,-0.14138 -0.70719,-0.0474 -0.65953,0.0238 -0.9897,0.0353 -0.33017,0.0115 2.53716,-11.2877 2.53716,-11.2877 l 5.19871,-13.39669 c 0,0 1.86647,-5.99825 2.79931,-8.99777 0.93284,-2.99952 1.79955,-8.22297 1.79955,-8.22297 l 0.77481,-6.87329 0.52487,-4.19897 z"
       id="Castle-Bruce"
       sodipodi:nodetypes="cccssssssssc" />
    <path
       sodipodi:nodetypes="cccsccccccccccccssssssssssssssssc"
       id="St.-Joseph"
       d="m 147.23767,222.2594 c 0.36551,-0.0469 0.51815,0.16469 1.09574,-0.14139 0.57759,-0.30607 1.31103,-0.51813 1.73199,-0.91901 0.42095,-0.40087 0.16207,-0.53717 1.26206,-1.20341 1.1,-0.66624 2.69907,-1.36659 3.29919,-1.99951 0.60011,-0.63291 1.19944,-0.70009 1.79955,-1.89953 0.60012,-1.19944 1.04948,-2.34968 1.79956,-3.59911 0.75008,-1.24942 1.76596,-2.1164 2.24944,-3.74907 0.48348,-1.63266 1.03281,-3.31611 1.44964,-4.89879 0.41683,-1.58268 0.84953,-3.69935 1.24969,-4.74882 0.40017,-1.04948 0.0331,-2.18306 1.19971,-3.14922 1.16664,-0.96617 2.32416,-2.74126 3.49913,-2.89929 1.17497,-0.15803 1.5077,-0.67509 3.52413,-0.47488 2.01643,0.20022 4.85687,0.13304 6.0485,0.59985 1.19164,0.46682 1.56602,0.86619 3.57412,1.39966 2.0081,0.53346 4.7069,1.37439 6.02351,1.5996 1.3166,0.22521 3.01566,0.64957 3.94902,0.67483 0.93337,0.0253 2.79931,0.075 2.79931,0.075 l 10.24747,-0.19995 9.19772,-0.1 9.84757,-0.075 7.04072,-0.20104 15.12834,-0.21208 16.11805,-0.63624 5.67313,-0.0972 3.19059,-0.31557 -0.63729,1.16214 -0.52487,4.19897 -0.77481,6.87329 c 0,0 -0.86671,5.22345 -1.79955,8.22297 -0.93284,2.99952 -2.79931,8.99777 -2.79931,8.99777 l -5.19871,13.39669 c 0,0 -2.86733,11.2992 -2.53716,11.2877 l -0.76208,4.65843 c 0,0 -1.54182,5.07154 -2.31312,7.60691 -0.77131,2.53538 -0.99036,3.07697 -1.48594,4.61506 -0.49557,1.53809 -0.34991,5.72359 -0.34991,5.72359 l -4.14898,-1.52462 -5.32368,-1.2497 -4.39891,-1.69958 -2.97427,-1.27468 c 0,0 -3.47481,-1.99938 -5.21261,-2.99947 -1.73781,-1.00009 -2.66252,-3.29875 -3.99417,-4.94852 -1.33165,-1.64978 -1.50786,-2.89816 -2.26218,-4.34763 -0.75433,-1.44948 -1.43717,-3.62866 -2.15614,-5.44338 -0.71898,-1.81472 -3.54654,-5.06956 -5.32021,-7.60473 -1.77367,-2.53518 -1.96592,-1.86594 -2.94927,-2.79931 -0.98336,-0.93337 -2.46579,-1.09946 -3.69909,-1.64959 -1.23329,-0.55013 -1.13278,0.26686 -1.69958,0.3999 -0.56679,0.13304 -3.59884,1.76649 -5.39866,2.64934 -1.79982,0.88285 -3.89877,1.59987 -5.84855,2.39941 -1.94979,0.79954 -4.66525,1.46657 -6.99827,2.19946 -2.33302,0.73288 -3.96542,1.54988 -5.94853,2.32442 -1.98311,0.77455 -2.31583,1.26662 -3.47414,1.89953 -1.15831,0.63291 -2.43247,1.93312 -3.6491,2.89928 -1.21663,0.96617 -2.63242,1.86647 -3.94902,2.79931 -1.31661,0.93284 -0.98283,1.19997 -1.47464,1.79956 -0.49181,0.59958 -0.46628,0.3835 -0.69983,0.57486 -0.23354,0.19135 -1.76596,1.21663 -2.64934,1.82454 -0.88338,0.60792 -0.39964,0.21688 -0.59985,0.32492 -0.20022,0.10805 -1.02811,0.69377 -1.54257,1.04026 -0.51445,0.34648 -0.85983,0.40086 -1.29015,0.60089 -0.43031,0.20003 -0.24716,-0.34142 -0.37114,-0.51253 -0.12397,-0.1711 -0.73023,-0.70666 -1.09574,-1.06039 -0.36551,-0.35373 -1.35469,-0.90697 -2.03243,-1.36085 -0.67774,-0.45388 -1.27221,-0.44746 -1.90872,-0.67158 -0.6365,-0.22413 -1.59033,-0.47103 -2.38589,-0.70694 -0.79556,-0.2359 -1.16618,-0.76557 -1.74966,-1.14876 -0.58348,-0.38319 -0.31785,-1.49607 -0.47718,-2.24451 -0.15932,-0.74843 0.60455,-0.82226 0.90643,-1.23378 0.30188,-0.41153 0.10024,-1.33274 0.14997,-1.99951 0.0497,-0.66676 -0.23301,-1.13279 -0.34992,-1.69958 -0.1169,-0.56679 -0.73288,-0.69956 -1.09973,-1.04974 -0.36684,-0.35017 -0.49961,-0.93283 -0.74981,-1.39965 -0.2502,-0.46682 0.0669,-1.36606 0.1,-2.04949 0.0331,-0.68343 0.20022,-2.66575 0.29993,-3.99901 0.0997,-1.33327 -0.56627,-2.93235 -0.84979,-4.39892 -0.28353,-1.46657 -0.88183,-2.9942 -1.32315,-4.49169 -0.44131,-1.4975 -0.87161,-2.21479 -1.30782,-3.32258 -0.43621,-1.1078 -0.89518,-1.69638 -1.34317,-2.54496 -0.44799,-0.84858 -0.56555,-1.87337 -0.56555,-1.87337 z"
       style="fill:#ff161f;fill-opacity:1;stroke:#ffffff;stroke-width:0.52916667;stroke-linecap:butt;stroke-linejoin:miter;stroke-opacity:1;stroke-miterlimit:4;stroke-dasharray:none" />
    <path
       sodipodi:nodetypes="cssssssssssssssssssssssssssssscscssc"
       id="Morne-Jaune/Riviere-Cyrique"
       d="m 251.0528,271.83277 c 0,0 -0.14566,-4.1855 0.34991,-5.72359 0.49558,-1.53809 0.71463,-2.07968 1.48594,-4.61506 0.7713,-2.53537 2.31312,-7.60691 2.31312,-7.60691 0.007,0.002 0.2048,-1.20198 0.40255,-2.42243 0.14444,-0.89145 0.28898,-1.79147 0.35953,-2.236 0.33017,-0.0115 0.28251,-0.0827 0.9897,-0.0353 0.7072,0.0474 1.37826,-0.20056 2.1208,0.14138 0.74254,0.34195 1.11904,0.6242 2.22684,1.02506 1.10779,0.40085 2.08518,1.20151 3.32258,1.20178 1.23739,2.6e-4 3.03954,0.25894 3.71139,0 0.67185,-0.25894 0.63597,-0.58937 2.01475,-0.77763 1.37879,-0.18825 3.11024,-0.34194 4.13556,-0.56554 1.02531,-0.2236 1.55498,-0.38908 3.07515,-0.67159 1.52017,-0.2825 3.18093,-0.97818 4.55971,-0.84831 1.37878,0.12986 2.53291,-0.0238 4.13555,0.38881 1.60265,0.41264 3.7347,0.5535 4.80714,1.23713 1.07244,0.68363 2.15401,1.33739 3.21654,2.0501 1.06253,0.71272 2.55337,1.51224 3.18681,2.13735 0.63344,0.62511 1.42438,1.23277 1.89953,1.87454 0.47515,0.64177 0.67457,1.11612 1.42465,1.92452 0.75008,0.8084 1.8826,1.97425 2.24944,2.4244 0.36684,0.45016 0.78287,1.1078 1.09973,1.34967 0.31685,0.24187 -0.0169,0.3913 0.94976,0.72482 0.9667,0.33352 2.49912,0.79121 2.89929,0.99975 0.40016,0.20855 0.57459,0.50795 1.1997,0.62485 0.62511,0.1169 1.33274,0.1497 1.87454,0.34991 0.5418,0.20022 0.97449,0.0164 1.6246,0.59985 0.6501,0.58346 1.16611,1.14112 1.94952,1.74957 0.7834,0.60845 1.36606,1.26609 2.34941,1.82455 0.98336,0.55846 2.1992,1.31608 2.94927,1.67458 0.75008,0.35851 1.24755,0.93848 2.24945,1.07474 1.0019,0.13626 2.09152,0.71405 3.0049,0.40798 0.91339,-0.30608 2.09697,-0.772 2.73936,-0.91902 0.6424,-0.14701 1.67281,-0.42443 1.92639,-0.44183 0.25359,-0.0174 0.67726,0.0881 0.75996,-0.053 l 0.12985,2.52173 c 0,0 0.0995,2.11142 0.14883,3.16673 0.0493,1.05532 0.37509,2.81147 0.56224,4.2168 0.18715,1.40534 0.0223,1.86337 0.0331,2.79466 0.0108,0.93129 0.17665,3.02093 0.26458,4.53099 0.0879,1.51007 0.0444,1.03655 0.0662,1.55443 0.0218,0.51788 0.35304,1.80825 0.52917,2.71198 0.17612,0.90373 0.72786,0.83811 1.0914,1.25677 0.36354,0.41866 0.13256,0.37509 0.19844,0.56224 0.0659,0.18715 -0.10998,0.52943 -0.16537,0.79375 -0.0554,0.26432 -0.37456,0.35304 -0.56223,0.52917 -0.18768,0.17612 -0.59505,0.48533 -0.89297,0.7276 -0.29792,0.24227 2.6e-4,0.94835 0,1.42213 -2.7e-4,0.47379 0.44123,0.59558 0.66145,0.89297 0.22023,0.2974 0.92631,0.70582 1.38907,1.05834 0.46275,0.35251 1.16884,1.38932 1.75286,2.08359 0.58403,0.69427 0.66172,1.12474 0.99219,1.68672 0.33046,0.56197 0.17665,0.46328 0.26458,0.69453 0.0879,0.23125 -0.26432,0.22075 -0.39687,0.33073 -0.13256,0.10998 -1.80772,0.41919 -2.71198,0.62839 -0.90426,0.20919 -2.05026,0.24279 -3.07578,0.3638 -1.02553,0.121 -3.99054,0.30894 -5.9862,0.46302 -1.99566,0.15407 -1.56519,0.11051 -2.34818,0.16536 -0.78299,0.0549 -4.36536,0.2428 -6.54844,0.3638 -2.18307,0.12101 -1.89591,0.0664 -2.84427,0.0992 -0.94835,0.0328 -7.34192,0.26485 -11.01328,0.39688 -3.67136,0.13203 -7.93724,-0.79349 -11.90625,-1.19063 -3.96902,-0.39714 -8.02543,-1.36675 -12.03854,-2.05052 -4.01311,-0.68377 -6.04106,-1.49904 -9.06198,-2.24896 -3.02093,-0.74991 -4.10078,-2.1164 -6.15156,-3.175 -2.05079,-1.05859 -2.51328,-5.02681 -3.77032,-7.54062 -1.25703,-2.51381 -0.30841,-4.58585 -0.46302,-6.87917 -0.1546,-2.29332 -0.0879,-3.17473 -0.13229,-4.7625 -0.0444,-1.58776 -2.68966,-2.95425 -4.03489,-4.43177 -1.34523,-1.47752 -1.46129,-0.85947 -2.19234,-1.2896 -0.73104,-0.43014 -1.35019,-1.31669 -1.35019,-1.31669 z"
       style="fill:#ff161f;fill-opacity:1;stroke:#ffffff;stroke-width:0.52916667;stroke-linecap:butt;stroke-linejoin:miter;stroke-opacity:1;stroke-miterlimit:4;stroke-dasharray:none" />
    <path
       style="fill:#ff161f;fill-opacity:1;stroke:#ffffff;stroke-width:0.52916667;stroke-linecap:butt;stroke-linejoin:miter;stroke-opacity:1;stroke-miterlimit:4;stroke-dasharray:none"
       d="m 163.39106,260.02724 c 0.43032,-0.20003 0.7757,-0.25441 1.29015,-0.60089 0.51446,-0.34649 1.34235,-0.93221 1.54257,-1.04026 0.20021,-0.10804 -0.28353,0.283 0.59985,-0.32492 0.88338,-0.60791 2.4158,-1.63319 2.64934,-1.82454 0.23355,-0.19136 0.20802,0.0247 0.69983,-0.57486 0.49181,-0.59959 0.15803,-0.86672 1.47464,-1.79956 1.3166,-0.93284 2.73239,-1.83314 3.94902,-2.79931 1.21663,-0.96616 2.49079,-2.26637 3.6491,-2.89928 1.15831,-0.63291 1.49103,-1.12498 3.47414,-1.89953 1.98311,-0.77454 3.61551,-1.59154 5.94853,-2.32442 2.33302,-0.73289 5.04848,-1.39992 6.99827,-2.19946 1.94978,-0.79954 4.04873,-1.51656 5.84855,-2.39941 1.79982,-0.88285 4.83187,-2.5163 5.39866,-2.64934 0.5668,-0.13304 0.46629,-0.95003 1.69958,-0.3999 1.2333,0.55013 2.71573,0.71622 3.69909,1.64959 0.98335,0.93337 1.1756,0.26413 2.94927,2.79931 1.77367,2.53517 4.60123,5.79001 5.32021,7.60473 0.71897,1.81472 1.40181,3.9939 2.15614,5.44338 0.75432,1.44947 0.93053,2.69785 2.26218,4.34763 1.33165,1.64977 2.25636,3.94843 3.99417,4.94852 1.7378,1.00009 5.21261,2.99947 5.21261,2.99947 l 2.97427,1.27468 4.39891,1.69958 5.32368,1.2497 4.14898,1.52462 -0.52544,2.474 c 0,0 -0.51788,1.4665 -0.77722,2.19935 -0.25933,0.73285 -1.2565,2.85556 -1.88515,4.28294 -0.62865,1.42739 -3.29601,4.76277 -4.9444,7.14375 -1.6484,2.38099 -4.05668,3.15322 -6.08542,4.72943 -2.02874,1.57621 -5.3355,1.98464 -8.00365,2.97656 -2.66814,0.99192 -2.73376,0.77197 -4.10104,1.15755 -1.36728,0.38559 -1.88949,0.30971 -2.83463,0.46416 -0.94515,0.15445 -1.66795,-0.42069 -2.50231,-0.63143 -0.83437,-0.21073 -1.85503,-0.77927 -2.78295,-1.1693 -0.92791,-0.39003 -1.9018,-0.12446 -2.8531,-0.18709 -0.9513,-0.0626 -2.0733,0.4524 -3.11035,0.6782 -1.03705,0.2258 -2.55661,1.29429 -3.83532,1.94104 -1.2787,0.64675 -2.29736,1.23221 -3.44644,1.84791 -1.14908,0.61571 -2.49123,1.36728 -3.73724,2.05052 -1.24601,0.68325 -2.46918,1.12475 -3.70417,1.68672 -1.23499,0.56198 -1.56519,0.22075 -2.34818,0.33073 -0.78299,0.10998 -1.82977,0.35304 -2.74505,0.52917 -0.91528,0.17612 -0.573,0.0885 -0.85989,0.13229 -0.2869,0.0438 -0.89271,0.0554 -1.33946,0.0827 -0.44675,0.0273 -0.41314,-0.005 -0.62011,-0.008 -0.20697,-0.003 -0.2974,-0.12651 -0.44649,-0.19016 -0.14909,-0.0637 2.7e-4,-0.24227 0,-0.36381 -2.6e-4,-0.12153 0.0885,-1.45494 0.13229,-2.18281 0.0438,-0.72787 -0.4775,-3.9817 -0.71666,-5.97294 -0.23915,-1.99125 -0.87281,-2.15126 -1.30962,-3.22728 -0.4368,-1.07603 -1.26715,-1.04308 -1.90113,-1.56501 -0.63397,-0.52194 -0.8927,-0.58403 -1.33945,-0.87644 -0.44675,-0.2924 -0.22022,-0.79348 -0.33073,-1.19062 -0.11051,-0.39714 -0.61709,-0.31944 -0.92604,-0.47956 -0.30894,-0.16012 -0.94595,-0.48593 -1.41933,-0.72929 -0.47337,-0.24336 -1.44967,-1.85503 -2.1749,-2.78295 -0.72523,-0.92791 -0.7325,-2.82165 -1.09915,-4.23288 -0.36664,-1.41122 -1.18463,-2.54102 -1.77734,-3.81193 -0.59271,-1.27091 -0.82604,-1.25479 -1.23946,-1.88258 -0.41342,-0.62779 -0.46746,-1.44187 -0.70158,-2.16321 -0.23413,-0.72134 -0.3973,-1.62117 -0.59635,-2.43215 -0.19905,-0.81099 -1.07193,-1.90011 -1.6083,-2.85056 -0.53636,-0.95044 -0.74938,-0.14305 -1.12447,-0.21497 -0.3751,-0.0719 -0.93681,-0.0218 -1.4056,-0.0331 -0.4688,-0.0113 -0.573,-0.44071 -0.8599,-0.66146 -0.2869,-0.22075 -1.04704,-1.14626 -1.57096,-1.71979 -0.52392,-0.57353 -0.51788,-1.01397 -0.77722,-1.52136 -0.25933,-0.50738 -0.53992,-1.37226 -0.81028,-2.05879 -0.27036,-0.68652 -0.21471,-0.47929 -0.32246,-0.71933 -0.10776,-0.24004 -0.29509,-0.65349 -0.29509,-0.65349 z"
       id="Mahaut"
       sodipodi:nodetypes="cccccssssssssssssssssssssc" />
    <path
       style="fill:#ff161f;fill-opacity:1;stroke:#ffffff;stroke-width:0.52916667;stroke-linecap:butt;stroke-linejoin:miter;stroke-opacity:1;stroke-miterlimit:4;stroke-dasharray:none"
       d="m 220.28217,298.69805 1.61368,-1.43754 c 0.94514,-0.15445 1.46735,-0.0786 2.83463,-0.46416 1.36728,-0.38558 1.4329,-0.16563 4.10104,-1.15755 2.66815,-0.99192 5.97491,-1.40035 8.00365,-2.97656 2.02874,-1.57621 4.43702,-2.34844 6.08542,-4.72943 1.64839,-2.38098 4.31575,-5.71636 4.9444,-7.14375 0.62865,-1.42738 1.62582,-3.55009 1.88515,-4.28294 0.25934,-0.73285 0.77722,-2.19935 0.77722,-2.19935 l 0.52546,-2.47401 c 0,0 0.61921,0.88654 1.35025,1.31668 0.73105,0.43013 0.84711,-0.18792 2.19234,1.2896 1.34523,1.47752 3.99053,2.84401 4.03489,4.43177 0.0444,1.58777 -0.0223,2.46918 0.13229,4.7625 0.15461,2.29332 -0.79401,4.36536 0.46302,6.87917 1.25704,2.51381 1.71953,6.48203 3.77032,7.54062 2.05078,1.0586 3.13063,2.42509 6.15156,3.175 l 1.5785,0.4173 -1.33053,1.71593 c 0,0 -1.56046,2.09139 -2.34109,3.13668 -0.78062,1.0453 -2.36952,3.33668 -3.55468,5.00462 -1.18516,1.66795 -2.83725,6.26774 -4.25627,9.40121 -1.41902,3.13347 -0.24918,3.92913 -0.37417,5.89329 -0.125,1.96417 0.46798,3.83558 0.70158,5.75298 0.23359,1.91739 0.99807,2.86896 1.49671,4.30304 0.49864,1.43408 0.7798,1.71524 1.1693,2.57247 0.3895,0.85722 0.90453,1.90233 1.35639,2.8531 0.45187,0.95077 0.32741,1.44994 0.32741,1.44994 l -6.36102,-1.87089 -7.15614,-2.61924 -9.72861,-3.41437 -8.18513,-2.94665 -7.24968,-2.61924 c 0,0 -1.30936,-0.74809 -1.96443,-1.12253 -0.35894,-0.20517 -0.6053,-0.5318 -0.83167,-0.88012 -0.18677,-0.28739 -0.35994,-0.58955 -0.5715,-0.85045 -0.46798,-0.57712 -0.43627,-1.9018 -0.65481,-2.8531 -0.21853,-0.9513 0.0938,-1.27818 0.14032,-1.91766 0.0465,-0.63948 0.65507,-2.12007 0.98221,-3.18051 0.32714,-1.06043 -1.44967,-2.94638 -2.1749,-4.41997 -0.72524,-1.47359 -1.71472,-1.7303 -2.57247,-2.59585 -0.85776,-0.86555 -0.70132,-1.7459 -1.05238,-2.61924 -0.35105,-0.87335 -0.46745,-2.02653 -0.70158,-3.0402 -0.23412,-1.01366 0.34326,-1.71471 0.5145,-2.57246 0.17123,-0.85776 1.30988,-2.0889 1.96443,-3.13374 0.65454,-1.04484 1.30986,-1.58266 1.96439,-2.37439 z"
       id="Roseau-Valley"
       sodipodi:nodetypes="cssssssccssssssccccssssssssccccccssssssssssssc" />
    <path
       sodipodi:nodetypes="cssssssssssccsssssssssssssc"
       id="Roseau-North"
       d="m 187.56479,304.35381 c 0.14909,0.0636 0.23952,0.18716 0.44649,0.19016 0.20697,0.003 0.17336,0.0353 0.62011,0.008 0.44675,-0.0273 1.05256,-0.0389 1.33946,-0.0827 0.28689,-0.0438 -0.0554,0.0438 0.85989,-0.13229 0.91528,-0.17613 1.96206,-0.41919 2.74505,-0.52917 0.78299,-0.10998 1.11319,0.23125 2.34818,-0.33073 1.23499,-0.56197 2.45816,-1.00347 3.70417,-1.68672 1.24601,-0.68324 2.58816,-1.43481 3.73724,-2.05052 1.14908,-0.6157 2.16774,-1.20116 3.44644,-1.84791 1.27871,-0.64675 2.79827,-1.71524 3.83532,-1.94104 1.03705,-0.2258 2.15905,-0.7408 3.11035,-0.6782 0.9513,0.0626 1.92519,-0.20294 2.8531,0.18709 0.92792,0.39003 1.94858,0.95857 2.78295,1.1693 0.83436,0.21074 1.55716,0.78588 2.50231,0.63143 l -1.61368,1.43754 c -0.65453,0.79173 -1.30985,1.32955 -1.96439,2.37439 -0.65455,1.04484 -1.7932,2.27598 -1.96443,3.13374 -0.17124,0.85775 -0.74862,1.5588 -0.5145,2.57246 0.23413,1.01367 0.35053,2.16685 0.70158,3.0402 0.35106,0.87334 0.19462,1.75369 1.05238,2.61924 0.85775,0.86555 1.84723,1.12226 2.57247,2.59585 0.72523,1.47359 2.50204,3.35954 2.1749,4.41997 -0.32714,1.06044 -0.9357,2.54103 -0.98221,3.18051 -0.0465,0.63948 -0.35885,0.96636 -0.14032,1.91766 0.21854,0.9513 0.18683,2.27598 0.65481,2.8531 0.21156,0.2609 0.38473,0.56306 0.5715,0.85045 l -2.95554,2.5893 -5.37434,5.09323 c 0,0 -2.21749,1.7172 -3.32662,2.57541 -1.10914,0.85821 -2.12008,1.10721 -3.18051,1.66041 -1.06043,0.55321 -2.22921,0.56153 -3.34421,0.8419 -1.115,0.28037 -1.35613,0.48358 -2.03459,0.72497 -0.67846,0.24139 -1.48085,0.39003 -2.22168,0.58465 -0.74082,0.19462 -1.97975,0.0782 -2.97003,0.11693 -0.99028,0.0387 -1.94858,2.7e-4 -2.92326,0 -0.97468,-2.6e-4 -2.12813,-0.14031 -2.12813,-0.14031 l 0.4911,-3.88209 c 0,0 0.006,-1.31256 0.008,-1.96924 0.002,-0.65668 2.7e-4,-1.05807 0,-1.5875 -2.6e-4,-0.52943 -0.39661,-1.43289 -0.59531,-2.14974 -0.1987,-0.71684 -1.01397,-1.3447 -1.52135,-2.01745 -0.50738,-0.67274 -1.14626,-1.49904 -1.71979,-2.24896 -0.57353,-0.74991 -0.81554,-1.89591 -1.2237,-2.84427 -0.40817,-0.94835 6.2e-4,-2.04106 5.3e-4,-3.06199 -9e-5,-1.02094 -0.5766,-1.65236 -0.86529,-2.47893 -0.28869,-0.82657 -0.54541,-1.63676 -0.81851,-2.45554 -0.2731,-0.81878 -0.0933,-1.21581 -0.14032,-1.82411 -0.047,-0.60831 0.37444,-2.33835 0.56127,-3.50792 0.18682,-1.16956 0.29649,-1.65235 0.44433,-2.47892 0.14785,-0.82657 0.46799,-1.80826 0.70159,-2.71279 0.23359,-0.90452 0.14058,-1.02872 0.21047,-1.54348 0.0699,-0.51476 0.0465,-1.18537 0.0465,-1.18537 z"
       style="fill:#ff161f;fill-opacity:1;stroke:#ffffff;stroke-width:0.52916667;stroke-linecap:butt;stroke-linejoin:miter;stroke-opacity:1;stroke-miterlimit:4;stroke-dasharray:none" />
    <path
       style="fill:#0f52ba;fill-opacity:1;stroke:#ffffff;stroke-width:0.52916667;stroke-linecap:butt;stroke-linejoin:miter;stroke-opacity:1;stroke-miterlimit:4;stroke-dasharray:none"
       d="m 191.98505,342.30211 c 0,0 1.15345,0.14005 2.12813,0.14031 0.97468,2.7e-4 1.93298,0.0387 2.92326,0 0.99028,-0.0387 2.22921,0.0777 2.97003,-0.11693 0.74083,-0.19462 1.54322,-0.34326 2.22168,-0.58465 0.67846,-0.24139 0.91959,-0.4446 2.03459,-0.72497 1.115,-0.28037 2.28378,-0.28869 3.34421,-0.8419 1.06043,-0.5532 2.07137,-0.8022 3.18051,-1.66041 1.10913,-0.85821 3.32662,-2.57541 3.32662,-2.57541 l 5.37434,-5.09323 2.95554,-2.5893 0.4179,2.14282 0.41341,2.10013 2.34818,7.88789 -0.0661,0.85989 -6.21054,4.25965 -7.03921,4.58367 -2.38538,1.77734 -3.01681,2.22168 -2.43215,1.75396 c 0,0 -0.99754,0.76421 -1.49671,1.14592 -0.49917,0.3817 -0.46746,0.29648 -0.70158,0.44433 -0.23413,0.14785 -0.81045,-0.0933 -1.21608,-0.14031 -0.40562,-0.047 -0.74809,-0.2336 -1.12253,-0.3508 -0.37444,-0.11719 -1.07549,-0.59218 -1.61364,-0.88867 -0.53814,-0.29649 -0.81045,-0.23359 -1.21608,-0.35079 -0.40562,-0.11719 -1.91739,-1.30935 -2.87648,-1.96443 -0.9591,-0.65507 -2.01094,-1.82385 -3.01681,-2.73617 -1.00586,-0.91232 -0.44219,-0.96912 -0.66368,-1.45407 -0.22149,-0.48496 -0.45173,-1.17934 -0.678,-1.76941 -0.22626,-0.59006 0.11051,-0.76041 0.16537,-1.14101 0.0549,-0.3806 0.52943,-0.70529 0.79375,-1.05833 0.26432,-0.35305 -0.0549,-0.44071 -0.0827,-0.66146 -0.0278,-0.22075 0.12153,-0.68324 0.1819,-1.02526 0.0604,-0.34202 0.26485,-0.67222 0.39687,-1.00873 0.13203,-0.3365 0.65822,-0.58135 0.65822,-0.58135 z"
       id="Roseau-Central"
       sodipodi:nodetypes="cccsssssssccccccccccsssssssssssssssc" />
    <path
       sodipodi:nodetypes="ccccccsccccccccccsccsssssssssssscccccssssssc"
       id="Roseau-South"
       d="m 202.27492,357.4329 c 0.34456,-0.17478 0.20241,-0.0626 0.70158,-0.44433 0.49917,-0.38171 1.49671,-1.14592 1.49671,-1.14592 l 2.43215,-1.75396 3.01681,-2.22168 2.38538,-1.77734 7.03921,-4.58367 6.21054,-4.25965 0.0661,-0.85989 -2.34818,-7.88789 -0.41341,-2.10013 c 0,0 -0.60467,-2.43021 -0.4179,-2.14282 0.22637,0.34832 0.47273,0.67495 0.83167,0.88012 0.65507,0.37444 1.96443,1.12253 1.96443,1.12253 l 7.24968,2.61924 8.18513,2.94665 9.72861,3.41437 7.15614,2.61924 6.36102,1.87089 0.19969,3.3716 c 0,0 2.6e-4,3.39575 0,5.09323 -2.7e-4,1.69748 -0.6171,1.41137 -0.92605,2.11667 -0.30894,0.70529 -1.27855,2.75634 -1.91823,4.13411 -0.63967,1.37777 -1.63133,2.86658 -2.44739,4.29948 -0.81606,1.43289 -0.85963,0.79401 -1.28985,1.19062 -0.43021,0.39661 -2.91015,1.49957 -4.36562,2.24896 -1.45547,0.74939 -4.16692,1.38933 -6.25078,2.0836 -2.08386,0.69426 -4.01258,0.9263 -6.01927,1.38906 -2.00669,0.46276 -1.49904,0.46328 -2.24896,0.69453 -0.74992,0.23125 -1.60928,1.49957 -2.41432,2.24896 -0.80504,0.74939 -2.03209,4.07677 -3.04853,6.11476 -1.01645,2.03799 -0.83384,2.7988 -1.25116,4.1978 -0.41732,1.399 -1.85188,2.98275 -1.85188,2.98275 l -10.78177,-5.55625 -6.01927,-3.14193 -3.04271,-1.32291 -2.96499,-1.57943 c 0,0 -0.15565,-1.09109 -0.23387,-1.63703 -0.0782,-0.54594 -0.45186,-1.79267 -0.67819,-2.6894 -0.22633,-0.89673 -0.29596,-2.46307 -0.44434,-3.695 -0.14837,-1.23193 -0.28037,-1.35613 -0.42095,-2.03459 -0.14058,-0.67846 -0.23366,-2.36308 -0.35088,-3.54502 -0.11723,-1.18194 -0.77144,-1.14626 -1.15756,-1.71979 -0.38611,-0.57353 -1.71884,-1.54054 -1.71884,-1.54054 z"
       style="fill:#ff161f;fill-opacity:1;stroke:#ffffff;stroke-width:0.52916667;stroke-linecap:butt;stroke-linejoin:miter;stroke-opacity:1;stroke-miterlimit:4;stroke-dasharray:none" />
    <path
       style="fill:#ff161f;fill-opacity:1;stroke:#ffffff;stroke-width:0.52916667;stroke-linecap:butt;stroke-linejoin:miter;stroke-opacity:1;stroke-miterlimit:4;stroke-dasharray:none"
       d="m 336.68239,304.23776 c -0.13256,0.10998 -1.80772,0.41919 -2.71198,0.62839 -0.90426,0.20919 -2.05026,0.24279 -3.07578,0.3638 -1.02553,0.121 -3.99054,0.30894 -5.9862,0.46302 -1.99566,0.15407 -1.56519,0.11051 -2.34818,0.16536 -0.78299,0.0549 -4.36536,0.2428 -6.54844,0.3638 -2.18307,0.12101 -1.89591,0.0664 -2.84427,0.0992 -0.94835,0.0328 -7.34192,0.26485 -11.01328,0.39688 -3.67136,0.13203 -7.93724,-0.79349 -11.90625,-1.19063 -3.96902,-0.39714 -8.02543,-1.36675 -12.03854,-2.05052 -3.27953,-0.55878 -5.23332,-1.20538 -7.48509,-1.83201 l -1.32892,1.71628 c 0,0 -1.56046,2.09139 -2.34109,3.13668 -0.78062,1.0453 -2.36952,3.33668 -3.55468,5.00462 -1.18516,1.66795 -2.83725,6.26774 -4.25627,9.40121 -1.41902,3.13347 -0.24918,3.92913 -0.37417,5.89329 -0.125,1.96417 0.46798,3.83558 0.70158,5.75298 0.23359,1.91739 0.99807,2.86896 1.49671,4.30304 0.49864,1.43408 0.7798,1.71524 1.1693,2.57247 0.3895,0.85722 0.90453,1.90233 1.35639,2.8531 0.45187,0.95077 0.32741,1.44994 0.32741,1.44994 l 0.19969,3.3716 c 0,0 2.6e-4,3.39575 0,5.09323 -2.7e-4,1.69748 -0.6171,1.41137 -0.92605,2.11667 -0.30894,0.70529 -1.27855,2.75634 -1.91823,4.13411 l 7.17683,0.59531 8.16901,-0.16536 18.3087,-0.31879 19.92494,-0.56126 14.55074,-0.47594 5.78776,-0.29766 c 0,0 1.15781,-0.0769 1.73632,-0.11575 0.57852,-0.0389 0.12154,-0.1651 0.18191,-0.24805 0.0604,-0.0829 0.58455,-0.2092 0.87643,-0.31419 0.29188,-0.105 0.38611,-0.50686 0.57877,-0.76068 0.19266,-0.25382 -0.0769,-0.78246 -0.11575,-1.17409 -0.0388,-0.39163 -0.56198,-0.28637 -0.84336,-0.42995 -0.28138,-0.14358 -0.44071,2.7e-4 -0.66146,0 -0.22075,-2.6e-4 -0.0879,-0.53992 -0.13229,-0.81028 -0.0444,-0.27036 0.2869,-0.6612 0.42995,-0.99219 0.14305,-0.33099 0.35304,-0.87066 0.52916,-1.30638 0.17613,-0.43572 0.25383,-0.36354 0.38034,-0.5457 0.12652,-0.18217 -0.0989,-0.72734 -0.14883,-1.09141 -0.0499,-0.36407 -0.56197,0.0444 -0.84335,0.0661 -0.28139,0.0218 -0.76042,0.14358 -1.14102,0.21497 -0.3806,0.0714 -0.74939,-0.81553 -1.12448,-1.2237 -0.37509,-0.40816 -0.0659,-1.62031 -0.0992,-2.43086 -0.0333,-0.81055 0.16563,-0.27534 0.24805,-0.41341 0.0824,-0.13807 0.44124,0.0995 0.66146,0.14883 0.22022,0.0493 0.50738,0.0995 0.76067,0.14883 0.2533,0.0493 0.27588,-0.47378 0.41342,-0.71107 0.13753,-0.23729 -0.2533,-0.59505 -0.38034,-0.89297 -0.12705,-0.29792 -0.68325,-0.0879 -1.02526,-0.13229 -0.34202,-0.0444 -0.26017,-0.55208 -0.39065,-0.82851 -0.13049,-0.27644 -0.14006,-0.81046 -0.21048,-1.21608 -0.0704,-0.40562 0.40562,-0.35832 0.60804,-0.53788 0.20241,-0.17956 0.82657,-0.0933 1.23946,-0.14032 0.41289,-0.047 0.73303,-0.62336 1.09915,-0.93544 0.36611,-0.31208 -0.28037,-1.09109 -0.42095,-1.63703 -0.14058,-0.54594 -0.52982,-0.93518 -0.79513,-1.40316 -0.26531,-0.46799 -0.12431,-0.68247 -0.18687,-1.02411 -0.0626,-0.34163 0.16563,-0.55095 0.24805,-0.82682 0.0824,-0.27587 0.57353,-2.01718 0.8599,-3.02617 0.28636,-1.00899 -0.099,-1.46597 -0.14883,-2.19935 -0.0499,-0.73338 0.0113,-2.35894 0.0165,-3.5388 0.005,-1.17987 0.59557,-1.97309 0.89296,-2.96003 0.2974,-0.98694 1.81928,-3.03142 2.72852,-4.54752 0.90924,-1.51611 0.11051,-0.81554 0.16536,-1.2237 0.0549,-0.40817 -0.26431,-0.95885 -0.39687,-1.43867 -0.13256,-0.47983 -0.66119,-0.48481 -0.99219,-0.72761 -0.33099,-0.2428 -0.36354,-0.84861 -0.5457,-1.27331 -0.18217,-0.4247 0.1546,-0.9368 0.23151,-1.40559 0.0769,-0.4688 -0.2092,-2.14948 -0.31419,-3.22461 -0.105,-1.07514 -0.70529,-2.07231 -1.05834,-3.10886 -0.35304,-1.03655 -1.42205,-2.74505 -1.42205,-2.74505 z"
       id="La-Plaine"
       sodipodi:nodetypes="csssssssssccssssssssccssc" />
    <path
       sodipodi:nodetypes="ccccccccsssssssssccccssssssssssssssssssscscssssssssssssssssssssscssssssssscssssssssssssssssscc"
       id="Petite-Savanne"
       d="m 336.93035,357.10482 c -0.57851,0.0388 -1.73632,0.11575 -1.73632,0.11575 l -5.78776,0.29766 -14.55074,0.47594 -19.92494,0.56126 -18.3087,0.31879 -8.16901,0.16536 -7.17683,-0.59531 c -0.63967,1.37777 -1.63133,2.86658 -2.44739,4.29948 -0.81606,1.43289 -0.85963,0.79401 -1.28985,1.19062 -0.43021,0.39661 -2.91015,1.49957 -4.36562,2.24896 -1.45547,0.74939 -4.16692,1.38933 -6.25078,2.0836 -2.08386,0.69426 -4.01258,0.9263 -6.01927,1.38906 -2.00669,0.46276 -1.49904,0.46328 -2.24896,0.69453 -0.74992,0.23125 -1.60928,1.49957 -2.41432,2.24896 -0.80504,0.74939 -2.03209,4.07677 -3.04853,6.11476 -1.01645,2.03799 -0.83384,2.7988 -1.25116,4.1978 -0.41732,1.399 -1.85188,2.98275 -1.85188,2.98275 l 2.01745,1.15755 2.05052,1.15756 1.81901,0.42994 c 0,0 1.03655,0.0885 1.55443,0.13229 0.51788,0.0438 0.52943,0.17666 0.79375,0.26459 0.26432,0.0879 0.63967,0.57353 0.95911,0.85989 0.31945,0.28637 0.68378,0.35305 1.02527,0.52917 0.34148,0.17612 1.67595,0.0664 2.51354,0.0992 0.83758,0.0328 1.34523,0.2428 2.01744,0.3638 0.67222,0.121 0.61763,0.0885 0.92605,0.13229 0.30841,0.0438 2.62405,0.48534 3.93567,0.72761 1.31163,0.24227 1.76416,0.33099 2.64584,0.49609 0.88168,0.1651 2.9145,0.67733 4.37136,1.01559 1.45685,0.33827 2.18296,0.53035 3.27405,0.79513 1.09108,0.26478 1.55933,0.15617 2.33861,0.23386 0.77927,0.0777 2.08942,0.46799 3.13373,0.70158 1.04431,0.2336 1.90233,0.90453 2.8531,1.35639 0.95077,0.45187 2.49478,1.06044 3.74178,1.59026 1.24699,0.52982 1.34106,0.46798 2.0112,0.70158 0.67014,0.2336 3.21195,1.24752 4.81753,1.87089 1.60558,0.62336 1.65288,0.62389 2.47893,0.93544 0.82604,0.31155 1.57493,0.0315 2.36199,0.0468 0.78707,0.0153 1.04485,-0.0153 1.56687,-0.0234 0.52202,-0.008 1.71524,-0.0933 2.57247,-0.14032 0.85722,-0.047 1.32548,-0.0153 1.98782,-0.0234 0.66234,-0.008 0.34326,0.48358 0.51449,0.72497 0.17123,0.2414 2.6e-4,0.87335 0,1.30962 -2.6e-4,0.43628 0.24972,0.76421 0.37418,1.14592 0.12446,0.38171 0.59271,0.2809 0.88867,0.42095 0.29596,0.14005 1.30988,-0.29596 1.96443,-0.44433 0.65455,-0.14838 0.76421,-0.77928 1.14592,-1.16931 0.38171,-0.39003 0.67431,-0.33171 1.01107,-0.49796 0.33676,-0.16625 0.76094,-0.19817 1.14102,-0.29765 0.38007,-0.0995 1.15781,2.6e-4 1.73632,0 0.57852,-2.7e-4 0.84914,0.1105 1.27331,0.16536 0.42417,0.0549 1.30113,0.26485 1.9513,0.39687 0.65017,0.13203 1.21294,0.2428 1.81901,0.36381 0.60608,0.121 3.88332,-0.25819 5.82459,-0.38767 1.94126,-0.12949 2.19856,-0.46746 3.29744,-0.70159 1.09888,-0.23412 1.99587,-0.59218 2.99342,-0.88867 0.99754,-0.29649 1.15397,-0.29596 1.73057,-0.44433 0.57659,-0.14838 0.85775,-0.49864 1.28623,-0.74836 0.42848,-0.24972 0.2809,-0.3895 0.42095,-0.58465 0.14005,-0.19515 0.14058,-0.77927 0.21048,-1.16931 0.0699,-0.39003 0.12499,-0.67013 0.18708,-1.0056 0.0621,-0.33546 0.48358,-0.40509 0.72497,-0.60803 0.24139,-0.20295 0.79539,-0.0621 1.19269,-0.0936 0.3973,-0.0314 1.25101,-0.18672 1.87612,-0.28048 0.62511,-0.0938 0.9704,-0.85963 1.45521,-1.28985 0.4848,-0.43021 0.0885,-0.59504 0.13229,-0.89297 0.0438,-0.29792 0.48533,-0.94782 0.7276,-1.42213 0.24227,-0.47431 0.17666,-1.4329 0.26459,-2.14974 0.0879,-0.71684 -0.0879,-1.56519 -0.1323,-2.34818 -0.0444,-0.78299 0.14253,-2.22179 0.21339,-3.33308 0.0709,-1.11129 0.40563,-1.37172 0.60804,-2.05797 0.20242,-0.68626 0.24972,-2.27598 0.37418,-3.41437 0.12446,-1.13839 -0.0621,-1.52763 -0.0936,-2.29184 -0.0314,-0.76421 2.7e-4,-2.49425 0,-3.74177 -2.6e-4,-1.24752 0.49917,-2.05771 0.74836,-3.08696 0.24919,-1.02926 0.15617,-1.05991 0.23386,-1.59026 0.0777,-0.53035 0.62389,-0.77927 0.93544,-1.1693 0.31155,-0.39003 0.99807,-0.52982 1.49671,-0.79513 0.49864,-0.26531 0.40563,-0.37391 0.60804,-0.56126 0.20242,-0.18736 -0.34273,-0.49864 -0.51449,-0.74836 -0.17177,-0.24972 -0.49864,-0.99754 -0.74836,-1.49671 -0.24971,-0.49917 0.13783,-0.78582 0.20635,-1.17913 0.0685,-0.39331 0.90426,-1.23446 1.35599,-1.85209 0.45173,-0.61762 1.12475,-1.01397 1.68672,-1.52135 0.56198,-0.50738 0.37509,-0.5289 0.56224,-0.79375 0.18715,-0.26485 0.57353,0.22075 0.8599,0.33073 0.28636,0.10998 0.9263,0.22075 1.38906,0.33073 0.46276,0.10998 0.68377,-0.0438 1.02526,-0.0661 0.34149,-0.0223 0.63967,-0.59505 0.95911,-0.89297 0.31944,-0.29792 -0.28636,-0.46275 -0.42994,-0.69453 -0.14358,-0.23177 -0.33901,-0.58704 -0.33901,-0.58704 z"
       style="fill:#ff161f;fill-opacity:1;stroke:#ffffff;stroke-width:0.52916667;stroke-linecap:butt;stroke-linejoin:miter;stroke-opacity:1;stroke-miterlimit:4;stroke-dasharray:none" />
    <path
       style="fill:#ff161f;fill-opacity:1;stroke:#ffffff;stroke-width:0.52916667;stroke-linecap:butt;stroke-linejoin:miter;stroke-opacity:1;stroke-miterlimit:4;stroke-dasharray:none"
       d="m 239.28256,389.89661 c 0.31945,0.28637 0.68378,0.35305 1.02527,0.52917 0.34148,0.17612 1.67595,0.0664 2.51354,0.0992 0.83758,0.0328 1.34523,0.2428 2.01744,0.3638 0.67222,0.121 0.61763,0.0885 0.92605,0.13229 0.30841,0.0438 2.62405,0.48534 3.93567,0.72761 1.31163,0.24227 1.76416,0.33099 2.64584,0.49609 0.88168,0.1651 2.9145,0.67733 4.37136,1.01559 1.45685,0.33827 2.18296,0.53035 3.27405,0.79513 1.09108,0.26478 1.55933,0.15617 2.33861,0.23386 0.77927,0.0777 2.08942,0.46799 3.13373,0.70158 1.04431,0.2336 1.90233,0.90453 2.8531,1.35639 0.95077,0.45187 2.49478,1.06044 3.74178,1.59026 1.24699,0.52982 1.34106,0.46798 2.0112,0.70158 0.67014,0.2336 3.21195,1.24752 4.81753,1.87089 1.60558,0.62336 1.65288,0.62389 2.47893,0.93544 l -0.74295,0.75425 -1.25677,0.59531 c 0,0 -0.66119,0.15461 -0.99219,0.23151 -0.33099,0.0769 -0.74939,0.1987 -1.12448,0.29766 -0.37509,0.099 -1.27855,2.6e-4 -1.91823,0 -0.63967,-2.7e-4 -0.99192,0.79401 -1.48828,1.19062 -0.49636,0.39661 -0.33046,1.12475 -0.49609,1.68672 -0.16563,0.56198 -0.28637,1.32318 -0.42995,1.98438 -0.14358,0.66119 -0.83758,1.05859 -1.25677,1.5875 -0.41919,0.5289 -0.90373,1.16884 -1.35599,1.75286 -0.45226,0.58402 -0.6389,0.98156 -0.95875,1.47194 -0.31985,0.49038 -0.42068,1.74642 -0.63142,2.61924 -0.21074,0.87281 0.29648,0.88893 0.44433,1.333 0.14785,0.44408 0.0626,0.49917 0.0935,0.74836 0.0309,0.24919 0.14058,1.06043 0.21048,1.59025 0.0699,0.52982 -0.98195,1.38784 -1.47333,2.08136 -0.49137,0.69353 -1.18463,0.46799 -1.77734,0.70159 -0.59271,0.23359 -2.05771,0.74862 -3.08696,1.12253 -1.02925,0.37391 -1.02872,0.62389 -1.54348,0.93544 -0.51476,0.31155 -2.46307,0.96689 -3.695,1.44994 -1.23194,0.48305 -1.87063,0.68626 -2.80633,1.02899 -0.93571,0.34273 -1.8475,0.95883 -1.8475,0.95883 l -1.82412,-2.87649 -3.46114,-5.77636 -3.67161,-6.38441 c 0,0 -1.09109,-2.55661 -1.63703,-3.83531 -0.54594,-1.27871 -1.24699,-3.74151 -1.87089,-5.61266 -0.62389,-1.87115 -0.43627,-2.33835 -0.65481,-3.50792 -0.21853,-1.16956 -0.33605,-1.25489 -0.50448,-1.88274 -0.16842,-0.62785 -0.3494,-2.51753 -0.52451,-3.77669 -0.1751,-1.25916 -0.0309,-1.74589 -0.0468,-2.61924 -0.0159,-0.87334 0.24472,-1.39934 0.24472,-1.39934 z"
       id="Grand-Bay"
       sodipodi:nodetypes="cssssssssssssssc" />
    <path
       style="fill:#ff161f;fill-opacity:1;stroke:#ffffff;stroke-width:0.52916667;stroke-linecap:butt;stroke-linejoin:miter;stroke-opacity:1;stroke-miterlimit:4;stroke-dasharray:none"
       d="m 207.27955,374.29427 2.96499,1.57943 3.04271,1.32291 6.01927,3.14193 10.78177,5.55625 2.01745,1.15755 2.05052,1.15756 1.81901,0.42994 c 0,0 1.03655,0.0885 1.55443,0.13229 0.51788,0.0438 0.52943,0.17666 0.79375,0.26459 0.26432,0.0879 0.63967,0.57353 0.95911,0.85989 0.31945,0.28637 0,0 0,0 0,0 -0.26058,0.526 -0.24472,1.39934 0.0159,0.87335 -0.12833,1.36008 0.0468,2.61924 0.17511,1.25916 0.35609,3.14884 0.52451,3.77669 0.16843,0.62785 0.28595,0.71318 0.50448,1.88274 0.21854,1.16957 0.0309,1.63677 0.65481,3.50792 0.6239,1.87115 1.32495,4.33395 1.87089,5.61266 0.54594,1.2787 1.63703,3.83531 1.63703,3.83531 l 3.67161,6.38441 3.46114,5.77636 1.82412,2.87649 -0.70493,0.87533 c 0,0 -0.2092,0.83811 -0.31419,1.25677 -0.105,0.41866 0.0885,0.54045 0.13229,0.81029 0.0438,0.26983 0.5625,0.72786 0.84336,1.0914 0.28085,0.36354 0.44123,0.37509 0.66145,0.56224 0.22023,0.18715 0.34202,0.36407 0.51263,0.5457 0.17062,0.18164 0.0885,0.57353 0.1323,0.8599 0.0438,0.28637 -0.56198,0.50738 -0.84336,0.76068 -0.28139,0.25329 -0.71632,0.37509 -1.07487,0.56224 -0.35856,0.18715 -0.44071,-0.10998 -0.66146,-0.16537 -0.22075,-0.0554 -0.46276,0.0444 -0.69453,0.0661 -0.23178,0.0218 -0.88168,0.43021 -1.32292,0.64492 -0.44124,0.21471 -0.60607,0.33099 -0.9095,0.49609 -0.30344,0.1651 -0.53993,0.22075 -0.81029,0.33073 -0.27036,0.10998 -1.11319,0.11051 -1.67018,0.16537 -0.55699,0.0549 -1.08012,-0.40764 -1.62058,-0.61185 -0.54045,-0.20422 -1.02499,-0.19817 -1.53789,-0.29766 -0.51289,-0.0995 -1.03602,0.0995 -1.55442,0.14883 -0.51841,0.0494 -0.56198,0.46329 -0.84336,0.69453 -0.28139,0.23125 -1.08012,1.29011 -1.62058,1.93477 -0.54045,0.64465 -0.96987,0.37509 -1.4552,0.56224 -0.48534,0.18715 -0.9809,-0.33047 -1.47175,-0.4961 -0.49084,-0.16563 -0.55095,-0.59504 -0.82682,-0.89297 -0.27587,-0.29792 -1.03602,-0.41865 -1.55443,-0.62838 -0.51841,-0.20973 -1.19036,-0.10998 -1.78594,-0.16537 -0.59557,-0.0554 -1.35572,0.3751 -2.03398,0.56224 -0.67826,0.18715 -2.08333,0.99246 -3.12539,1.48829 -1.04206,0.49582 -1.23446,0.40816 -1.85208,0.61184 -0.61763,0.20369 -0.84861,-0.15407 -1.27331,-0.23151 -0.4247,-0.0774 -0.29739,-0.59504 -0.44649,-0.89296 -0.14909,-0.29793 -0.79348,-0.79349 -1.19062,-1.19063 -0.39714,-0.39714 -0.9809,-0.0438 -1.47175,-0.0661 -0.49084,-0.0223 -0.88168,0.27588 -1.32291,0.41342 -0.44124,0.13754 -1.3447,0.12153 -2.01745,0.1819 -0.67275,0.0604 -1.77465,-0.10998 -2.66237,-0.16537 -0.88772,-0.0554 -1.3006,-0.40763 -1.9513,-0.61185 -0.6507,-0.20421 -1.10217,-0.70529 -1.65365,-1.05833 -0.55148,-0.35304 -0.60607,-0.80451 -0.9095,-1.20716 -0.30344,-0.40265 -0.12101,-0.84861 -0.1819,-1.27331 -0.0609,-0.4247 0.25382,-0.34149 0.38033,-0.51263 0.12652,-0.17114 0.95938,0.0223 1.43868,0.0331 0.47929,0.0108 0.9704,0.43022 1.4552,0.64493 0.48481,0.21471 1.06963,-0.22023 1.60404,-0.33073 0.53442,-0.11051 0.54378,-0.36487 0.81527,-0.54769 0.27149,-0.18283 0.40563,-0.21801 0.60804,-0.32741 0.20241,-0.1094 0.18735,-0.60777 0.28063,-0.91206 0.0933,-0.30428 0.48358,-0.49863 0.72497,-0.74835 0.24139,-0.24972 0.51476,-0.63896 0.77174,-0.95883 0.25698,-0.31987 0.74862,-0.98195 1.12253,-1.47332 0.37392,-0.49138 1.23194,-1.54322 1.8475,-2.31523 0.61557,-0.772 0.91356,-0.98736 1.36995,-1.48144 0.45638,-0.49407 0.1105,-0.87065 0.16536,-1.30638 0.0549,-0.43572 -0.2092,-1.37777 -0.31419,-2.06705 -0.105,-0.68929 -1.85839,-3.26448 -2.78798,-4.89712 -0.92959,-1.63264 -1.32495,-0.93518 -1.98782,-1.40317 -0.66287,-0.46798 -1.20022,-0.15564 -1.80073,-0.23386 -0.60051,-0.0782 -1.04431,-0.43627 -1.56687,-0.65481 -0.52255,-0.21853 -1.65235,-2.05771 -2.47892,-3.08696 -0.82657,-1.02925 -1.20022,-2.10448 -1.80073,-3.15712 -0.60051,-1.05264 -0.15564,-1.20022 -0.23386,-1.80073 -0.0782,-0.60051 -0.35832,-2.08889 -0.53788,-3.13374 -0.17956,-1.04484 -0.70132,-2.26039 -1.05237,-3.39098 -0.35106,-1.13059 -1.21582,-1.91739 -1.82412,-2.87649 -0.6083,-0.95909 -0.79486,-1.10667 -1.19269,-1.66041 -0.39783,-0.55373 -0.46282,-3.09595 -0.69463,-4.64433 -0.2318,-1.54837 -0.13202,-1.56518 -0.19843,-2.34817 -0.0664,-0.78299 0.33099,-1.10217 0.49609,-1.65365 0.1651,-0.55148 0.66172,-2.05026 0.99219,-3.07578 0.33046,-1.02553 0.50738,-1.98411 0.76067,-2.97656 0.2533,-0.99246 0.46329,-1.3888 0.69454,-2.0836 0.23124,-0.69479 0.22075,-0.72734 0.33073,-1.0914 0.10997,-0.36407 -0.25302,-2.4724 -0.25302,-2.4724 z"
       id="Soufrière"
       sodipodi:nodetypes="ccccccccssccsssssscccc" />
  </g>
</svg>