<svg
   width="1010"
   height="780"
   xmlns:inkscape="http://www.inkscape.org/namespaces/inkscape"
   xmlns:sodipodi="http://sodipodi.sourceforge.net/DTD/sodipodi-0.dtd"
   xmlns="http://www.w3.org/2000/svg"
   xmlns:svg="http://www.w3.org/2000/svg"
   xmlns:rdf="http://www.w3.org/1999/02/22-rdf-syntax-ns#"
   xmlns:cc="http://creativecommons.org/ns#"
   xmlns:dc="http://purl.org/dc/elements/1.1/">
  <metadata
     id="metadata835">
    <rdf:RDF>
      <cc:Work
         rdf:about="">
        <dc:format>image/svg+xml</dc:format>
        <dc:type
           rdf:resource="http://purl.org/dc/dcmitype/StillImage" />
        <dc:title />
      </cc:Work>
    </rdf:RDF>
  </metadata>
  <sodipodi:namedview
     pagecolor="#ffffff"
     bordercolor="#666666"
     borderopacity="1"
     objecttolerance="10"
     gridtolerance="10"
     guidetolerance="10"
     inkscape:pageopacity="0"
     inkscape:pageshadow="2"
     inkscape:window-width="1920"
     inkscape:window-height="1009"
     id="namedview833"
     showgrid="false"
     inkscape:zoom="0.68944087"
     inkscape:cx="453.26585"
     inkscape:cy="433.68476"
     inkscape:window-x="-8"
     inkscape:window-y="-8"
     inkscape:window-maximized="1"
     inkscape:current-layer="svg2"
     inkscape:showpageshadow="0"
     inkscape:pagecheckerboard="0"
     inkscape:deskcolor="#d1d1d1" />
  <defs
     id="defs5" />
  <path
     id="Sud"
     style="fill:#ff0097;fill-opacity:1;stroke:#ffffff;stroke-width:4;stroke-miterlimit:4;stroke-dasharray:none;stroke-opacity:1"
     d="M 290.44336 620.89062 C 290.22921 621.00937 290.14074 621.41787 290.23828 622.29492 C 289.13524 625.54703 290.25782 629.4622 288.06641 632.26172 C 283.71397 631.97922 281.17001 627.10118 276.91211 626.68359 C 271.50358 627.80172 266.01992 626.09498 260.67969 625.16797 C 257.68469 625.88761 254.36524 626.30718 251.57227 624.93359 C 244.21624 625.43366 237.3155 628.43896 230.01172 629.21484 C 223.16502 630.54973 215.71215 629.37337 209.1875 632.15234 C 206.82606 633.62102 208.13209 636.85297 208.51562 639.02539 C 208.82172 641.02823 210.8294 642.12321 211.46875 643.83789 C 211.28493 645.97052 208.15506 644.24307 206.79688 644.80664 C 195.96964 644.84494 185.16073 643.19946 174.93164 639.71289 C 167.99311 638.50703 161.28347 636.15263 155.41406 632.18359 C 147.27496 628.89915 138.67819 633.34326 130.32422 632.92188 C 122.19771 632.70392 114.05536 633.39041 105.96875 632.38672 C 103.07099 632.09061 99.195934 632.2601 98.095703 635.55859 C 97.598079 637.24449 97.536489 639.71279 95.158203 639.74414 C 89.038489 640.50187 83.010471 638.81255 77.878906 635.55859 C 76.452775 634.68843 74.335832 632.41119 72.849609 634.54297 C 70.969346 637.29355 70.563989 641.09457 67.162109 642.65039 C 62.446281 644.42172 57.044423 644.05612 52.025391 644.70117 C 44.330618 645.40142 36.508647 645.13689 28.855469 645.77539 C 26.409892 646.85883 27.904424 650.4305 30.230469 650.49219 C 38.286286 653.3363 41.632598 662.06985 48.384766 666.63086 C 51.905926 668.40969 56.075176 668.06271 59.757812 669.52148 C 63.576578 670.60901 67.774389 671.34276 71.396484 669.24023 C 77.089364 667.12052 82.362392 662.9603 88.501953 662.53711 C 94.871079 662.93315 101.43198 663.54105 107.01562 666.89648 C 113.3748 669.12779 116.59751 675.96736 122.93555 678.28516 C 132.35531 682.40117 142.54406 685.24069 151.00977 691.23633 C 156.69105 695.88736 162.20554 700.76767 167.77148 705.53125 C 173.77142 711.79218 178.67832 719.36181 185.9375 724.26172 C 188.53911 725.94731 192.30262 726.46012 194.0957 729.10547 C 195.47779 733.67757 196.67937 738.79812 200.89258 741.58789 C 203.51568 743.54865 205.22372 746.43976 205.6875 749.68945 C 207.36039 754.20392 208.28297 759.37512 210.40625 763.49219 C 218.62529 767.0039 227.80822 765.38036 236.49609 766.0625 C 241.05644 766.3866 247.54072 765.9339 249.16602 760.80469 C 250.16536 757.49975 247.2525 755.06803 244.99414 753.30469 C 240.85277 749.46058 238.85085 743.88415 233.85547 740.96289 C 230.61411 738.92865 228.27896 734.79472 230.23047 731.05859 C 233.3066 724.41156 239.8395 720.38519 245.6875 716.37891 C 253.54869 711.70647 261.95114 707.95295 269.45898 702.71875 C 273.24386 701.26847 277.24146 699.50786 279.05273 695.60352 C 281.2058 691.98382 284.35618 688.41532 288.89453 688.2207 C 292.08369 687.60464 295.4024 684.62476 298.6582 686.14453 C 300.91865 688.72449 297.70659 691.52804 296.00195 693.29883 C 294.096 694.97732 295.45821 698.45665 298.12695 697.7832 C 302.86398 696.83945 303.86166 691.02227 307.39062 688.33008 C 308.97248 686.40017 312.07934 686.53243 313.03125 689.00195 C 314.20367 690.48597 313.61621 692.20634 312.6875 693.61133 C 311.60052 695.68141 314.69225 697.95416 316.10938 695.86133 C 317.34643 693.7156 319.76973 694.19605 321.56055 695.18945 C 323.37838 696.40071 326.37254 695.21662 325.68555 692.79883 C 324.86857 690.55002 322.86168 687.68016 324.54492 685.41016 C 327.68319 683.70952 332.0694 682.33708 335.33984 684.12891 C 337.72783 686.75065 340.23198 690.38295 344.29102 690.06445 C 347.04379 690.81233 350.36228 690.1574 351.90039 687.51758 C 356.83789 683.31252 363.78838 683.66025 369.78711 682.45703 C 373.88799 682.04425 378.17851 683.52579 382.13086 682.75391 C 384.28288 681.38357 385.26863 677.83202 388.34766 678.42578 C 391.94685 678.03739 394.94944 680.21901 397.95508 681.76953 C 399.34567 682.40363 402.00887 682.43026 402.4707 683.95703 C 399.932 687.63202 394.94243 689.96122 393.95703 694.54883 C 394.42901 697.98154 399.0289 697.51322 401.14258 696.00195 C 406.42456 693.92493 412.41884 695.10027 417.65039 692.85156 C 420.91519 692.5852 425.04123 691.29488 427.9043 693.29883 C 429.39122 695.74065 431.42628 698.37498 434.62109 698.08008 C 447.45088 699.5738 460.75907 699.22493 472.94336 703.89062 C 481.72621 706.30565 490.26893 710.61303 499.59375 709.98828 C 506.7446 710.17555 513.89551 710.39448 521.04688 710.5625 C 518.59385 700.57923 513.16963 691.69389 509.67383 682.09766 C 505.68223 674.13372 501.78831 665.99539 497.08203 658.46094 C 494.06874 655.88188 490.61728 653.9123 488.01953 650.88281 C 483.90066 647.12075 477.41905 645.53187 472.50391 648.82422 C 467.66014 651.44552 461.36122 651.85143 456.61914 648.66602 C 451.53527 646.49115 446.14579 649.38585 441.44922 651.11719 C 434.6943 652.16013 428.14097 649.67156 422.23242 646.69727 C 417.61803 645.42831 412.56747 646.77489 408.0957 644.91602 C 403.35293 645.11339 402.72505 651.14461 398.7832 652.61719 C 389.72494 653.30449 380.58146 653.44567 371.55859 654.79297 C 358.45625 656.36268 344.90215 657.35295 331.94922 654.49219 C 328.32108 652.49065 329.30104 647.20103 330.56055 644.04102 C 332.08441 642.34178 335.13969 639.91007 333.49609 637.46289 C 330.01253 634.68217 325.44149 633.4504 322.32617 630.27734 C 319.99372 625.52662 314.31001 623.66442 309.26562 623.95898 C 304.19365 623.76756 298.90853 624.18256 294.01758 622.82617 C 292.84633 622.78687 291.08579 620.53439 290.44336 620.89062 z M 279.57812 733.85938 C 278.71696 733.86797 277.64656 734.42994 276.74805 735.3457 C 275.42805 736.69105 275.32805 737.03913 275.59961 739.33203 C 276.05019 743.13675 276.99166 744.62948 282.56641 750.37891 C 288.22944 756.21931 289.65847 757.02709 295.69141 757.79297 C 300.13532 758.35709 318.49397 757.96248 321.33594 757.24219 C 324.42416 756.45946 326.43555 754.42206 326.43555 752.07617 C 326.43555 748.89846 323.254 744.55297 318.22656 740.86523 C 315.56018 738.90944 314.81117 738.61183 312.11133 738.43555 C 309.23137 738.24753 308.97894 738.31984 308.16602 739.56055 C 306.81902 741.61633 303.46711 743.34375 300.82812 743.34375 C 298.47068 743.34375 296.75481 742.77191 294.19141 741.13086 C 293.36654 740.60279 291.50055 739.40401 290.04492 738.4668 C 286.37849 736.10621 281.23636 733.84268 279.57812 733.85938 z " />
  <path
     d="m 696.53531,632.88621 c -6.40263,0.71194 -8.57695,7.59949 -12.51375,11.63883 -3.06348,2.69584 -6.53925,5.55471 -10.59214,6.35843 -3.13002,-0.22141 -8.06567,-0.34374 -8.54555,3.76503 -0.88252,2.58481 -2.2727,5.2803 -4.12437,7.17081 -3.36529,-0.89971 -4.10263,-5.35204 -6.99894,-7.12392 -2.07998,-1.70074 -5.64914,-0.77628 -5.98349,2.06219 -0.2901,3.49177 -4.34854,3.51732 -6.98329,3.32759 -4.36508,-0.46188 -8.74547,1.22297 -11.34707,4.82522 -2.6369,3.49682 -6.2439,6.45427 -10.8527,6.46997 -7.19456,1.94935 -13.69342,7.5414 -21.55922,6.46776 -7.19611,0.0601 -14.26964,-1.50707 -21.43425,-1.9372 -0.41413,2.6316 0.88897,5.62494 -0.0156,8.01438 -3.0164,1.03984 -5.10538,-2.46702 -7.5662,-3.64345 -3.17102,-1.87171 -6.08123,-4.20096 -8.36888,-6.96429 -3.05284,-1.02189 -5.95845,1.59191 -9.12361,0.81238 -3.27006,0.0575 -6.73883,-1.58446 -9.8735,-0.51557 -1.98815,1.13503 -2.61116,5.33069 -5.48357,3.9213 -4.53146,-1.77028 -4.20051,-8.02713 -7.8738,-10.4984 -2.23066,-0.65165 -3.10473,1.92576 -3.15577,3.62445 -1.82478,3.609 -4.94445,6.68318 -5.13902,10.94273 -0.87327,6.87716 1.56161,13.58094 1.01464,20.48999 0,2.73393 0,5.46787 0,8.20185 17.55144,5.29885 35.41902,9.68268 53.27316,13.84165 7.67593,-0.79258 15.765,-0.22647 23.18397,-1.89032 1.32815,-1.74288 3.34049,-3.82116 5.70228,-2.64024 3.06064,0.98165 5.66779,-2.06254 3.6713,-4.73363 -0.46523,-2.50512 2.15412,-4.26401 4.43682,-3.34325 4.01489,0.94891 8.13946,2.40114 12.26379,1.35915 8.86645,-0.95366 17.54218,-4.12803 26.46472,-4.34309 9.04158,1.3159 17.79295,5.12412 27.0115,4.9055 2.71293,-0.20972 5.74492,-3.18841 3.73383,-5.87411 -2.27255,-2.2758 -3.35084,-5.38398 -2.78083,-8.54555 0.0597,-2.68034 -0.84712,-7.31093 2.85892,-7.81131 2.77983,-0.83242 4.54236,1.72019 5.46792,3.9369 1.92465,4.15377 7.29944,4.37114 10.96708,2.70269 4.83911,-2.38629 10.34988,-1.56301 15.52439,-2.69139 16.37731,-2.46497 33.04543,-3.97589 49.58826,-2.03989 21.64406,2.58976 43.55858,1.09224 65.04611,-2.01019 6.03543,-0.64416 12.15445,-1.60661 18.17809,-2.22591 3.66009,0.80042 6.85191,3.12817 10.04532,4.93674 2.88411,2.85157 6.09747,5.87441 10.31093,6.43653 2.22932,0.0355 4.57601,-0.92766 6.57715,0.65615 6.17142,2.79362 13.12581,3.40123 19.55953,5.51481 2.72549,0.13928 4.42433,2.07433 5.45032,4.46467 1.83812,5.01449 7.60585,5.92835 11.76581,8.28339 8.566,5.87796 17.7728,12.34317 21.93417,22.21537 0.73259,3.27081 0.45693,7.52056 3.90566,9.38918 4.99958,4.00459 11.21794,6.52625 15.90383,10.85774 2.9349,0.79853 3.41968,-3.03238 4.24935,-4.9055 1.08209,-4.69529 4.71978,-9.13281 3.85876,-14.10725 -0.87506,-1.99425 -3.61065,-3.68185 -1.88886,-6.04619 1.78818,-4.70608 2.53952,-11.24579 -2.15737,-14.60693 -3.82812,-3.23875 -8.8724,-5.14196 -12.1544,-8.96738 -0.90207,-7.39858 4.89475,-13.07571 7.63944,-19.4189 2.9319,-5.91655 7.22525,-11.38762 9.1861,-17.62232 -1.13153,-3.2689 -5.09903,-1.11988 -7.5457,-1.85912 -2.85132,-1.37454 -6.13537,-1.47512 -8.87365,0.12498 -2.85832,1.52692 -5.9621,3.36419 -9.27984,2.20282 -4.56321,-0.22617 -9.02318,3.64864 -13.41986,1.06234 -2.14168,-0.85607 -3.04054,-3.60885 -1.48413,-5.45232 1.2984,-3.11263 1.25721,-6.5907 0.73424,-9.8735 -9.08082,-1.45553 -17.62537,3.89835 -26.62095,2.76523 -1.95491,-0.86687 -3.87976,-1.93181 -6.13967,-1.14048 -5.71238,1.22501 -11.54399,-0.56401 -17.31427,-0.56546 -7.12171,-0.6841 -14.38821,-0.83883 -21.41424,-1.93416 -4.3129,-2.24326 -8.49776,-5.17171 -13.54019,-5.18376 -12.78331,-2.39744 -25.74809,-3.6359 -38.74661,-4.00179 -5.01219,-0.37605 -9.79306,-3.07799 -14.95298,-2.0315 -4.09763,0.36275 -7.48981,2.75789 -10.63898,5.15547 -4.17292,1.38304 -8.73407,0.28691 -12.98243,-0.17182 -3.50712,-1.18927 -7.19066,-2.0127 -10.54525,-3.56196 -3.71788,-2.44063 -2.66444,-7.53381 -5.54605,-10.5453 -1.89406,-2.36249 -5.47357,-5.51176 -8.40497,-2.93705 -2.22147,2.07023 -3.82132,5.2774 -7.32699,5.28045 -2.21211,0.3031 -5.70288,-0.56667 -5.87411,-3.14013 1.43628,-1.34309 2.3125,-4.32789 -0.24996,-4.95239 -7.33758,-1.0275 -14.67172,-2.06969 -22.09039,-2.32775 z"
     style="fill:#ff4cb6;fill-opacity:1;stroke:#ffffff;stroke-width:4;stroke-miterlimit:4;stroke-dasharray:none;stroke-opacity:1"
     id="Sud-Est"
     inkscape:connector-curvature="0" />
  <path
     d="m 321.40484,564.42787 c -8.52546,0.38584 -16.90238,2.06928 -25.16808,4.01499 -6.42837,0.57546 -12.85679,-0.31171 -19.26267,-0.76549 -4.19141,4.06144 -10.51625,8.29494 -9.5142,15.01332 0.25616,3.12718 -3.18217,4.52186 -5.01484,6.48341 -2.82432,2.3565 -6.65889,4.72494 -7.15516,8.62369 0.3127,3.6601 5.29609,4.25106 5.99909,7.54571 -1.80663,3.2874 -6.21271,4.48536 -7.18641,8.37372 -1.73289,4.13168 -1.57251,8.70203 -1.9997,13.10741 4.95305,-0.70239 10.24919,-2.35129 14.96648,0.0625 3.9289,1.20232 8.195,-0.54527 12.06066,0.45303 2.42853,1.94146 5.37509,4.91086 8.59245,4.2806 3.12912,-2.278 0.91016,-7.17701 3.73378,-9.49855 1.54846,-0.53897 2.80152,1.28945 4.38998,1.2967 6.296,1.46633 12.93704,-0.22177 19.18459,1.12483 2.78992,1.19862 6.03378,2.35244 7.17076,5.46792 2.82267,3.77827 8.06682,4.59895 11.37327,7.90504 1.57506,0.84378 1.02074,2.21732 -0.29681,3.07764 -4.07823,2.64954 -4.97119,8.69573 -2.73398,12.81055 5.28664,3.01109 11.74586,2.07853 17.60567,2.85697 15.34477,0.33274 30.49407,-3.29625 45.80659,-3.15378 3.49682,0.16358 7.12441,-1.14562 8.88925,-4.32749 1.43913,-2.02449 3.07668,-5.38778 6.07952,-3.88491 3.19687,1.22152 6.53036,0.93036 9.8712,0.93226 6.01399,0.9674 11.1856,4.9337 17.39806,5.21396 3.27575,0.73829 6.57315,-0.19147 9.42881,-1.71104 4.27365,-1.52412 9.49176,-2.75993 13.40137,0.309 4.35778,2.26811 9.75896,1.53637 13.63857,-1.34354 5.19246,-2.01525 11.71297,-1.64845 15.59138,2.74958 2.69929,2.74048 6.05528,4.86236 8.88925,7.2489 3.44308,5.60339 5.89655,11.74771 9.50446,17.27957 4.09407,6.5827 5.71068,14.24248 9.21145,21.0427 0.71949,1.9795 3.83031,2.50317 4.28059,0.0781 -0.311,-6.52831 -2.38283,-13.50055 0.28121,-19.85638 1.17777,-3.45268 4.99984,-5.83662 4.32749,-9.85785 -0.32305,-4.47342 -2.79762,-8.39423 -6.01473,-11.38892 -1.54502,-2.16022 0.33475,-4.94705 -0.54677,-7.37388 -0.48762,-2.60581 -1.23986,-5.08113 -1.26546,-7.73318 -0.52242,-2.49617 -3.44372,-2.266 -5.35853,-1.9372 -3.98799,-0.18557 -8.34748,0.75453 -12.09191,-0.42184 -0.80658,-2.35849 1.65535,-4.54901 3.9525,-4.01499 3.59435,-0.6351 2.52126,-5.03348 2.82772,-7.59259 0.46218,-5.10238 -1.21487,-10.46706 -4.45248,-14.34157 -1.71624,-1.55442 -3.86956,-0.43139 -5.18671,0.99985 -4.57235,2.60145 -10.29338,0.48412 -14.46655,-2.01535 -4.49912,-3.40858 -9.34493,-6.16481 -14.7946,-7.74882 -5.52701,-2.39364 -11.67722,-2.39339 -17.4505,-0.95296 -6.21885,1.66395 -12.71261,2.48588 -19.13769,1.46853 -11.65383,-1.43018 -21.98066,-7.51226 -33.35433,-10.27969 -15.43675,-4.76427 -31.49741,-7.69613 -47.74274,-7.2333 -4.49307,0.0508 -9.21415,-0.38434 -13.18549,2.10908 -10.17371,4.45962 -21.07745,7.33679 -32.2451,7.12392 -4.80787,-0.0211 -11.1884,1.64665 -14.48215,-2.90581 -0.77503,-2.21616 1.9485,-4.01319 2.49962,-6.06158 1.03499,-1.9276 0.60176,-4.42807 -1.85912,-4.73368 -5.24165,-1.23141 -10.75256,-1.20841 -15.96632,-2.53086 -1.23706,-0.78253 1.16922,-2.13378 1.92161,-2.42148 2.41108,-0.94706 4.97224,-1.6705 6.70208,-3.76508 2.6258,-1.89721 5.55615,1.09713 8.12376,1.70289 3.83212,1.34205 7.99889,-0.11928 11.98138,0.53757 5.19551,-0.0743 10.80596,0.91701 15.73786,-0.97405 2.97675,-1.82568 6.32114,-4.46963 6.75992,-8.14037 -0.18467,-2.04274 -2.58086,-2.50437 -4.24935,-2.32774 z"
     style="fill:#ff0097;fill-opacity:1;stroke:#ffffff;stroke-width:4;stroke-miterlimit:4;stroke-dasharray:none;stroke-opacity:1"
     id="Nippes"
     inkscape:connector-curvature="0" />
  <path
     id="Ouest"
     style="fill:#ff4cb6;fill-opacity:1;stroke:#ffffff;stroke-width:4;stroke-miterlimit:4;stroke-dasharray:none;stroke-opacity:1"
     d="M 653.86914 426.98047 C 648.91531 427.50023 643.96036 429.09283 638.95117 428.09375 C 634.33219 427.63158 629.33088 428.72057 626.39062 432.57227 C 624.61955 434.07813 622.61243 435.45919 620.67188 436.80664 C 626.36481 440.61867 632.60742 443.46716 638.76758 446.33398 C 646.09641 451.33298 653.00238 457.35755 657.18164 465.28711 C 661.31356 469.44054 664.8986 474.08056 668.30078 478.87305 C 670.86774 483.74933 674.16225 488.11094 678.14648 491.9082 C 680.46278 494.61006 682.18304 498.41125 686.11523 499.04688 C 693.8817 500.14292 702.32251 500.7567 708.76758 505.79688 C 711.50046 509.16475 710.85154 514.36755 713.92383 517.68555 C 722.02913 519.35665 730.83625 518.80748 738.0918 523.22266 C 744.34364 526.1855 750.67261 528.86464 756.65039 532.32422 C 757.09262 535.13304 758.87357 539.26209 755.66602 541.04102 C 751.56784 544.23873 749.87493 549.38574 747.49609 553.78906 C 745.95054 557.25979 748.86555 560.79111 749.38672 564.24023 C 751.14356 568.22257 748.58309 572.01339 748.64258 576.04883 C 748.28463 578.41862 748.53741 581.30839 747.40234 583.33203 C 743.41975 583.84451 739.19822 583.7404 735.29492 583.37891 C 731.69087 581.22903 727.85942 576.93453 723.26562 578.37891 C 721.45815 579.50658 721.27176 582.67037 718.57812 582.33203 C 713.03762 581.72802 707.46992 580.50222 701.80078 580.48828 C 694.48575 580.05964 686.96613 580.79151 679.77148 580.16016 C 677.63466 577.99648 675.95985 573.95114 672.22656 575.33203 C 663.33358 576.74726 653.7673 578.66743 647.24609 585.4082 C 639.09749 593.15737 640.72009 606.56367 632.2207 613.99219 C 628.15037 617.08056 623.96747 620.25869 618.9375 621.5293 C 611.32101 623.4363 603.60477 620.97383 596.01953 620.24219 C 592.33884 619.76606 588.91828 618.27395 585.61523 616.6543 C 581.32479 616.04764 576.94442 616.63862 572.61719 616.29492 C 569.12287 616.31032 567.90764 620.24188 564.85156 621.32617 C 562.15613 623.00811 556.91849 623.01418 556.13477 619.13867 C 555.73758 616.80862 554.2654 615.13025 551.88477 614.7793 C 545.00696 613.05771 538.21442 610.98821 531.32617 609.375 C 524.69009 608.0535 518.08136 610.10145 511.42188 610.23438 C 508.82058 610.88327 505.26046 610.3462 503.45508 612.62305 C 501.57107 615.98548 506.76103 618.23795 505.62695 621.63867 C 505.41533 625.36455 506.63862 629.33884 505.89258 632.90234 C 503.81535 634.4303 499.99848 633.92375 499.33008 637.10352 C 500.46736 640.71726 504.88268 639.26444 507.68945 639.58789 C 510.56421 639.74382 514.20028 637.76326 516.51562 640.00977 C 517.34154 642.40314 516.70293 645.1771 518.1875 647.38477 C 518.72642 650.69335 516.82338 655.09423 520 657.53906 C 522.21716 660.09927 524.28698 662.83677 527.12305 664.64648 C 529.78519 669.03346 530.33865 675.87477 535.79492 677.83203 C 538.8658 678.11988 539.16657 674.1257 541.13672 672.95898 C 546.88829 674.53204 553.14048 674.82404 558.90039 673.09961 C 561.15045 673.83409 561.81029 676.75896 564.08594 677.64453 C 567.35529 679.85034 570.38079 683.43361 574.44531 683.72266 C 577.31292 683.01112 575.82051 679.71244 575.50586 677.83203 C 574.89945 676.20017 576.82641 676.11871 577.89648 676.44141 C 587.78692 676.61053 598.41822 680.69679 607.86133 676.06641 C 612.5758 673.60403 617.57127 671.70069 622.79688 670.74023 C 628.50365 668.54368 630.74884 661.38237 636.73242 659.89844 C 640.1809 660.37767 644.88417 661.72435 647.30859 658.21094 C 648.47407 657.21324 647.62678 655.09905 648.87109 654.38281 C 651.09276 654.28981 654.03015 653.87673 655.22852 656.28906 C 656.54106 658.47468 658.97261 662.46503 661.88477 660.28906 C 664.9054 658.33216 664.1029 653.4775 667.14844 651.75781 C 670.6417 650.93004 674.59233 651.61405 677.66602 649.28906 C 682.40129 647.0406 686.23891 643.27798 688.59961 638.61914 C 690.79107 635.592 693.98062 632.93708 697.97266 633.32422 C 705.82111 633.23862 713.51108 635.56013 721.39062 635.01172 C 722.33348 635.51784 720.33573 637.12601 720.07812 637.93164 C 718.56116 639.74872 719.15366 643.06115 721.84375 643.25977 C 725.25968 644.3306 729.09722 642.77517 730.8418 639.65039 C 732.32648 637.79117 735.34525 635.83592 737.3418 638.16602 C 740.78161 640.60869 742.67375 644.50268 743.40234 648.54102 C 744.58081 651.65179 747.87047 652.94621 750.88672 653.39844 C 756.5507 655.34215 762.81004 656.93587 768.77344 655.69531 C 772.37918 654.1343 775.11091 650.53948 779.35156 650.66406 C 784.0309 649.72095 788.59104 650.91327 793.06445 651.97656 C 806.215 653.6421 819.81925 652.9836 832.76367 656.16406 C 836.98943 656.47801 841.26195 657.32141 844.56055 660.11719 C 850.0879 662.99989 856.65384 662.00029 862.66406 662.9375 C 870.80017 663.35664 879.09021 665.24117 887.19336 663.86523 C 888.74468 663.05286 890.33161 663.4641 891.42773 664.72461 C 895.65359 666.85264 900.41079 664.47066 904.64453 663.78711 C 908.92608 662.77832 913.75995 661.66532 917.9707 662.86523 C 920.69118 666.22557 918.28468 670.37603 917.50195 673.95898 C 917.20654 676.83174 920.02775 678.34661 922.48438 678.55078 C 926.30449 678.95047 929.61312 676.2916 933.48242 676.87891 C 937.27284 677.06873 940.81558 675.64919 943.9668 673.84961 C 948.2096 672.18582 952.29093 675.32325 956.63477 674.42383 C 959.3346 674.69564 961.39544 674.02387 962.05664 671.13086 C 965.41903 665.03879 969.06115 659.07466 971.85352 652.71094 C 970.76054 649.40969 966.48442 649.93762 963.96875 648.34961 C 955.27448 644.95902 946.09216 642.42579 937.80078 638.26758 C 935.0309 634.8738 931.30888 632.55313 927.53125 630.49609 C 924.71478 628.49676 923.5809 625.21772 922.625 622.0918 C 920.35179 618.57574 915.63851 618.24569 912.29492 616.13477 C 909.11661 614.47112 905.2004 613.52349 902.58789 611.04688 C 901.10492 607.60795 898.84252 603.9956 898.62891 600.40625 C 901.06308 599.16964 904.13323 600.21467 906.56641 599.03125 C 908.5526 597.23867 908.20517 593.81166 907.25391 591.5957 C 904.32961 587.54672 900.1905 584.54949 896.9082 580.75586 C 892.25272 575.92535 887.13539 571.38153 883.10156 566.11523 C 882.99127 562.39516 880.2121 559.93345 878.13281 557.22656 C 876.33429 553.13999 871.54192 552.99685 867.80664 552.32031 C 866.29747 552.22701 864.21194 550.5005 866.15039 549.30469 C 871.30376 546.13812 876.1329 542.17055 881.77344 539.96289 C 886.28599 541.01153 890.2456 545.43581 895.09961 544.30664 C 897.16505 543.65583 898.59032 539.73508 900.86328 541.79102 C 904.55012 543.94983 908.06126 546.38235 911.68945 548.63281 C 914.61736 546.719 918.49175 545.60321 921.66211 547.53711 C 924.93072 548.20216 929.17214 548.89343 931.75 546.35156 C 934.00896 540.54616 934.28112 534.17816 934.85938 528.05859 C 933.99256 525.09235 930.39349 524.37154 928.51562 522.19922 C 924.88044 519.10359 920.23192 517.33902 915.41211 517.60742 C 910.03333 517.18394 904.95455 515.54157 900.03516 513.43555 C 889.6843 510.31418 878.4024 510.19822 868.19141 513.9043 C 863.54472 515.22065 859.32129 518.19935 854.29297 517.56055 C 851.86304 517.28744 848.81011 517.8241 846.79297 516.4668 C 846.04173 514.5158 843.68351 512.15015 841.63867 514.01367 C 839.54124 515.86393 841.23118 519.91651 838.5293 521.08984 C 834.42093 521.64805 830.63397 524.49146 826.39062 523.27734 C 824.13892 523.14171 822.17639 524.75769 820.4375 525.74609 C 816.71622 524.96186 813.77279 522.38097 810.61133 520.47656 C 806.91519 517.09538 802.58675 513.48966 800.70703 508.76367 C 802.11462 507.59145 803.73785 504.85057 801.26953 503.82812 C 798.66542 502.50639 797.65086 499.546 794.86328 498.59375 C 790.30958 497.02071 785.78206 495.47255 781.45117 493.35547 C 779.22831 491.9146 775.01457 491.9843 774.41406 488.87695 C 775.33947 484.22546 769.78394 481.66054 765.86914 482.51758 C 763.35292 482.51558 760.79339 484.41276 758.35352 483.37695 C 755.85745 478.21268 752.63233 473.1739 747.48047 470.39453 C 738.00932 462.86293 730.83722 452.56309 720.21875 446.46094 C 717.02453 444.11552 712.30862 445.56467 709.50195 442.38477 C 705.26565 439.22543 702.15879 434.42738 697.61328 431.88477 C 686.76459 432.08865 676.6028 427.27079 665.72852 427.29492 C 661.78152 427.04732 657.82364 426.92329 653.86914 426.98047 z M 450.54492 427.39844 C 444.85414 427.40796 435.21982 429.06078 430.75391 430.79492 C 426.17521 432.57283 422.36682 435.63155 419.21875 440.05859 C 416.47002 443.92406 415.41656 446.43956 415.44336 449.07422 C 415.47796 452.48279 416.71704 453.99634 423.67188 459.13281 C 427.24633 461.77272 430.84505 464.6723 431.66992 465.57617 C 432.4948 466.48005 435.85191 470.18812 439.12891 473.81445 C 442.4059 477.4408 445.55453 480.50616 446.12695 480.62695 C 446.69936 480.74774 449.75401 480.9343 452.91602 481.04102 C 458.13907 481.21731 459.5479 481.49351 468.3125 484.07422 C 477.58528 486.80455 478.14714 487.04491 482.77344 490.24805 C 487.17436 493.29512 487.84647 493.59916 490.62305 493.79883 L 493.66016 494.01758 L 500.22656 500.48633 C 503.83771 504.04386 507.25424 507.27679 507.81836 507.67188 C 508.38247 508.06701 512.51408 509.38223 517 510.59375 L 525.15625 512.79688 L 535.9043 513.01953 C 546.61591 513.24119 546.6666 513.24575 550.65234 514.84961 C 552.852 515.73477 555.36105 516.89597 556.22852 517.42969 C 557.09598 517.96346 559.68397 518.81991 561.97852 519.33203 C 564.27307 519.8442 567.16113 520.61635 568.39844 521.04688 C 569.63575 521.47741 571.55513 521.97232 572.66211 522.14844 C 574.46544 522.4354 574.76921 522.69945 575.58984 524.68359 C 576.43606 526.72953 579.51388 529.82314 581.39648 530.51953 C 583.67639 531.3629 587.70196 530.42962 589.34961 528.67578 C 590.83974 527.08962 591.25001 523.94023 590.23242 521.90039 C 589.46264 520.35738 589.47326 520.31637 590.90234 519.44727 C 595.26682 516.79306 596.13192 510.91526 592.82617 506.37891 C 592.32525 505.69151 591.33991 502.90136 590.63672 500.17773 C 589.14664 494.40642 589.63709 495.37942 585.19727 489.38281 C 581.25092 484.05274 574.42339 476.98503 572.14844 475.875 C 571.32356 475.47252 569.29819 474.35989 567.64844 473.40234 C 564.83617 471.77005 564.29052 471.64243 558.90039 471.35547 L 553.15234 471.04883 L 540.24609 465.64062 C 527.92718 460.47832 527.30223 460.15073 526.49805 458.45117 C 525.5142 456.37187 526.1257 456.71916 512.6582 450.58594 C 506.88409 447.95636 500.47233 445.00595 498.41016 444.0293 C 495.1978 442.50792 493.90679 442.19675 489.39648 441.84961 C 483.50918 441.39648 485.91106 442.36599 459.04297 429.58984 C 454.80592 427.57509 454.09807 427.39244 450.54492 427.39844 z " />
  <path
     id="Grand'Anse"
     style="fill:#cc0079;fill-opacity:1;stroke:#ffffff;stroke-width:4;stroke-miterlimit:4;stroke-dasharray:none;stroke-opacity:1"
     d="M 95.580078 533.49414 C 89.710876 533.54164 84.029858 536.26122 80.441406 540.85352 C 79.169702 542.06523 76.8249 542.41159 76.128906 540.43164 C 73.407622 537.59098 69.272895 539.81334 65.912109 539.60352 C 58.839091 540.27866 53.208188 545.57926 46.166016 546.25781 C 43.58911 545.71014 40.556749 546.24587 39.306641 548.77344 C 36.922205 550.28816 33.458023 549.93359 31.855469 552.69531 C 29.935362 554.25547 27.22879 557.10997 29.324219 559.61523 C 30.95347 561.90073 33.064498 564.87349 31.292969 567.69336 C 28.93263 574.49947 23.828581 580.45501 23.089844 587.7207 C 22.706702 591.92811 17.365362 594.93598 19.091797 599.51562 C 20.906119 605.2676 16.238125 610.32742 13.810547 615.16992 C 12.68027 617.50427 10.413764 620.41601 11.669922 622.95117 C 13.796647 625.41944 17.550709 623.62722 20.076172 624.57422 C 21.318232 631.65659 19.53195 639.20939 21.185547 646.33789 C 23.216736 648.83072 26.18428 646.48411 28.542969 646.10352 C 38.246534 645.9093 47.926488 645.03595 57.570312 644.43164 C 62.009033 644.33974 67.864379 644.53095 70.115234 639.85352 C 71.629303 638.07359 72.008883 633.78329 75.128906 634.46484 C 78.537935 635.72075 81.436596 638.15851 85.085938 638.875 C 88.806669 640.02297 93.565379 641.50314 97.001953 639.04102 C 98.864718 637.28364 97.403403 632.92847 100.82812 632.94922 C 108.28834 631.93282 115.82137 634.3825 123.32617 633.29492 C 130.24841 633.32162 137.22557 633.2333 143.93164 631.40234 C 148.63762 630.40879 153.87341 630.55861 157.72656 633.82422 C 166.9058 638.97067 177.57725 640.53965 187.60547 643.30078 C 194.69103 644.47415 202.14486 645.48094 209.20312 644.97852 C 211.74679 643.19239 208.94013 640.77596 208.53125 638.82227 C 208.15505 636.06644 208.14324 631.36527 211.96875 631.35547 C 221.88339 629.88475 232.09649 630.12161 241.73047 627.01953 C 245.07331 625.97069 249.21538 625.70207 251.94727 623.76172 C 253.52147 618.69729 253.01465 611.85087 258.30859 609.00195 C 260.5282 608.08319 262.73784 604.99409 260.11719 603.17188 C 258.28932 601.28401 254.1968 599.24838 255.96094 596.04883 C 258.61362 590.6382 265.62107 588.70766 267.94336 583.16016 C 268.32861 579.97944 264.14625 578.80844 261.92969 580.34766 C 257.2619 581.26852 252.35814 581.04119 247.63477 581.22266 C 244.42826 579.92351 242.38506 576.73307 239.04492 575.61719 C 234.82542 572.92874 230.07268 570.87319 224.91992 571.34961 C 218.03317 571.1384 209.91072 572.01316 204.46875 566.99023 C 202.96843 564.31439 200.09522 563.29791 197.25195 562.97461 C 190.81774 561.11474 184.2804 559.36757 177.52148 559.83594 C 171.69778 560.00907 165.68067 560.34103 160.3125 557.70508 C 150.78101 555.08698 141.66798 550.6343 134.85742 543.30078 C 131.29747 539.18286 125.98481 537.71401 120.80664 536.72656 C 112.54081 534.86599 104.06148 533.82774 95.580078 533.49414 z M 260.21484 542.375 C 256.39243 542.375 255.42823 542.56038 253.06055 543.75 C 249.80169 545.38735 246.41192 548.25387 244.96094 550.60156 C 243.50121 552.9635 243.79778 557.09044 245.625 559.85156 C 246.70923 561.48996 247.94742 562.33318 252.57031 564.58203 C 255.66459 566.08725 258.75791 567.41824 259.44531 567.54102 C 263.4157 568.25041 272.43568 566.43657 273.9375 564.62695 C 274.2595 564.23896 275.26727 563.6768 276.17578 563.37695 C 278.05405 562.75704 282.71491 557.70502 283.20312 555.75977 C 283.67115 553.89496 282.64433 550.75243 281.07617 549.25 C 279.26944 547.51907 272.06928 544.19948 267.91211 543.17969 C 266.10728 542.7369 262.64442 542.375 260.21484 542.375 z " />
  <path
     d="m 876.42981,295.3125 c -4.77467,1.22764 -10.02608,2.04855 -14.26343,4.38996 -1.40604,2.67623 -0.37029,6.74683 -3.76508,8.18625 -3.56571,2.47047 -7.63999,3.80014 -11.8263,4.79615 -4.19366,0.92163 -6.21996,4.81731 -8.67058,7.84256 -2.71924,2.56876 -6.85091,0.68442 -10.17031,1.54664 -2.45457,-0.0457 -3.92195,3.08933 -6.31154,1.74973 -3.15242,-1.18147 -6.11057,-3.26904 -7.17081,-6.60837 -2.06203,-4.15313 -7.2271,-5.02902 -10.76366,-7.5461 -1.77373,-0.54718 -4.08173,-3.68844 -4.82772,-0.57767 -2.38198,4.2312 -6.9111,6.20832 -10.93583,8.60807 -4.03014,3.97979 -1.15323,10.3903 -3.23386,15.06021 -2.27776,1.76679 -6.42473,3.77146 -5.26485,7.37388 0.45528,1.5146 2.20996,2.84334 1.07798,4.43683 -1.37774,2.32255 -2.56486,5.82201 0.28121,7.62384 1.51392,1.21796 3.86461,2.05549 3.62445,4.38995 1.48742,5.04319 6.2541,8.33922 8.45182,12.85742 -1.62041,2.5296 -5.57811,3.6099 -5.79597,7.18641 -0.60986,3.96841 2.73833,6.56422 5.03048,9.13924 1.11033,1.92856 -1.14927,3.82773 -1.04299,5.8748 -0.53212,3.11044 -1.85512,5.96548 -3.6282,8.49801 -0.44873,1.81216 0.40209,4.03528 -1.64035,5.17109 -3.12597,2.87996 0.0751,7.18119 1.0035,10.29473 2.08448,3.90797 -0.95076,8.7847 2.02729,12.42057 2.98705,2.12788 1.86837,6.41458 0.24996,9.07674 -3.06348,5.13161 -4.43037,11.27748 -4.71013,17.24732 -0.24206,4.0431 0.52357,8.70269 -1.41394,12.26382 -2.79312,2.25842 -6.32973,-0.10687 -9.49855,0.3997 -7.19926,-0.21143 -14.73761,1.63976 -21.55298,-1.51463 -2.289,-0.46254 -5.91305,-2.10479 -7.45826,0.38067 -0.87077,3.3227 3.66599,4.36459 5.34039,6.37682 3.65489,2.79153 6.59809,6.49413 8.48566,10.60497 2.51046,1.9213 5.61684,-0.29891 8.43621,0.26559 2.42354,-0.0992 5.79652,-1.34192 6.85831,1.71849 1.60301,2.56139 1.55756,6.26179 4.85866,7.37387 4.91516,2.00255 9.64819,4.38149 14.7946,5.81162 4.01389,1.28583 6.5811,4.86709 9.34233,7.56138 1.04419,1.64395 -2.50447,2.48352 -1.62475,4.43682 4.55541,6.97015 11.37852,12.45221 18.93462,16.10691 2.79243,-1.94241 6.20256,-3.26436 9.60794,-2.42148 3.25841,-0.14808 6.15117,-2.02525 9.32668,-2.51527 2.83342,-1.49797 1.013,-5.35464 3.18702,-7.32699 0.49867,-1.10249 2.08183,-2.68804 2.82772,-0.82803 1.09588,2.3325 2.91666,4.85687 5.84286,4.49932 4.9233,0.76194 10.13226,0.36955 14.40741,-2.3071 8.95924,-3.39343 18.83974,-5.42792 28.39858,-3.11393 5.25125,0.64181 10.02213,2.89126 14.98208,4.46807 4.84726,1.27167 10.1479,0.63151 14.82589,2.15593 4.06973,2.65095 7.74877,5.86991 11.70132,8.71743 3.44633,-0.55092 6.10132,-3.55381 6.42093,-6.93645 2.06128,-2.10883 5.30894,-2.43773 7.75207,-4.00625 2.51896,-1.11003 5.04098,-2.20866 7.5737,-3.28955 1.85871,-12.7667 5.53271,-25.35959 6.60144,-38.17685 -0.83862,-4.50464 -0.95805,-9.19416 -1.14912,-13.67464 -1.36255,-2.00837 -4.12218,-2.72763 -4.71214,-5.34182 -2.54721,-4.71588 -6.48381,-9.00048 -11.76976,-10.49952 -2.20536,-2.67133 -3.07453,-6.24855 -4.29389,-9.38531 -0.43824,-2.76016 -2.53262,-5.05364 -5.40988,-5.37437 -4.86101,-2.03276 -10.50735,-3.38319 -15.52674,-1.09728 -4.33614,1.4368 -8.35813,4.35122 -12.8262,4.98361 -1.76488,-1.79453 0.46098,-4.3149 1.62475,-5.90535 0.60051,-2.18589 1.972,-3.94348 4.18687,-4.6243 4.37523,-2.42931 7.55455,-6.37647 10.74836,-10.06097 2.65355,-1.43536 4.51801,2.02705 7.12392,2.01532 6.73702,1.08543 11.89594,-4.8096 14.61093,-10.23496 3.71563,-5.28208 10.68217,-6.66221 15.94692,-9.96509 4.9816,-3.43309 6.32294,-9.95843 7.76187,-15.47022 0.21657,-2.39615 1.23856,-5.0454 3.9551,-5.21414 4.46147,-0.69129 8.98514,-2.36888 12.35752,-5.35856 2.79928,-3.21689 1.50187,-7.88131 2.75253,-11.70752 0.95306,-7.55423 6.15952,-14.66494 4.44948,-22.4904 -0.91931,-3.23438 -5.19206,-3.43527 -7.96754,-4.32747 -6.45217,-1.87468 -14.02867,-1.61042 -19.0752,-6.60837 -2.18442,-1.95758 -1.89276,-5.1646 -3.67134,-7.31139 -1.9773,-1.46195 -4.67459,-1.40391 -7.06143,-1.73411 -2.77368,0.22111 -4.98779,2.4505 -7.93464,2.10286 -2.83947,-0.0772 -5.67574,0.54156 -8.35973,1.02166 -2.43128,0.10885 -3.08243,-2.91415 -5.54606,-2.43713 -2.43738,0.0446 -4.48877,2.21707 -6.84271,0.76551 -3.2631,-0.5837 -6.65874,1.62166 -9.81101,0 -4.65009,-0.93187 -11.06092,1.58733 -13.96662,-3.35886 -1.641,-3.21903 -3.16982,-7.6865 -7.33699,-8.15876 -6.04303,-1.53194 -13.00162,-3.2404 -16.23753,-9.10424 -0.6549,-0.80546 -1.63205,-1.33357 -2.70274,-1.18732 z"
     style="fill:#ff0097;fill-opacity:1;stroke:#ffffff;stroke-width:4;stroke-miterlimit:4;stroke-dasharray:none;stroke-opacity:1"
     id="Centre"
     inkscape:connector-curvature="0" />
  <path
     d="m 626.2335,123.49487 c -3.30215,0.58787 -8.08407,-0.54692 -9.84226,3.26513 -2.12842,2.47876 -3.39678,7.47015 -7.63419,5.95779 -2.76693,-0.727 -5.79832,-0.0316 -7.551,2.3222 -4.08108,3.56473 -8.98988,6.37398 -12.40436,10.54527 -0.87002,1.85712 1.11778,5.35826 -1.90596,5.65539 -2.89156,1.07406 -7.53111,1.39048 -8.35813,4.98362 0.0898,1.64088 -0.58841,3.60826 -2.6402,3.23388 -6.65104,0.96778 -13.57324,0.72116 -19.97396,-1.19486 -2.04944,-0.28597 -4.17987,-0.65532 -5.28785,-2.53895 -3.40298,-2.42834 -7.9096,-0.60862 -11.77946,-1.29667 -5.46072,-0.46745 -11.04582,3.40305 -16.24753,0.45305 -3.9458,-2.38595 -8.78277,-2.80631 -12.8418,-5.03048 -5.21181,-1.56636 -11.33358,0.84478 -14.60713,4.92112 -1.49337,2.83442 -3.01619,6.11106 -6.37403,6.98332 -2.61985,0.88245 -6.52771,1.27989 -6.45217,4.92112 -0.51807,4.758 -2.23436,9.1218 -4.37433,13.34173 -1.31355,2.7686 -1.04094,7.26814 2.09343,8.60806 3.22401,0.56477 4.45967,-4.34091 7.78007,-2.9683 8.69208,2.16966 17.90627,3.04876 25.71484,7.87381 8.61259,3.91119 15.92818,10.06446 23.37559,15.74673 13.08736,5.93426 26.87332,10.41306 39.61483,17.04516 11.32793,7.97199 19.14029,20.04625 30.68284,27.74578 2.11448,1.52592 4.50806,2.5516 6.97894,1.20357 2.75583,-0.63494 5.83771,-2.11438 8.5187,-1.8441 2.09573,4.74684 3.68864,9.78692 7.12392,13.79478 1.42008,1.42157 0.9869,3.50602 -0.89047,4.34309 -1.58126,1.80209 -4.70858,2.60162 -6.04598,0.1406 -0.76843,-2.06525 -3.21036,-5.40653 -5.6085,-3.29637 -2.38203,2.58684 1.09954,5.45878 2.42149,7.49886 -0.24512,2.66321 -2.42678,4.89003 -3.37449,7.37388 -0.47038,1.51543 -1.89271,1.99653 -3.18702,1.04671 -2.43303,-1.0329 -5.5438,-3.95567 -8.01438,-1.43728 -2.60065,1.54348 -3.74688,4.51726 -3.34324,7.43637 0.41829,5.79351 6.57945,9.2127 11.90444,9.23297 2.37049,0.81732 4.00324,3.08495 5.2648,5.18671 0.91596,2.25118 1.6698,5.50686 0.23437,7.51449 -2.40449,0.34157 -5.14837,0.0305 -6.93645,2.07781 -2.55076,1.90112 -5.84711,2.29483 -8.77992,1.21856 -3.01654,0.0453 -2.57525,3.77323 -2.89021,5.7335 -1.51407,5.17233 -2.72553,10.9638 -6.12407,15.15395 -2.50057,1.0204 -1.24851,4.30459 0.45309,5.51479 5.49606,6.63358 10.23599,13.92099 15.43515,20.65311 5.27435,1.82074 11.76066,2.60195 15.40391,7.20203 1.99614,6.41969 -3.34689,13.04213 -9.76417,13.85727 -7.19815,1.44618 -14.93798,0.72761 -21.6842,4.10875 -4.2863,1.24178 -9.42827,3.71507 -9.92034,8.68618 -1.06154,3.44756 -0.53992,8.42643 3.62445,9.38919 9.08966,3.50689 19.98161,5.64742 26.12102,13.99788 2.81788,4.13765 2.24366,9.49373 4.20247,13.93538 1.21681,2.25254 4.38523,2.48032 5.98349,0.54679 3.77797,-3.16166 7.90899,-7.49562 13.37296,-6.09283 4.17282,0.71472 8.5568,0.91374 12.62308,-0.53116 15.10886,-2.55464 30.04749,2.49439 44.89943,4.59305 2.25626,-0.24427 4.66714,0.20137 5.79597,2.32777 4.5805,4.25569 8.98278,10.31565 15.82574,10.71712 9.81306,3.75161 16.36651,12.41905 24.10569,19.04398 2.76728,2.03243 6.1972,-0.40637 9.12361,0.92173 4.31519,1.22443 8.66488,2.98799 13.26363,1.96845 6.08308,-0.50934 12.31598,0.33871 18.29407,0.14061 3.55536,-2.08902 2.20102,-6.85725 2.71834,-10.24844 0.14333,-7.95898 1.40674,-16.09455 6.04598,-22.7153 1.25791,-2.91818 -0.47113,-6.1772 -2.79648,-7.96754 -0.58051,-4.94926 0.44649,-10.26901 -2.35899,-14.71651 -1.25211,-2.38324 -1.11253,-5.38481 1.21857,-7.03018 1.47242,-2.17484 -7e-4,-5.45876 2.37464,-7.1083 2.2533,-3.45204 2.2971,-7.77546 3.56196,-11.62323 -1.68395,-2.64216 -6.05808,-4.3122 -5.03049,-8.06128 -0.69589,-2.43883 0.57361,-4.82605 2.81207,-5.85848 1.9709,-1.17042 3.07284,-4.15135 0.88192,-5.69496 -3.12888,-3.42973 -5.9018,-7.2114 -7.5684,-11.53679 -1.40739,-2.30876 -5.54831,-3.6568 -4.37434,-6.93645 1.15443,-2.1009 2.40359,-4.77412 0.71865,-6.96769 -1.05314,-2.18825 -0.47308,-5.02762 1.9372,-5.95222 2.0091,-1.10492 4.5785,-3.04029 3.5932,-5.7335 -0.16732,-4.46828 -0.34419,-10.52108 4.45243,-12.54497 4.53316,-2.39121 10.03882,-6.25061 9.37357,-12.09191 -0.87161,-4.72515 -6.94884,-5.38477 -8.48306,-9.76414 -2.20526,-3.42342 -1.46223,-7.89918 -3.53071,-11.29516 -1.3512,-1.75581 -4.68109,-3.74654 -2.74958,-6.26468 1.70504,-1.91349 5.65194,-0.89182 5.95219,-4.06188 0.35925,-2.8697 0.62801,-5.69028 0.82803,-8.5612 -0.18278,-4.34762 -4.06369,-6.82656 -7.38953,-8.8424 -3.39358,-2.19589 0.30715,-7.52036 -3.09328,-9.65478 -3.57626,-1.21263 -6.73078,1.47817 -10.06097,2.1403 -4.65064,0.18044 -9.39997,2.71297 -13.98222,1.49977 -2.23986,-3.01175 2.04688,-6.65781 0.0781,-9.88912 -1.08223,-1.96429 -2.46657,-4.72689 -0.14058,-6.40528 1.85372,-1.90693 2.0359,-5.08384 -0.0781,-6.9052 -1.43599,-1.68602 -1.40489,-4.01039 0.0625,-5.60852 1.86706,-4.66493 -2.10718,-9.34159 -5.90536,-11.56075 -2.72633,-2.69073 -5.95419,-7.3911 -10.43591,-5.5929 -3.49657,1.38689 -5.78042,5.13347 -9.79536,5.34294 -2.70909,0.34038 -7.19971,0.83185 -7.21765,4.40558 0.37204,3.11968 4.47332,6.04704 1.71849,9.17048 -2.68495,4.68164 -8.75207,7.86197 -13.82605,5.35856 -5.54146,-2.63371 -9.01723,-8.26077 -13.58004,-12.34585 -3.99184,-4.35847 -8.94974,-7.81145 -14.21259,-10.35382 -2.69139,-1.78261 -2.68874,-5.31997 -4.20251,-7.85818 -2.60045,-3.3511 -5.91385,-6.31551 -7.28014,-10.46716 -2.04754,-3.7026 -2.09508,-8.07074 -3.07763,-11.98255 -2.07569,-2.55641 -5.64744,-2.80777 -7.85821,-5.20234 -1.6198,-1.08182 -5.33404,-2.82036 -3.39008,-5.20233 2.53971,-2.85583 5.69153,-6.20752 4.60865,-10.45154 -0.15008,-4.26725 -2.54817,-8.71073 -6.70208,-10.13908 -2.08039,-0.49326 -3.21737,1.48108 -3.57761,3.18701 -1.3041,1.53079 -4.23326,1.74387 -5.79597,0.57804 -1.75728,-3.96765 4.14367,-7.60372 1.45288,-11.51387 -2.46788,-2.47531 -6.51166,-0.58337 -9.5454,-0.73427 -1.9897,0.18487 -1.73534,-2.80664 -2.34339,-4.12437 -0.58826,-4.52604 -4.86796,-8.15884 -9.40482,-8.04565 z"
     style="fill:#ff4cb6;fill-opacity:1;stroke:#ffffff;stroke-width:4;stroke-miterlimit:4;stroke-dasharray:none;stroke-opacity:1"
     id="L'Artibonite"
     inkscape:connector-curvature="0" />
  <path
     d="m 672.9295,100.98267 c -5.24521,1.03032 -7.53601,6.55376 -9.17046,11.02957 -0.26926,1.48227 -0.92756,4.12688 -2.9683,3.07766 -2.2697,-0.98881 -5.37573,-0.40893 -5.921,2.35901 -0.85257,1.77408 -0.21996,5.71738 -3.12452,5.35856 -2.30945,0.0969 -4.19706,-1.37725 -5.15547,-3.32762 -2.94245,-2.46143 -7.1954,-1.90681 -10.73272,-2.6246 -1.84552,-0.42524 -3.63569,1.16879 -2.81207,3.12453 0.0911,5.03538 1.70314,9.87862 3.45258,14.51342 1.63355,2.87614 4.98474,0.43571 7.40512,0.59366 2.26846,-0.41622 5.40263,1.40065 4.20251,3.96814 -0.57276,2.88763 -3.87611,5.93943 -1.99969,8.93614 2.38913,2.32563 6.219,0.0611 6.76457,-2.84331 0.58201,-2.43938 3.5775,-0.33336 4.74927,0.56241 2.65015,1.69296 4.36809,4.46945 4.17127,7.65509 0.36235,3.1396 0.0866,6.52461 -2.34339,8.76429 -1.43054,1.57665 -3.62105,3.66727 -1.656,5.62415 2.04399,1.8173 4.43297,3.33036 6.74897,4.79614 2.07614,0.84777 4.927,1.89673 4.54616,4.70241 0.82073,7.31118 3.91276,14.43862 9.31109,19.48141 2.2587,3.27375 2.50162,8.08882 6.5615,9.8735 10.96443,4.41856 16.18064,16.09561 26.16792,21.80919 5.95425,2.61826 13.35137,-1.89964 14.90398,-7.88943 0.43564,-3.20492 -3.68189,-5.36854 -2.73398,-8.45184 3.3026,-3.61422 9.58574,-1.44441 12.8418,-5.3898 2.88551,-3.45868 8.71752,-3.80308 11.56074,-0.12498 1.90036,2.5651 4.59885,4.20095 6.87396,6.40527 2.65219,3.02102 3.09003,8.09559 -0.0937,10.87335 1.9629,2.34891 4.99189,6.41173 2.23406,9.21735 -2.50847,1.45162 -1.82827,4.87013 -0.17187,6.65524 1.30085,3.3579 -1.72189,7.21105 0.0156,10.34217 2.29995,1.92569 5.18917,-0.6034 7.76442,-0.43743 4.66519,-0.58559 9.17941,-1.9149 13.48235,-3.60883 3.05589,-0.55855 5.53746,2.84638 4.20247,5.62415 -0.73174,2.11134 0.35969,4.46583 2.58305,4.97778 3.2885,1.71872 7.2622,4.59514 6.08818,8.86293 -0.28416,3.33405 0.3326,7.34088 -1.60981,10.15564 -2.15147,0.0928 -5.88925,1.01874 -4.9055,4.03064 0.65255,2.80799 4.82871,3.72583 4.14002,6.98331 0.13603,5.99197 3.20331,12.06445 8.82676,14.59153 1.83162,1.37858 2.25475,3.9227 1.62475,6.03034 4.66794,3.13968 10.45841,4.75457 14.59153,8.59244 1.326,3.41553 3.42303,6.57218 6.95209,7.92067 2.20102,1.37684 4.2727,-0.38596 6.07718,-1.37479 3.76358,-1.25893 8.35663,0.56385 11.68572,-1.78098 2.77248,-3.36254 5.30115,-8.06937 10.25265,-8.16747 4.27405,-0.96043 8.39907,-3.03754 11.8065,-5.73667 1.75228,-1.94195 0.91176,-5.07345 2.34339,-6.96769 4.16917,-2.49294 9.52881,-2.08637 13.60734,-4.7649 2.11322,-2.49977 -0.90612,-5.57815 -1.47718,-8.15663 -4.24296,-9.92998 -10.02093,-20.04658 -19.44154,-25.77571 -4.42183,-2.42823 -9.71143,-2.64471 -14.43531,-3.96814 -1.22716,-1.63833 -0.0811,-4.4286 2.15592,-4.31185 2.16967,-0.0894 4.13477,-1.86255 3.52077,-4.12301 0.44878,-2.91086 -0.60856,-6.34551 -3.70824,-7.23464 -4.35744,-2.2349 -6.40348,-6.935 -6.65524,-11.59199 -0.0115,-4.26761 -0.24011,-8.77189 -3.03079,-12.23251 -1.82987,-3.77515 -3.46927,-7.64961 -5.38978,-11.37327 -0.54381,-2.50299 3.05489,-3.45751 2.95265,-6.0772 -0.17967,-3.13784 -1.68124,-7.05818 0.84363,-9.67041 2.76533,-1.29812 6.54405,0.83617 9.07677,-1.54664 3.67629,-3.20576 2.79022,-8.87306 6.29589,-12.20127 1.71694,-3.00426 -0.0145,-6.75326 1.24981,-9.77976 2.53436,-1.73152 5.82996,-4.721 3.96815,-8.13939 -0.3686,-2.9023 1.3058,-7.58084 -2.43713,-8.82678 -4.6449,-1.27939 -9.24925,1.20625 -13.85725,1.60913 -4.44987,0.65914 -9.62578,-0.2001 -12.85744,-3.46822 -1.22062,-2.30311 -3.12818,-4.65867 -6.03034,-4.04626 -5.56535,1.08374 -10.92569,3.97288 -16.76305,3.20263 -3.47072,-0.42301 -4.96479,-4.58161 -3.35889,-7.46761 0.60016,-2.52835 3.46843,-5.78129 1.28106,-8.09252 -2.76493,-1.82216 -6.18136,0.17331 -9.21605,-0.0377 -2.91736,0.56667 -6.32234,0.35154 -8.9062,1.45936 -1.78823,2.18557 -1.76703,6.85298 -5.21795,7.03018 -4.78388,0.22302 -9.89045,-1.38176 -14.45091,-0.18747 -2.47137,2.84302 -0.74073,6.86852 -1.42168,10.20157 0.0265,1.2782 0.43298,3.67943 -1.56226,3.24951 -2.04899,0.0533 -4.39259,2.21993 -6.13967,0.98422 -1.55316,-2.55355 -2.47017,-5.78589 -2.53087,-8.65493 1.82298,-0.93608 2.77478,-2.89352 1.98405,-4.87426 -0.44203,-3.39315 -2.54661,-6.41062 -5.62414,-7.95192 -4.36229,-3.2617 -8.86405,-6.59518 -12.45121,-10.639 -2.05609,-1.02704 -3.41158,1.66951 -5.18671,1.60913 -9.56475,-4.53626 -20.66471,-4.12544 -30.72973,-6.81147 -3.38633,-1.95357 -5.90125,-6.88689 -10.48276,-5.70226 -2.9223,-0.005 -3.79342,-3.74561 -6.17096,-4.95237 -2.19701,-1.73513 -3.86086,-5.42936 -6.93644,-5.45229 z"
     style="fill:#cc0079;fill-opacity:1;stroke:#ffffff;stroke-width:4;stroke-miterlimit:4;stroke-dasharray:none;stroke-opacity:1"
     id="Nord"
     inkscape:connector-curvature="0" />
  <path
     d="m 876.08611,149.1316 c -6.97754,2.18222 -10.4771,9.46267 -16.76305,12.62308 -3.50447,0.35256 -7.52181,0.59807 -9.76416,3.74943 -2.3223,1.91033 -2.40419,5.072 -1.90596,7.78006 -0.53162,3.85948 -4.3299,6.59142 -4.37434,10.65463 -1.11848,3.58439 -4.34774,6.6812 -8.35808,6.04596 -1.87456,0.32262 -4.79962,-0.60543 -4.9524,2.01532 -0.9889,2.7645 -0.31285,5.75283 0.78114,8.29561 -0.78414,2.30517 -4.73943,3.85142 -3.18702,6.7646 2.86791,4.83805 4.69969,10.30278 7.65509,15.10708 1.04309,3.86075 -0.0492,8.12207 1.53861,11.94904 0.91751,4.16584 4.42503,6.83102 7.99119,8.78218 2.56421,1.636 1.44843,5.13522 1.40603,7.70196 -0.71634,2.3038 -4.11262,1.32429 -5.51476,3.17139 -1.89471,1.84056 0.36335,4.29324 2.51522,4.29622 3.972,0.36905 7.92634,0.92483 11.43576,2.98392 6.54496,3.96948 11.50235,10.25766 15.4801,16.71283 4.5821,7.33229 5.96359,16.78633 12.34382,22.93739 4.19821,3.18204 9.74842,3.917 14.64882,5.53253 3.6395,0.83745 3.73974,5.5016 5.86366,8.01229 2.59306,3.98988 8.04678,2.32203 12.02942,2.9683 2.6573,-0.0172 5.13552,1.85437 7.62384,0.12498 2.16908,-1.08096 4.38684,-0.16646 6.53026,0.29683 2.69314,-0.90075 6.28075,-1.3838 8.42062,1.06234 2.24226,1.2368 4.2627,-1.31829 6.624,-0.54679 3.64299,0.0659 7.30034,-0.4392 10.56089,-2.12468 -5.11262,-3.26584 -6.28534,-9.61052 -9.46731,-14.35719 -1.32365,-3.08593 -3.27955,-6.57316 -2.48402,-9.96724 2.02589,-1.56839 5.00609,-1.48997 7.01458,-3.2495 4.44557,-3.02914 8.70763,-6.74925 14.27908,-7.32701 2.50552,-0.51063 5.04253,-0.69135 7.5926,-1.01548 0.53736,-6.83703 -0.69885,-14.17821 3.09327,-20.26254 2.08154,-6.1321 -0.84027,-12.48038 -1.08368,-18.63643 -0.41084,-4.88889 0.39879,-10.33735 -3.00944,-14.37418 -4.287,-7.51426 -7.09967,-16.20973 -13.76356,-22.09039 -1.92061,-1.91365 -4.42313,-3.51748 -3.9181,-6.52834 -0.52607,-4.98966 -1.45918,-10.43699 1.49662,-14.85903 0.98,-2.71932 3.31769,-5.85343 2.43713,-8.65494 -2.33935,-2.46989 -5.86891,-3.56629 -7.56135,-6.7021 -1.82853,-1.92191 -1.60636,-4.87773 -3.04644,-6.7646 -3.04334,-2.23541 -7.09442,-1.24641 -10.54955,-2.43649 -19.87852,-3.19165 -39.7563,-7.00195 -59.65853,-9.67104 z"
     style="fill:#80004c;fill-opacity:1;stroke:#ffffff;stroke-width:4;stroke-miterlimit:4;stroke-dasharray:none;stroke-opacity:1"
     id="Nord-Est"
     inkscape:connector-curvature="0" />
  <path
     id="Nord-Ouest"
     style="fill:#80004c;fill-opacity:1;stroke:#ffffff;stroke-width:4;stroke-miterlimit:4;stroke-dasharray:none;stroke-opacity:1"
     d="M 587.19336 22.322266 C 583.91781 22.436832 580.64073 22.55145 577.36523 22.666016 C 563.12586 23.52938 548.51812 25.208331 535.45117 31.072266 C 532.70743 33.749532 536.3679 38.030736 539.62109 37.242188 C 546.1268 36.963999 552.16143 39.358952 557.99219 41.953125 C 563.1337 44.268822 568.8024 44.756133 574.42773 44.523438 C 581.91949 44.509558 589.25013 45.855571 596.22656 48.535156 C 612.77088 53.57315 630.04712 58.430945 647.49609 56.568359 C 650.65701 55.725878 649.98155 51.659774 648.16797 49.818359 C 642.01441 41.479772 631.14958 39.359241 621.96484 35.792969 C 610.26328 31.578619 598.94576 26.340129 587.19336 22.322266 z M 597.16211 75.363281 C 594.98014 75.368481 592.79916 75.373696 590.61719 75.378906 C 581.7569 74.881468 573.41246 78.239867 565.85547 82.519531 C 561.22727 81.087176 556.43343 81.478166 551.83203 82.773438 C 548.092 83.776979 543.88515 84.063572 540.42188 85.503906 C 539.28121 87.351479 537.42557 90.811948 534.875 88.720703 C 532.69889 87.123183 530.21176 85.12954 527.3457 86.394531 C 521.68717 87.563887 515.67244 85.343447 510.20703 87.410156 C 499.25075 86.984671 488.36827 85.097601 477.4375 84.15625 C 473.64822 84.25193 469.26417 81.98671 465.98047 84.779297 C 450.09029 94.422951 435.23492 106.36205 417.20508 111.8457 C 412.75716 113.18456 408.29089 115.49885 403.85352 116.25 C 400.44694 114.87815 397.13179 112.92189 393.35156 114.09766 C 389.86575 114.8516 385.56808 113.89089 382.61719 116.2168 C 380.05618 118.63754 380.36357 119.63695 383.89844 119.13477 C 388.56972 119.5803 393.62367 118.61822 398.08398 120.10742 C 399.00359 121.41163 396.57697 122.83122 396.17773 124.01367 C 393.97502 126.4783 392.44215 130.36986 388.58398 130.24609 C 385.2653 131.04792 381.46009 130.88988 378.35156 131.99609 C 375.27264 136.1717 371.5747 140.1313 368.85352 144.43164 C 368.94942 152.20332 368.66339 160.08048 368.99414 167.78711 C 371.99979 172.82601 374.69937 178.7101 380.42969 181.10547 C 387.58105 184.90045 394.81276 188.70897 402.51953 191.06445 C 415.13415 191.38343 427.61685 187.28932 440.25781 189.18945 C 443.79682 190.73294 444.83102 187.59102 446.11328 184.95508 C 447.98209 182.19615 448.92169 178.34677 451.69922 176.44336 C 455.75249 179.67705 458.40152 185.0199 463.86719 186.31055 C 468.684 187.87602 473.32222 190.3794 478.28906 191.2832 C 480.2998 189.93744 477.9656 187.12433 477.68359 185.3125 C 476.85067 182.56148 479.79636 180.02729 480.44531 177.31836 C 482.09646 173.87933 482.60048 170.11542 483.10156 166.42773 C 483.87649 164.31241 485.94693 163.15159 488.10156 163.08594 C 491.86258 162.36583 494.3092 159.26694 495.67773 155.89844 C 497.99938 152.63377 502.17653 151.09005 505.91016 150.15039 C 511.61298 149.20281 516.34421 153.31488 521.79883 154.19531 C 524.51452 155.52551 527.22872 157.32922 530.45312 156.71094 C 534.34258 155.97915 538.15455 154.56464 542.23242 155.05859 C 545.65915 155.45149 549.71386 154.35669 552.7168 156.36719 C 555.15617 159.19492 559.51642 159.00203 562.82422 160.14844 C 567.78025 161.14973 573.09202 160.90818 577.97852 159.78906 C 579.67655 158.44955 578.83467 155.07697 581.36719 154.30469 C 583.88984 153.18444 586.54941 152.26559 589.13281 151.24414 C 588.95783 149.02615 588.18162 146.08992 590.78906 145.00977 C 595.50985 141.00746 600.41162 137.22563 605.24023 133.35547 C 608.58897 133.19808 613.22117 134.37267 615.17578 130.71484 C 617.01555 128.35377 618.25932 124.20438 622 124.81445 C 625.83012 124.50367 629.88083 124.50321 633.51562 125.24805 C 635.44308 124.04682 632.78474 121.65088 633.45312 119.85742 C 632.98255 116.92303 636.57896 117.68249 638.34375 117.6543 C 642.05103 118.03167 646.42259 118.14332 649.31055 120.70117 C 649.56911 123.14389 654.15829 124.6611 654.74805 121.5918 C 655.17324 118.92878 656.34257 114.57154 659.94922 115.41992 C 661.57047 115.87517 663.89187 115.76421 664.12109 113.68555 C 664.80368 110.83691 666.60581 108.32095 667.85547 105.75 C 669.41978 103.63869 671.62552 102.32913 674.11914 101.57812 C 671.70895 99.435693 669.66881 96.354401 667.01172 94.798828 C 662.13221 95.021604 657.2524 95.245497 652.37305 95.470703 C 649.27762 92.055651 645.48863 89.532105 640.95117 88.533203 C 626.35171 84.164321 611.76307 79.697853 597.16211 75.363281 z " />
</svg>