<svg
   width="4356.5"
   height="1989.2"
   viewBox="-0.0582884 -0.0910844 1152.78 526.492"
   version="1.1"
   id="svg8"
   inkscape:version="1.4.4 (dcaf3e7, 2026-05-05)"
   sodipodi:docname="Malaysia_election_results_map_2008 1.svg"
   preserveAspectRatio="xMidYMid meet"
   xmlns:inkscape="http://www.inkscape.org/namespaces/inkscape"
   xmlns:sodipodi="http://sodipodi.sourceforge.net/DTD/sodipodi-0.dtd"
   xmlns="http://www.w3.org/2000/svg"
   xmlns:svg="http://www.w3.org/2000/svg"
   xmlns:rdf="http://www.w3.org/1999/02/22-rdf-syntax-ns#"
   xmlns:cc="http://creativecommons.org/ns#"
   xmlns:dc="http://purl.org/dc/elements/1.1/">
  <defs
     id="defs2" />
  <sodipodi:namedview
     id="base"
     pagecolor="#ffffff"
     bordercolor="#666666"
     borderopacity="1.0"
     inkscape:pageopacity="0.0"
     inkscape:pageshadow="2"
     inkscape:zoom="0.0875"
     inkscape:cx="-662.85714"
     inkscape:cy="-291.42857"
     inkscape:document-units="px"
     inkscape:current-layer="g10006"
     showgrid="false"
     inkscape:window-width="2560"
     inkscape:window-height="1334"
     inkscape:window-x="-11"
     inkscape:window-y="-11"
     inkscape:window-maximized="1"
     fit-margin-top="0"
     fit-margin-left="0"
     fit-margin-right="0"
     fit-margin-bottom="0"
     inkscape:snap-global="false"
     showguides="true"
     units="px"
     inkscape:showpageshadow="2"
     inkscape:pagecheckerboard="0"
     inkscape:deskcolor="#d1d1d1" />
  <metadata
     id="metadata5">
    <rdf:RDF>
      <cc:Work
         rdf:about="">
        <dc:format>image/svg+xml</dc:format>
        <dc:type
           rdf:resource="http://purl.org/dc/dcmitype/StillImage" />
      </cc:Work>
    </rdf:RDF>
  </metadata>
  <g
     inkscape:label="Layer 1"
     inkscape:groupmode="layer"
     id="layer1"
     transform="translate(0,229.16995)">
    <g
       transform="matrix(0.28222223,0,0,0.28222223,-2.5815062e-5,-0.14034571)"
       id="g10006">
      <path
         inkscape:connector-curvature="0"
         d="M3199.079,97.455902l4.046600000000126,-8.673769000000007l4.0470000000000255,-7.517263999999997l7.515399999999772,-1.7347369999999955l6.358999999999924,6.360758000000004l-5.2029999999999745,8.095495999999997l1.7345000000000255,15.034503999999998l-8.093499999999949,-1.7347599999999943l-1.7341999999998734,-4.625979999999998l-9.25,2.3130199999999945l-2.8904999999999745,-4.04777Z"
         id="Labuan"
         style="display:inline;fill:#000080;fill-opacity:1;fill-rule:evenodd;stroke:#000000;stroke-width:2.00000024;stroke-linecap:round;stroke-linejoin:round;stroke-miterlimit:4;stroke-dasharray:none;stroke-opacity:1" />
      <path
         id="Sabah"
         style="display:inline;fill:none;fill-opacity:1;fill-rule:evenodd;stroke:#ff0000;stroke-width:2.00000024;stroke-linecap:round;stroke-linejoin:round;stroke-miterlimit:4;stroke-dasharray:none;stroke-opacity:1"
         d="m 3255.9602,167.25407 8.1756,-11.44876 22.0743,-5.72439 v -16.35539 -9.81324 l 8.9932,-12.26655 -16.3513,4.90662 -22.0742,-14.71986 -15.5337,-22.079783 22.8917,-19.626469 18.804,-17.990943 13.081,-16.355377 -0.8175,12.266533 4.9053,4.906617 15.5337,-0.817773 17.9864,2.453319 c 0,0 11.4459,4.088844 12.2635,0.817773 0.8176,-3.271092 9.8107,-17.173171 9.8107,-17.173171 l 4.9054,-12.266553 0.8176,-16.35537639 5.7229,-8.99548211 21.2567,-8.9954615 5.723,-6.542121 v -19.626469 l 11.4458,-14.719872 v -8.177688 l 5.723,-8.995462 -12.2635,-4.906617 12.2635,-6.542163 5.7229,-11.44878 8.9932,-8.177691 12.2635,-0.81777 2.4527,-8.17769 -7.3581,-2.45332 10.6283,-9.81323 12.2635,-9.81324 2.4527,-7.35993 17.9864,-13.08431 10.6283,-5.72439 1.6351,-9.81323 13.081,-12.26656 8.1757,-19.62646 11.4459,-4.08885 -1.6352,-31.07525 5.723,-11.44878 4.0878,-9.81323 8.1756,-9.81324 18.804,7.35992 4.0878,13.9021 -8.9932,1.63552 v 8.17771 l 6.5405,2.4533 4.0878,15.53763 -8.9932,13.08432 -6.5405,15.53763 0.8176,13.90207 18.804,-3.27107 9.8107,-12.26655 15.5337,-13.08433 2.4527,-13.90207 7.3581,-13.08431 -4.0878,-13.9021 8.9932,-5.72439 4.0878,-12.26653 h 20.4391 l 7.3581,5.72439 11.4459,0.81777 -4.9054,17.17315 -3.2703,7.35994 10.6283,14.71985 v 23.71531 l 15.5337,8.17771 19.6216,12.26653 6.5405,7.35994 4.9054,-11.44878 8.9932,-3.27107 13.081,13.90208 18.8039,5.72439 6.5406,15.53762 2.4526,28.62195 -2.4526,14.71985 h -12.2635 l -8.9932,8.177691 1.6351,11.44878 7.3581,13.084306 -0.8176,10.631007 3.2703,9.813255 7.3581,-6.542163 2.4527,-4.906617 4.0878,1.635525 -15.5337,15.537624 -38.4255,16.355398 36.7903,-2.453298 4.9054,-3.271092 h 8.9932 l 8.9932,1.635546 h 5.723 l -4.0879,-11.448781 13.0809,0.817773 11.4459,1.635546 18.804,-16.355397 15.5337,-9.813234 7.3581,17.990922 v 13.902099 l 8.9932,-0.817773 -0.8176,9.813235 v 8.177688 l -12.2635,4.088823 h -12.2634 l -17.1688,1.635546 v 9.8132345 l 4.0878,4.9066171 5.7229,13.0843054 13.8986,-3.2710711 6.5405,-7.35993617 8.1756,3.27109197 v 5.7243902 l 9.8108,-4.088865 0.8176,-12.2665324 11.4459,-12.2665535 16.3512,3.271092 12.2635,0.817752 10.1531,0.38388 10.4057,1.156506 15.6089,10.9867373 14.4526,9.2520216 10.4059,8.0954951 -10.9841,2.313011 v 9.830253 l -0.5779,10.986759 3.4684,8.095537 3.4688,-10.986779 3.4684,-6.93899 0.5782,-5.204253 16.7653,-0.578274 3.4684,13.299748 15.609,6.36078 18.4991,10.986779 10.406,9.25198 3.4688,11.565032 7.5153,-1.156526 4.0466,-6.360737 5.4921,-1.734758 9.2496,2.891242 1.1563,3.180358 10.9838,-0.867347 0.5782,-5.204253 7.8045,-4.336906 10.9838,4.047769 12.7183,6.071642 v 10.408506 l 3.7579,8.384633 -1.4455,14.45627 -5.7808,10.98674 -2.3124,6.36078 -14.7416,11.27585 -14.7417,6.36078 -17.3431,5.78249 -13.5857,0.28916 -18.4995,8.96288 -23.7021,9.54116 -13.0074,8.38463 -8.3824,-3.18038 -9.2499,-1.73476 -8.9605,-2.31301 -6.9372,1.44563 -1.1563,5.49339 -14.1635,0.28915 -4.0466,-10.11937 -5.203,-7.8064 -17.054,-0.86737 -0.2878,4.626 4.0466,2.89125 -2.8906,2.60214 -5.7808,-4.04776 -8.9608,0.57825 -9.8278,4.91514 -8.3823,4.62598 -8.0936,9.54115 -3.1796,5.49339 4.6248,4.33687 14.1634,24.2865 13.0075,9.25203 18.2104,18.79313 10.1168,4.91512 6.6481,-2.31299 4.3357,1.73476 3.1797,7.80636 -0.8673,9.25202 8.6718,2.31301 4.6248,-6.64987 8.3826,-3.75864 -0.2878,6.93901 -1.4454,6.07163 7.5154,2.31301 6.6484,6.0716 -8.6718,3.46951 -8.0935,2.31301 3.7578,8.09552 -5.7811,5.49335 -20.5225,-0.28916 -21.9683,1.44562 h -13.0071 l -6.3593,8.67375 -21.1007,-1.4456 -8.9608,1.73474 -14.1635,11.85412 -11.851,4.626 c 0,0 -14.1635,-2.02389 -16.4762,-3.18038 -2.3124,-1.15648 -18.4992,-9.83023 -19.6556,-10.98675 -1.156,-1.15651 -13.5851,-9.83026 -13.5851,-9.83026 l -5.7812,-2.02387 -15.3198,-9.25202 -1.7342,-5.78249 -14.4526,7.51725 5.4921,8.09551 3.4684,10.11937 -2.0233,8.67377 -0.8673,6.64987 -6.6481,6.93902 -0.5782,4.04774 -30.6393,0.57828 -7.2263,-10.69765 -8.9608,-5.49339 -10.6947,-9.25202 h -8.0936 l -8.9608,-11.56499 -8.0932,-2.31301 -4.9139,10.69764 -23.1243,-4.626 -20.2337,0.86737 -10.406,-1.44562 -8.0932,-4.04777 -6.6484,4.33689 -2.0233,6.93901 -10.9838,-3.4695 -5.203,-8.96288 h -9.8278 l -2.6015,7.22812 -13.0074,1.73476 -8.6717,-2.89128 -9.5387,-7.51722 -6.6481,-5.20426 -5.4921,9.83024 c 0,0 0,6.93901 -2.0233,6.93901 -2.0233,0 -16.1871,6.36073 -16.1871,6.36073 0,0 -1.156,4.33691 -2.3124,3.18043 -1.156,-1.15653 -8.3823,-10.69765 -8.3823,-10.69765 l -3.7578,-5.78252 -9.5387,-2.60211 -8.6714,1.15648 -6.6485,8.38464 c 0,0 -7.2262,-7.80636 -8.3823,-8.38464 -1.1563,-0.57825 -9.5386,-2.60212 -9.5386,-2.60212 l -10.9842,8.67375 -4.0466,9.25202 -3.7578,5.7825 -8.3827,-0.57825 c 0,0 -3.1793,-5.20425 -3.7575,-6.93901 -0.5782,-1.73476 -2.8906,-4.04777 -4.6248,-5.78251 -1.7342,-1.73475 -11.2732,-4.04774 -11.2732,-4.04774 l -7.2263,2.02389 -4.3357,-5.49339 h -6.6481 l -2.6015,7.80636 1.156,9.25202 c 0,0 -4.9138,5.20425 -6.0699,5.49339 -1.1563,0.28916 -9.8277,9.25202 -9.8277,9.25202 l -5.4921,0.28916 -10.1169,6.07164 -4.3357,4.33687 -3.1796,-1.44562 -7.2263,-4.626 3.4687,-10.98676 7.8042,-16.19104 -7.2263,-10.6976 -12.4293,4.04773 6.3594,-8.96288 -3.4688,-7.51723 -10.4059,-22.8409 5.7811,-32.09291 12.4293,-15.03451 8.0935,-19.08225 -8.3826,-10.69764 -0.2878,-10.69765 -50.584,-0.57825 1.383,-3.63964 z m 128.1497,-227.077085 c -2.6365,6.064626 -6.3276,8.701417 -6.3276,8.701417 0,0 -3.1638,1.054725 -7.6458,-0.263681 l -4.2184,-3.955177 c 0,0 -1.5819,-4.218878 0.2637,-8.437736 8.4367,-3.164153 13.1824,0.263682 13.1824,0.263682 2.6365,1.054704 4.7457,3.691495 4.7457,3.691495 z m 358.9658,395.518135 31.2174,0.57825 -8.0934,-10.4085 -8.0933,-6.93902 -12.1401,0.57824 -6.9375,-3.4695 -4.6248,10.40851 z m -289.0525,-548.7597 4.6247,-1.15651 1.1564,6.93899 -5.7811,4.62602 z m -301.1924,197.183379 4.0466,-4.047769 2.3124,5.204274 -1.7342,5.2042532 -4.047,0.5782527 z m 145.6823,19.6605275 8.0935,-5.204253 2.8906,6.939011 -4.6251,3.4694951 -1.1561,-0.5782527 z m 652.6801,260.7909835 2.3124,6.93901 8.0936,4.04773 7.5154,-1.15648 v -8.0955 h -7.5154 l -7.5154,-0.57827 z m 15.609,-28.91255 4.0466,-2.89124 5.203,1.15651 -2.3124,6.36073 -9.8278,2.89127 z m -79.2007,-33.53852 h 10.9842 v -4.626 l -8.6715,-2.31302 z m 5.7812,25.44303 9.2496,0.57823 4.0469,-5.78248 6.359,2.89124 0.5782,4.04777 h 12.7183 l 9.8278,1.15648 -2.3124,5.20425 -7.5154,2.89125 -5.7811,5.20425 -3.4684,-4.62598 -9.8278,-2.31303 h -4.6251 l -4.0466,-3.4695 -8.6715,-2.31297 z m -226.0389,-428.48359 13.2965,-0.57825 10.406,-4.626 -7.5154,-7.51727 6.359,-5.78252 10.406,3.46951 3.4687,8.09552 -6.3593,8.67377 -10.9838,5.20425 -14.4529,-0.57827 z m -11.562,-84.42457 8.0936,2.89124 0.5778,6.36076 -6.359,2.31299 -4.6248,-6.93901 z m -45.0922,-11.56504 -8.0936,-20.23876 2.3124,-16.76924 15.0308,-6.93901 14.4529,-5.78251 15.0304,1.15649 9.8281,11.56503 -8.0936,10.40851 c 0,0 4.0466,12.14326 0,12.14326 -4.0469,0 -26.0148,1.73474 -26.0148,1.73474 l -9.2496,10.98674 z m -49.1389,-17.92575 1.7343,-15.03452 11.5623,-4.626 9.8277,0.57827 4.6248,-12.14326 h 8.6715 c 0,0 -5.7809,7.51724 -5.7809,9.83025 0,2.31301 2.3124,11.56499 2.3124,11.56499 l -16.7653,4.04777 z" />
      <path
         id="Sarawak"
         style="display:inline;fill:none;fill-opacity:1;fill-rule:evenodd;stroke:#ff0000;stroke-width:2.00000024;stroke-linecap:round;stroke-linejoin:round;stroke-miterlimit:4;stroke-dasharray:none;stroke-opacity:1"
         d="m 2019.8039,792.84791 v 17.17318 l 4.0878,19.62646 14.7162,10.63101 17.9864,4.90662 8.9932,8.99546 7.358,17.17317 h 17.9864 l 16.3513,2.4533 22.8918,-0.81777 10.6283,1.63554 3.2703,-8.17769 7.3581,3.27107 4.9053,2.45332 1.6352,-15.53762 7.358,-5.72439 5.723,5.72439 2.4527,13.90208 c 0,0 2.4527,4.90661 6.5405,2.4533 4.0878,-2.4533 16.3512,-8.17769 16.3512,-8.17769 h 8.9932 l -3.2702,10.631 -5.723,6.54217 -4.0878,3.27096 17.1689,6.54217 8.1756,3.27107 c 0,0 10.6283,-4.08885 14.7161,-2.4533 1.022,0.4089 2.3505,1.07333 3.7685,1.83998 1.418,0.76666 2.9253,1.63555 4.305,2.4533 2.7593,1.63555 5.0076,3.06664 5.0076,3.06664 l 5.7229,7.35993 -6.5405,12.26655 -0.8176,4.08885 11.4459,-4.90662 4.0878,-7.35993 v -11.44878 l 20.4391,1.63554 21.2567,9.81324 13.8986,12.26655 12.2634,6.54216 13.081,8.99546 c 0,0 5.723,4.08885 8.9933,4.08885 3.2702,0 11.4458,-4.08885 11.4458,-4.08885 l 9.8108,3.27107 9.8108,5.72435 12.2634,-0.81775 -14.7161,-8.99544 -12.2635,-8.17769 -11.4459,7.35992 -13.8986,-9.81324 -12.2634,-8.99546 -8.9932,-3.27109 -5.723,-13.90208 -0.8175,-12.26653 8.1756,-11.4487 16.3513,-4.08884 5.7229,1.63554 13.0811,13.902 11.4458,-1.63555 -18.8039,-13.08422 -14.7162,-12.26655 v -17.17315 l 5.723,-20.44424 10.6283,-17.17317 0.8176,-17.17317 8.9932,-0.81778 6.5405,-11.44876 15.5337,10.63101 10.6283,-15.53762 h -27.7972 -21.2566 l 4.0878,-11.44878 12.2635,-5.72439 -8.1757,-7.35994 -2.4526,-21.26201 c 0,0 4.0878,-11.44876 7.358,-11.44876 3.2703,0 16.3513,3.27107 16.3513,3.27107 l 13.8986,10.631 h 25.3444 l -11.4458,-14.71985 17.1688,-17.99094 -8.9932,-5.72439 -8.1756,-22.07977 24.5269,-28.62195 25.3444,-14.71985 53.9592,-4.08884 c 0,0 35.1553,-8.99549 42.5133,-8.99549 7.3581,0 67.0402,-24.53308 67.0402,-24.53308 l 39.2431,-3.27107 53.1416,-17.17317 33.5201,-8.17769 13.8986,-18.80872 0.8176,-17.17315 11.4459,-7.35993 3.2702,-8.17769 17.9864,-12.26656 13.8986,-12.26655 v -13.0843 l 15.5337,-7.35994 c 0,0 7.3581,-12.26653 8.9932,-15.53762 1.6351,-3.27108 4.9054,-17.17315 4.9054,-17.17315 l 1.6351,-7.35994 22.0742,-5.72439 c 0,0 16.3513,-12.26655 19.6216,-15.53762 3.2702,-3.27108 25.3444,-27.80418 29.4323,-32.7108 4.0878,-4.90662 33.5202,-35.16409 33.5202,-35.16409 l 14.7161,-26.98641 1.6352,-22.07976 v -17.99095 l -8.1757,-10.631 2.4527,-8.17769 16.3513,-2.45332 20.4391,6.54216 16.3513,10.63101 11.4458,13.0843 8.1757,17.99095 v 17.17317 l 2.4527,8.99546 12.2634,-3.27109 22.0742,8.99548 -2.4526,15.53762 17.1688,10.63101 9.8108,15.53763 2.4526,8.99546 12.2635,-11.44878 17.9864,-10.63101 12.2634,-4.08884 v -17.17318 l 8.1757,-13.0843 -9.8108,-8.99546 17.9864,-16.3554 -5.7229,-15.53762 -12.2635,-6.54217 -2.4527,-24.53308 2.4527,-17.17317 -9.8107,-14.71985 12.2634,-3.2711 12.2635,-9.81323 17.9864,2.45332 h 17.1688 l -7.3581,12.26655 4.9054,26.16861 8.9932,20.44426 1.6351,17.99093 12.2635,8.17771 23.7093,9.81323 17.9864,5.72439 8.9932,-2.45332 c 0,0 -7.358,-9.81323 -9.8107,-13.90208 -2.4527,-4.08886 -10.6284,-14.71985 -10.6284,-14.71985 l -4.9053,-22.07979 5.7229,-12.26655 -11.4459,-20.44424 1.6351,-18.8087 -8.1756,-13.08432 -9.8107,-8.17769 14.7161,-9.81323 18.804,8.99546 20.439,-8.17769 21.2567,-0.81777 31.1726,0.65919 0.7124,10.97487 7.8853,10.60428 -8.1796,19.73159 -11.9692,15.27395 -5.7229,31.893 9.362,20.23404 4.3781,9.39099 -4.7469,7.99238 10.8653,-2.74371 7.2263,10.13037 -7.7536,16.30194 -3.4287,10.8163 9.4419,6.38358 -2.4527,16.3554 -8.9931,19.62647 -10.6284,11.44878 -4.9053,10.63101 7.358,4.90661 8.9932,8.99548 -8.1756,8.17769 -4.9054,17.17317 4.9054,22.07977 v 11.44878 l 1.6351,17.17317 11.4459,10.63101 -3.2703,5.72439 -19.6215,-3.27109 c 0,0 -8.9932,17.99094 -8.9932,21.26201 0,3.27109 -1.6351,20.44424 -1.6351,23.71533 0,3.27108 15.5337,16.3554 15.5337,16.3554 l -16.3513,2.4533 0.8176,12.26655 -7.3581,9.81324 -9.8107,-2.45332 -11.4459,6.54216 h -11.4459 l -7.3581,-8.17769 -8.1756,8.99546 -8.1757,9.81324 -17.1688,9.81323 -5.7229,12.26656 -7.3581,3.27107 15.5337,9.81323 -7.3581,8.17771 -8.9932,7.35992 7.3581,22.07978 17.1688,0.81778 15.5337,10.631 v 14.71986 l -26.9796,-0.81778 -7.358,13.08433 -8.1757,15.53762 -20.4391,-1.63554 -2.4527,20.44424 h -31.8849 l -7.3581,27.80418 10.6283,17.17315 v 10.631 l 6.5405,-6.54216 12.2635,4.90664 -13.081,31.07525 -24.5269,1.63552 -0.8176,21.26202 0.8176,29.43962 -16.3513,14.71985 -8.1756,20.44424 -4.9054,10.63101 -19.6216,-16.3554 -13.081,-3.27107 -22.0742,4.08884 -21.2566,12.26656 -12.2635,2.45329 -9.8108,-13.90208 -14.7161,1.63553 h -20.4391 l -12.2634,12.26655 -15.5339,17.17319 -20.4391,15.5375 -17.9864,8.99549 -11.4459,-13.08425 -9.8107,-8.17773 -16.3513,4.08897 -10.6283,4.90652 -14.7162,-17.17313 -10.6283,-7.35994 h -18.804 l -9.8107,8.17771 -9.8108,-12.26655 -8.9932,-7.35994 -14.7161,1.63555 -8.9932,5.72439 3.2702,-10.63101 10.6284,-13.08431 -10.6284,-10.631 -18.8039,-3.2711 -10.6284,4.08885 -10.6283,2.45332 c 0,0 -17.9864,-1.63555 -21.2567,-1.63555 h -19.6215 l -27.7971,-0.81777 -6.5405,8.99548 -1.6352,8.17769 -15.5337,-4.08885 -14.7161,8.17769 -17.9864,8.17771 -4.9054,9.81324 10.6283,5.72439 -16.3513,13.08436 -3.2702,17.17301 0.8176,22.07993 -18.804,-4.08897 -20.4391,3.27122 -22.8918,14.71978 -8.9932,14.7199 -21.2566,-7.36 -11.4459,-6.5422 c 0,0 -2.0439,0 -4.5988,0.3068 -2.5549,0.3065 -5.6208,0.9198 -7.6647,2.1467 -4.0878,2.4532 -13.081,10.631 -13.081,10.631 l -0.8176,10.631 -13.8985,-9.8133 -3.2703,-10.631 -13.8986,7.3598 -21.2566,-8.1775 -11.4459,-8.1777 c 0,0 -13.081,3.271 -16.3513,3.271 -3.2702,0 -26.162,1.6355 -26.162,1.6355 l -19.6215,8.1777 -15.5338,-4.0888 -10.6283,13.0843 -5.7229,13.0842 c 0,0 -3.2703,7.36 -6.5405,6.5422 -3.2703,-0.8177 -11.4459,-4.0887 -11.4459,-4.0887 l -6.5405,8.9953 -7.3581,-5.7243 c 0,0 -8.9932,5.7243 -13.8986,7.36 -4.9054,1.6355 -4.9054,4.0887 -10.6283,0 -5.723,-4.089 -18.804,-13.9022 -18.804,-13.9022 l -8.1756,-12.2665 -8.1756,-4.9067 -19.6216,0.8179 -13.8986,-16.3554 -2.4526,-17.99101 -10.6284,-8.17773 h -12.2634 -12.2635 l -2.4527,-11.44873 -10.6283,-6.54223 -9.8108,-4.08876 3.2703,-16.35542 -8.9932,-13.90208 -16.3513,7.35992 -16.3513,-17.99093 -20.439,-22.07978 -3.2703,-14.71975 4.0878,-22.07979 -14.7161,-5.72439 -10.6283,-8.17769 1.6351,-19.62649 9.8107,-10.631 3.2703,-11.1421 2.3505,-3.47553 z m 354.6086,-102.107 4.6248,3.75866 -2.3124,6.36073 -2.8905,5.20426 3.4686,7.8064 6.9372,4.04774 2.8905,4.91514 8.9607,0.86735 -2.0234,-8.96289 4.0468,-7.51722 -2.0234,-2.31301 -4.9139,0.57825 0.5781,-52.04257 4.9139,-2.31297 -1.1562,-3.75863 -5.492,2.60211 -2.6015,-0.86737 -3.4686,-4.33689 -2.3124,-6.07162 -3.7577,-2.60214 -4.0467,6.93901 -2.0234,7.51726 0.5781,13.01065 4.9139,5.20426 -4.3358,10.6976 2.0234,6.64991 z" />
    </g>
    <path
       id="Perak"
       style="fill:none;stroke:#ff0000;stroke-width:0.5291667;stroke-linecap:round;stroke-linejoin:round;stroke-miterlimit:4;stroke-dasharray:none;stroke-opacity:1"
       d="m 116.78871,-13.923259 0.0723,1.012779 0.94044,0.144683 c 0,0 0,0.50639 0.72341,0.795755 0,0 0.36171,-0.07234 1.01278,-1.012779 0,0 -0.0723,1.157462 0.36171,1.519169 h 1.08512 c 0,0 0.79576,-1.446828 1.59151,-1.446828 0,0 0.94044,-1.012779 0.94044,-2.242582 0,0 2.67663,-0.651073 2.82131,-1.229804 0,0 0,-1.446828 0.87523,-2.363154 0,0 2.22948,-1.230541 4.25095,-4.369134 0,0 0.0532,0.0532 0.85116,-2.553434 0,0 1.48948,-0.0532 2.18104,-0.638359 0,0 0.47876,-0.53196 0.63353,-3.43217 l 0.53329,1.16e-4 v -0.57426 h 5.4965 c 0,0 4.65308,-3.445293 3.77371,-6.727077 0,0 0.29224,-1.924358 1.88688,-7.8756 h 1.31259 l 0.32814,0.738336 c 0,0 1.12186,0.372795 2.3791,-1.804831 l 0.16406,-1.886859 0.24612,-0.08204 v -4.512062 l -1.06649,-0.98445 0.082,-1.722789 c 0,0 4.26595,-3.117427 4.26595,-4.922249 v 0 l -0.082,-3.11743 c 0,0 -2.03002,0.08233 -2.95334,-3.363535 l 3.90435,-1.224983 3.00609,1.944853 c -0.40279,2.215303 2.31597,1.611127 2.31597,1.611127 6.44451,7.250069 6.54521,10.875098 6.54521,10.875098 10.6737,-6.947978 9.76746,-8.156324 9.76746,-8.156324 v -1.711816 l -0.30209,-0.201391 -0.2014,-3.222255 c 1.40973,-4.631981 4.63198,-3.222247 4.63198,-3.222247 l -0.20137,1.409731 c 6.94797,-1.91321 6.64588,-6.04172 6.64588,-6.04172 l 7.65285,-0.100694 v -0.805561 c 5.53825,-4.229208 6.64588,-2.920168 6.64588,-2.920168 l 0.30209,-1.812518 1.10764,0.604175 v 0.805561 l 2.61809,1.107646 0.80558,2.718777 h 2.71876 v 4.531292 l 0.70488,0.201391 v 1.711819 l 0.70485,0.70487 1.10766,0.201391 v 2.416688 l 0.22352,4.91166 -1.72982,0.617799 -1.11204,1.359159 v 3.336115 c -2.59475,0 1.85341,2.347641 1.85341,2.347641 v 1.976958 l -1.85341,3.953913 v 0.864918 l 6.67221,0.617802 v 1.482716 l 1.48274,0.988478 -0.24711,0.98848 h -1.35919 v 5.930872 l 0.74137,0.494236 c -2.39107,4.675319 -6.7958,4.571712 -6.7958,4.571712 -3.40983,-4.496031 -7.90781,-0.494233 -7.90781,-0.494233 l 0.12356,3.33611 -3.21256,2.100521 -0.37067,-0.741359 -1.11204,5.68375 -2.10053,1.359157 v 1.482716 h -0.61778 v 6.425114 l -3.95393,9.0198649 c 3.59579,6.2280855 1.35915,7.0429118 1.35915,7.0429118 -2.1005,0 0.24714,1.9769526 0.24714,1.9769526 h -3.21256 l -0.61781,0.2471222 0.24714,3.2125581 c 2.22405,2.2240714 -2.59478,4.8188284 -2.59478,4.8188284 l 1.72985,1.482717 -0.12356,2.471197 -0.86492,0.123559 -1.2356,-1.11204 -0.24711,2.224075 -1.97697,-0.494236 -0.12356,1.606276 c 2.62315,1.528459 2.919,3.650206 2.50512,5.086096 l -2.161,1.986957 0.93393,0.667116 v 2.935252 l 2.26816,2.935281 -4.53633,5.33685 2.00133,3.468963 c 0,0 10.27345,-1.200799 5.33685,4.536327 l 2.13475,1.867888 0.66709,5.33685 c 0,0 -0.13341,4.269486 4.26949,4.402921 0,0 -2.26817,3.468934 1.46764,5.870532 0,0 6.13737,1.601047 4.26948,4.269486 0,0 -3.20212,3.869211 -0.40027,5.870533 v 7.338173 l 2.80187,2.401598 -1.33423,2.668411 0.40027,3.335528 c 0,0 3.20893,0.631698 2.23599,2.227298 l -3.39344,5.302334 h -1.50825 l -0.92814,2.08834 h -2.20436 l -0.5801,-1.624282 h -1.39221 l -2.08836,-1.392202 -1.16015,-3.016504 h -1.39223 l -3.59659,-1.624245 c 0,0 -0.46406,-3.828627 -4.52473,-0.696101 l 0.81215,2.088331 0.23202,2.900455 -0.23202,2.320374 -4.17669,1.856294 h -1.27618 l -1.74029,-0.58008 -0.23205,-2.900487 -2.43636,0.696129 -1.85632,-2.204353 -1.16019,1.740267 -0.92814,-1.624246 -4.64075,-0.116021 -0.46406,-1.740295 -5.80094,-3.364541 h -3.59653 l -0.34804,2.320375 c 0,0 -1.04416,0.464086 -1.04416,-2.204353 0,0 2.08833,-1.856289 -0.81212,-2.900454 h -1.50826 L 151.82163,86.2633 h -2.32038 l -0.34803,0.696101 h -4.17669 v 0.580079 l -2.33802,-0.06147 c -0.24971,-1.791321 -2.84446,-0.555723 -2.84446,-0.555723 l -0.98848,0.617812 -1.97697,-0.123557 -1.72982,-1.976966 c -6.42513,-7.660725 -0.74137,-10.379033 -0.74137,-10.379033 l 1.60627,-0.123557 0.49425,0.864927 1.85338,0.123556 -0.8649,-1.235597 -0.12355,-1.853409 1.2356,0.123557 v -3.583207 c -6.17802,-10.008362 -12.60312,-7.04294 -12.60312,-7.04294 -2.10052,-10.255447 -4.57172,-11.861715 -4.57172,-11.861715 2.71831,-5.18953 2.59476,-5.560201 2.59476,-5.560201 l -0.24712,-2.841865 1.97697,-0.123585 0.24711,-2.347609 v -5.807315 c 2.78009,-2.780115 2.96545,-3.953933 2.96545,-3.953933 -4.22853,1.133037 -4.81886,0 -4.81886,0 -2.89478,-1.671291 1.6063,-6.177985 1.6063,-6.177985 l 3.45968,-2.22408 c -5.93088,-0.741341 -6.17799,-1.606268 -6.17799,-1.606268 l -2.34764,-9.514103 -0.24714,-5.5601927 -2.47119,1.6062763 h -2.4712 V 1.9131511 l -1.35915,-0.2471223 -1.48271,0.6177986 -1.48271,-0.6177986 c -1.49042,-1.5025172 -0.86493,-5.9308689 -0.86493,-5.9308689 h -1.2356 l -3.58323,-7.6607109 c 0,-1.729839 1.77828,-3.20459 1.77828,-3.20459 2.32604,0.498896 4.67751,0.0085 7.05869,-0.53626 z m 2.94828,71.740163 0.95769,1.197144 0.0798,0.957716 0.71828,0.638474 1.19716,-0.957713 c -0.47885,-0.638477 -0.55866,-1.356763 -0.55866,-1.356763 V 56.46014 c -0.7981,-0.718286 -1.59619,-0.877906 -1.59619,-0.877906 -0.23944,-1.037522 -0.55869,-1.596189 -0.55869,-1.596189 -1.59619,-0.07981 -0.23941,1.636093 -0.23941,1.636093 z" />
    <path
       sodipodi:nodetypes="ccccccccccccccccccccccccccccccccccccccccccccccccccccccccccccccccccccccccccccccccccccccccccccccccccccccccccccccccccccccccccccccccccccccccccccccccccccccc"
       inkscape:connector-curvature="0"
       id="Kelantan"
       d="m 211.97642,-67.565615 v 2.416689 l 0.22352,4.91166 -1.72982,0.617799 -1.11204,1.359159 v 3.336115 c -2.59475,0 1.85338,2.347638 1.85338,2.347638 v 1.976958 l -1.85338,3.953913 v 0.864918 l 6.67221,0.617799 v 1.482719 l 1.48274,0.988475 -0.24711,0.98848 h -1.35919 v 5.930872 l 0.74137,0.494236 c -2.39107,4.675319 -6.79579,4.571715 -6.79579,4.571715 -3.40984,-4.496034 -7.90781,-0.494236 -7.90781,-0.494236 l 0.12355,3.336111 -3.21256,2.10052 -0.37067,-0.741358 -1.11204,5.68375 -2.10053,1.359159 v 1.482717 h -0.61781 v 6.42511 l -3.9539,9.019865 c 3.59579,6.2280884 1.35915,7.0429119 1.35915,7.0429119 -2.10049,0 0.24714,1.9769525 0.24714,1.9769525 h -3.21256 l -0.61781,0.2471223 0.24711,3.2125581 c 2.22408,2.2240742 -2.59475,4.8188312 -2.59475,4.8188312 l 1.72985,1.482714 -0.12355,2.471194 -0.86493,0.123557 -1.2356,-1.11204 -0.24711,2.22408 -1.97697,-0.494227 -0.12356,1.606267 c 2.62315,1.528459 3.02469,3.227409 2.73505,4.574851 l 3.95399,1.292098 3.19495,2.662455 v -2.129958 c 2.92873,-3.461202 6.92243,0.798745 6.92243,0.798745 1.59746,3.993669 5.05867,1.331213 5.05867,1.331213 2.39623,2.396236 5.32494,-2.129958 5.32494,-2.129958 l 6.65615,-2.396236 c 0.5325,-9.58486 0.26625,-9.58486 0.26625,-9.58486 l 2.66246,-1.863725 3.99369,6.656169 3.46121,0.798717 v 5.857438 l 3.4612,-5.324941 0.79874,-6.922397 0.55316,-1.48975 1.60105,2.801849 0.66711,-1.467635 1.33421,-0.266844 0.66711,2.001323 1.33421,-1.067373 1.06739,1.73449 h 1.06737 v -0.933961 h 1.73448 l 0.66709,-1.867899 h 2.80184 l 0.26684,4.00263 c 4.53633,2.535005 4.66977,3.869239 4.66977,3.869239 0.1334,3.86921 4.40289,3.068687 4.40289,3.068687 l -0.26684,-2.001323 c 1.60107,-0.933958 4.80317,-0.667117 4.80317,-0.667117 0.13343,2.935281 4.00264,2.001323 4.00264,2.001323 l -0.13343,-1.46764 2.53503,-2.40157 -1.33424,-1.334234 0.66712,-0.93393 h 6.27081 l 5.33685,3.735804 2.80185,-2.535005 -0.13344,-1.334234 v -0.133406 c 1.46764,0 2.00132,1.46764 2.00132,1.46764 l 2.80186,0.400248 -0.13341,-3.335528 -1.06736,-0.667109 1.20077,-0.933949 v -2.00132 l 4.44678,1.634163 0.004,-3.162266 -1.61163,-2.1075029 1.23972,-1.7355877 c -5.703,-2.1074972 -6.44681,-4.3389634 -6.44681,-4.3389634 l -4.58693,-0.1239745 -0.37191,-2.7273504 h 0.24796 l 0.24793,-2.9752911 c -2.73755,-1.1259425 -0.71461,-3.1940274 -0.74382,-3.2232346 2.60338,-0.4958814 -0.99176,-5.8266134 -0.99176,-5.8266134 5.75967,-1.386498 -0.42909,-4.04337 -0.61987,-3.967059 -3.22324,-4.586907 -5.95057,-3.223229 -5.95057,-3.223229 l 0.86777,-15.372349 -4.09103,-3.843085 1.73561,-1.239704 v -2.47941 l -0.4959,-0.123968 v -3.719122 c -0.86777,-0.619848 1.23972,-3.967054 1.23972,-3.967054 l -0.61987,-4.710879 -0.61985,-0.619853 v -0.991762 l -0.8678,-1.115735 v -1.735588 l -0.86778,-0.495884 0.69291,-1.060935 3.27415,-2.78215 4.21499,-4.834853 0.8678,0.123972 3.96706,-4.834848 c -9.79368,-10.785441 -14.62854,-25.166015 -14.62854,-25.166015 l -12.1491,-5.578675 -0.49589,0.99177 -4.09101,0.74382 -3.47119,-2.35544 -1.61161,0.61985 -0.37191,4.462938 1.98352,1.611619 -4.21499,5.826616 -5.45471,3.843084 -0.12395,2.107495 -2.85132,1.48765 v 3.099265 h -1.3637 l -0.12395,2.727351 1.6116,2.231466 v 1.487647 l -1.36367,1.611619 h -2.10749 l -1.23972,1.115734 -0.24793,2.355441 -2.35546,1.115731 c -3.22323,-0.247937 -1.85956,4.58691 -1.85956,4.58691 h -0.99176 l -0.37191,-1.239703 -1.11571,0.123969 -1.98354,-1.859557 v -1.115737 c -0.99176,-2.479407 -2.1075,0.123974 -2.1075,0.123974 l -1.73558,-0.123974 -0.84867,0.104837"
       style="fill:none;stroke:#ff0000;stroke-width:0.52916676;stroke-linecap:round;stroke-linejoin:round;stroke-miterlimit:4;stroke-dasharray:none;stroke-opacity:1" />
    <g
       style="fill:#ffffff"
       transform="matrix(0.04651032,0,0,0.04651032,286.32232,269.07254)"
       id="g15407">
      <g
         style="fill:#ffffff"
         id="g5615"
         transform="translate(1722.1975,-367.48493)" />
      <g
         style="fill:#ffffff"
         id="g5609"
         transform="translate(1722.1975,-367.48493)" />
    </g>
    <path
       id="Pahang"
       style="color:#000000;font-style:normal;font-variant:normal;font-weight:normal;font-stretch:normal;font-size:medium;line-height:normal;font-family:Sans;-inkscape-font-specification:Sans;text-indent:0;text-align:start;text-decoration:none;text-decoration-line:none;letter-spacing:normal;word-spacing:normal;text-transform:none;writing-mode:lr-tb;direction:ltr;baseline-shift:baseline;text-anchor:start;display:inline;overflow:visible;visibility:visible;fill:none;stroke:#ff0000;stroke-width:0.56444448;stroke-linecap:round;stroke-linejoin:round;stroke-miterlimit:4;stroke-dasharray:none;marker:none;enable-background:accumulate"
       d="m 349.45387,60.834128 -0.38805,0.343958 c -0.0717,0.06075 -0.12226,0.146041 -0.14111,0.238125 l -0.61733,3.183819 -1.18184,0.211667 c -0.19702,0.03748 -0.35162,0.231738 -0.34391,0.432153 l 0.13224,5.203472 c 0.008,0.204433 0.18418,0.388778 0.38806,0.405694 l 0.74083,0.07056 -0.5203,0.732014 c -0.0848,0.121694 -0.0988,0.28928 -0.0353,0.423333 l 1.89614,4.180417 -3.0515,4.198055 c -0.0175,0.02478 -0.0323,0.05144 -0.0441,0.07937 -0.79347,1.803333 -0.8693,4.43057 -0.78495,6.641042 0.063,1.649086 0.19296,2.792146 0.27342,3.404305 -0.83882,-0.185366 -1.47422,-0.251183 -1.86092,-0.202847 -0.24175,0.03022 -0.41932,0.08265 -0.54677,0.149931 -0.0638,0.03364 -0.11018,0.07203 -0.14995,0.105833 -0.0398,0.03381 -0.0882,0.08819 -0.0882,0.08819 -0.0181,0.02754 -0.0329,0.05721 -0.0441,0.08819 -1.24488,2.835537 -1.17695,5.68796 -0.37925,8.325555 0.7977,2.637596 2.31219,5.073416 3.96875,7.152576 3.23125,4.05554 6.92258,6.68511 7.10848,6.81743 0.83111,1.83831 0.40549,2.99888 -0.21167,3.79236 -0.62583,0.80463 -1.46403,1.17299 -1.46403,1.17299 -0.11633,0.0518 -0.20664,0.1588 -0.23811,0.28222 -2.07871,7.71133 -2.09776,12.21122 -1.56106,14.82548 0.26837,1.30714 0.68154,2.13795 1.0407,2.65466 0.19493,0.28044 0.36565,0.46344 0.50269,0.58208 l 0.13231,10.53042 c -4.0776,9.54246 -0.41577,18.51835 4.23333,25.04722 4.39468,6.1716 9.53437,10.0901 10.34661,10.41674 -1.8811,10.36875 -2.28137,10.63559 -2.28137,10.63559 l 2.66844,0.26685 c 1.20077,5.33685 -0.93396,5.47028 -0.93396,5.47028 l -21.48084,-10.80713 -15.87714,5.73712 -16.41083,-7.60501 -12.67502,-15.34346 -7.03112,-3.11601 c 0,0 0.29969,-1.83854 -1.2803,-3.59409 l -17.90656,-11.05993 -7.37328,-7.89994 -17.20432,-5.09108 c 0,0 -1.69444,-1.82526 -3.33553,-0.87777 l -2.6333,0.87777 -1.93111,1.05332 -1.05334,-1.57998 -0.17554,-3.15998 -2.63333,-0.17555 -3.33553,-1.22889 -0.17554,-2.45776 h -1.75556 l -0.70223,-0.87777 h -0.52665 l -0.87777,1.9311 -0.3059,0.89163 c -7.76459,-2.76923 -10.74985,-9.79886 -10.74985,-9.79886 -0.26684,-7.47159 -1.46764,-8.40554 -1.46764,-8.40554 -0.13343,-3.7358 3.33553,-4.93659 3.33553,-4.93659 1.33421,-5.07001 -5.20344,-10.40687 -5.20344,-10.40687 -6.13738,-2.134742 -9.10477,-7.245519 -9.10477,-7.245519 1.06417,-1.473953 -2.23605,-2.227388 -2.23605,-2.227388 l -0.40025,-3.335531 1.33421,-2.668428 -2.80185,-2.401584 v -7.338173 c -2.80184,-2.001319 0.40028,-5.870538 0.40028,-5.870538 1.86788,-2.668428 -4.26949,-4.269483 -4.26949,-4.269483 -3.7358,-2.401584 -1.46764,-5.870541 -1.46764,-5.870541 -4.40289,-0.133421 -4.26949,-4.402904 -4.26949,-4.402904 l -0.66708,-5.336853 -2.13476,-1.867899 c 4.9366,-5.737118 -5.33685,-4.536324 -5.33685,-4.536324 l -2.00132,-3.468954 4.53632,-5.336854 -2.26816,-2.935272 v -2.935269 l -0.93396,-0.667104 2.55095,-2.425901 3.794,1.219796 3.19495,2.662463 v -2.129965 c 2.92871,-3.461198 6.92241,0.798743 6.92241,0.798743 1.59749,3.993694 5.05869,1.331232 5.05869,1.331232 2.39621,2.396217 5.32494,-2.129975 5.32494,-2.129975 l 6.65615,-2.396213 c 0.5325,-9.584873 0.26625,-9.584873 0.26625,-9.584873 l 2.66246,-1.863725 3.9937,6.656163 3.4612,0.798734 v 5.857426 l 3.4612,-5.324932 0.79874,-6.922406 0.55316,-1.48975 1.60105,2.801849 0.66711,-1.467635 1.33421,-0.266844 0.66712,2.00132 1.3342,-1.06737 1.06737,1.734478 h 1.06739 v -0.933949 h 1.73445 l 0.66712,-1.867899 h 2.80184 l 0.26685,4.002639 c 4.53632,2.535005 4.66976,3.869219 4.66976,3.869219 0.1334,3.869218 4.40289,3.068692 4.40289,3.068692 l -0.26684,-2.001322 c 1.60105,-0.93395 4.80317,-0.667106 4.80317,-0.667106 0.13343,2.935269 4.00264,2.00132 4.00264,2.00132 l -0.13343,-1.467635 2.535,-2.401584 -1.3342,-1.334214 0.66711,-0.933949 h 6.27078 l 5.33688,3.735798 2.80185,-2.535005 -0.13344,-1.334214 v -0.13342 c 1.46764,0 2.00133,1.467634 2.00133,1.467634 l 2.80185,0.400265 -0.1334,-3.335534 -1.0674,-0.667108 1.2008,-0.93395 v -2.00132 l 4.40244,1.62588 c 8.13915,9.981757 14.27655,6.112538 14.27655,6.112538 8.1387,6.137382 0.66709,9.606335 0.66709,9.606335 -3.73577,7.605017 7.87189,8.272125 7.87189,8.272125 l 1.20077,1.06737 1.06736,-3.202113 c 5.20344,5.070013 4.66976,7.071332 4.66976,7.071332 l -1.73448,1.467635 v 3.602374 l -3.20212,0.266844 -1.20077,3.602375 -1.06737,0.266844 -0.53371,3.869219 c -2.00132,2.401584 -0.26684,3.735798 -0.26684,3.735798 l -0.1334,2.401584 -2.13476,1.867899 2.4016,3.602375 c 10.40686,-7.738438 19.07924,4.536327 19.07924,4.536327 l 2.93528,0.13342 c 6.00396,0.133421 5.33685,6.404224 5.33685,6.404224 3.46896,5.203432 3.96096,5.770484 3.96096,5.770484 l -1.29252,-3.102056 2.535,-0.533685 -0.40028,-9.873181 -0.93393,-1.06737 -0.26684,-4.402904 0.93393,-0.533685 c 1.60108,-3.869218 -0.66709,-5.603697 -0.66709,-5.603697 3.60237,1.467635 9.45055,0.218785 9.45055,0.218785 z m 19.92955,87.386382 c 0,0.8772 -0.10967,1.26097 -0.10967,1.26097 -0.98682,0.43859 -0.32893,1.86403 -0.32893,1.86403 l 0.98684,0.49342 -0.10967,1.80921 c -1.20613,0.87719 -2.85086,1.86403 -2.85086,1.86403 l -0.0548,1.15132 c -1.64474,0.65789 0,1.75438 0,1.75438 v 1.53509 c 1.48025,2.52193 2.4671,2.4671 2.4671,2.4671 h 1.09649 c 1.64473,-0.65789 2.13814,-0.49342 2.13814,-0.49342 1.04169,0 1.64474,0 1.64474,0 v -2.13815 c 0.54824,-1.04167 0.54824,-1.48027 0.54824,-1.48027 0.16448,-1.26096 -0.60305,-1.37061 -0.60305,-1.37061 h -0.71272 c -0.4386,-0.49342 -0.16448,-0.98684 -0.16448,-0.98684 l 0.16448,-2.02851 -0.87721,-1.04166 c 0,-1.31579 -1.37061,-4.82456 -1.37061,-4.82456 -0.21929,-0.82237 -1.86402,0.16447 -1.86402,0.16447 z" />
    <g
       transform="matrix(0.53368535,0,0,0.53368535,45.01126,-239.5104)"
       id="g12411-4"
       style="fill:#ffffff;fill-opacity:1">
      <path
         id="Kedah"
         style="fill:#000080;fill-opacity:1;stroke:#000000;stroke-width:0.52881765px;stroke-linecap:butt;stroke-linejoin:miter;stroke-opacity:1"
         d="m 34.279307,249.79599 c 0,2.15206 -1.690908,5.53388 -1.690908,5.53388 1.614046,1.61405 3.228097,-0.46116 3.228097,-0.46116 3.183409,-4.11124 -1.537189,-5.07272 -1.537189,-5.07272 z m -0.768594,-4.30413 -3.842972,3.38181 h -1.537189 l -0.614875,3.99669 -2.76694,3.07438 2.76694,5.99504 2.613221,1.07603 2.766939,-2.92066 c -2.555477,-4.42622 0.614876,-14.60329 0.614876,-14.60329 z m 8.915694,-21.05949 c 0,0 2.997518,3.6124 -0.614876,7.22479 0,0 4.457848,5.53388 4.457848,9.22313 l -5.380161,0.15372 -1.076032,7.68594 c 0,0 -7.071067,-12.91238 -13.680979,-1.84462 0,0 -2.690079,-1.46033 -5.533879,1.38347 0,0 -1.240789,3.87312 -2.76694,1.22975 0,0 0.951185,-1.70968 -1.844626,-12.14379 0,0 -1.361054,-1.50832 -11.2214772,-4.15041 v -9.99173 c 0,0 13.9884172,2.30579 20.9057662,2.30579 3.689252,-4.61157 6.148754,-7.68595 6.148754,-7.68595 3.842972,-1.07603 5.687598,7.37851 5.687598,7.37851 1.537189,0.61487 4.919004,-0.7686 4.919004,-0.7686 z m 68.799903,124.70584 c -0.0673,-0.97628 -0.13997,-2.12987 -0.16171,-3.32436 -0.0437,-2.38899 0.11636,-4.94161 0.34906,-7.28333 0.46545,-4.68345 1.22177,-8.52329 1.22177,-8.52329 l 0.23272,-19.54826 C 110.24755,270.25629 88.432819,252.0469 88.432819,252.0469 l 0.232721,-5.58522 2.327177,-2.55989 -0.232721,-1.86174 11.170444,-10.47227 c 1.29971,-4.85061 9.07598,-7.67968 9.07598,-7.67968 3.36863,-11.46571 2.59201,-16.36479 2.59201,-16.36479 l 18.90742,3.84298 v 2.76693 h 2.61322 l -0.30742,1.53719 h 8.3008 c 17.66167,14.29344 25.05619,-1.22975 25.05619,-1.22975 l -0.15365,-0.61487 1.69091,0.30743 v 5.6876 l 1.99834,1.84462 5.07273,0.15365 -0.15365,1.07603 3.53553,-0.15365 -0.15365,2.92064 1.07605,0.30744 v 9.06941 l 4.61156,6.91735 -2.76693,4.61158 3.3818,8.1471 2.76695,-1.22975 v -3.9967 l 3.84298,2.4595 v 3.2281 l 2.30577,-0.61487 -0.15364,-1.84463 h 5.6876 v -3.53554 h 1.99833 l 2.61322,-2.45949 6.76363,6.45618 11.83636,-2.76694 3.2281,10.91405 -1.99835,1.07602 h -4.919 l -3.2281,3.99668 -0.15365,2.61322 10.60658,4.30414 c -3.22678,12.04263 -0.46113,19.21485 -0.46113,19.21485 -3.67196,6.36002 -5.07273,10.14546 -5.07273,10.14546 -7.68593,0 -8.14708,0.1537 -8.14708,0.1537 -4.30415,4.30413 -2.92067,10.60661 -2.92067,10.60661 -3.2623,5.65044 -3.69064,8.20817 -3.69064,8.20817 l -7.68455,2.39843 c 1.73008,6.45673 5.53388,6.30247 5.53388,6.30247 l 0.15365,5.84132 v 0 c 0,3.38181 -7.9934,9.22313 -7.9934,9.22313 l -0.15365,3.2281 1.99835,1.84462 v 8.45454 l -0.46117,0.15372 -0.30743,3.53553 c -2.35579,4.08035 -4.45785,3.38182 -4.45785,3.38182 l -0.61487,-1.38347 h -2.45951 c -2.98796,11.15122 -3.53553,14.75701 -3.53553,14.75701 1.6477,6.14929 -7.07107,12.60495 -7.07107,12.60495 H 169.8599 v 1.07603 h -0.99917 c -0.28992,5.43453 -1.18701,6.4313 -1.18701,6.4313 -1.29582,1.09645 -4.08679,1.19613 -4.08679,1.19613 -1.49517,4.88422 -1.59485,4.78453 -1.59485,4.78453 -3.78774,5.88098 -7.96524,8.18637 -7.96524,8.18637 -1.63982,1.71683 -1.63982,4.42785 -1.63982,4.42785 -0.27112,1.0844 -5.28649,2.30436 -5.28649,2.30436 0,2.30436 -1.76214,4.20207 -1.76214,4.20207 -1.49106,0 -2.98211,2.71101 -2.98211,2.71101 H 140.323 c -0.81331,-0.67775 -0.67774,-2.84656 -0.67774,-2.84656 -1.21997,1.76215 -1.89771,1.8977 -1.89771,1.8977 -1.3555,-0.5422 -1.3555,-1.49105 -1.3555,-1.49105 l -1.76216,-0.2711 -0.13547,-1.89771 -4.69818,-3.26617 c 4.4618,-1.02074 6.86408,-2.14366 11.47376,-1.5869 0,0 -2.20396,-11.99906 -2.17531,-19.14742 0,0 -0.87167,-15.11576 -0.87167,-37.46769 l -0.0289,-5.44659 -0.15814,0.25302 -0.63257,-0.0949 -0.12648,-0.53767 0.22141,-0.0949 -0.0633,-0.50605 -0.21167,-0.1089 -0.51439,0.0671 -0.51439,-0.38019 h -0.26836 l -0.3131,0.22364 -0.62619,0.0224 -1.1406,-1.09585 -1.40894,-0.0224 -0.67094,-0.6262 0.0894,1.52077 -0.20128,0.0894 -0.38019,-0.40255 c 0,0 -0.84984,-0.60384 -1.09585,-0.15654 v 0.26838 l -0.13416,0.0894 -0.29073,0.0224 -0.42493,-0.46964 h -0.51437 l -0.15665,-0.22365 h -0.3131 l -0.51437,0.35783 -1.34186,-0.58147 -0.22365,0.1789 0.0671,0.60384 -0.29073,0.24601 -0.17895,-0.0447 -0.29073,-0.73803 -0.35783,-0.22364 -0.42492,0.42492 h -0.29075 v -0.15655 l -0.35783,-0.0224 0.0448,0.71565 -0.3131,0.20128 -0.35784,-0.11182 -0.0894,-0.24601 c 0,0 0.1589,-0.28147 -0.0639,-0.43354 l -0.12648,-0.0633 -0.88558,0.50605 -1.07535,-0.37954 -0.41116,0.0949 -0.94886,-0.41116 -0.0948,-0.25303 0.37953,-0.25302 -0.0317,-0.25303 -2.53024,-1.35999 -0.50605,0.31627 h -0.44279 l -0.0317,-0.75907 c 0,0 -0.75908,-1.36 -0.85397,-0.0949 0,0 -0.0317,0.53768 -0.44279,0.60093 0,0 -0.5693,0.0949 -0.88558,-0.69581 0,0 -0.63256,-0.50605 -0.70998,0.12828 l -0.0448,0.98403 -0.90263,0.18679 c 0,0 -0.74637,-1.80513 -1.58912,-2.94576 z" />
    </g>
    <g
       id="e2_group">
    </g>
    <path
       id="Perlis"
       style="fill:none;stroke:#ff0000;stroke-width:0.5291667;stroke-linecap:butt;stroke-linejoin:miter;stroke-miterlimit:4;stroke-dasharray:none;stroke-opacity:1"
       d="m 92.20646,-104.99675 0.1242,-2.98073 1.24197,-1.36617 -0.1242,-0.99357 5.96147,-5.58887 c 0.69363,-2.58868 4.84369,-4.09851 4.84369,-4.09851 0.28454,-0.9685 0.51568,-1.85093 0.70319,-2.65028 0.40484,-1.72583 0.6063,-3.06438 0.7028,-4.04566 0.14119,-1.43576 0.0577,-2.10665 0.0577,-2.10665 0,0 -3.88551,-2.59268 -3.88551,-5.69327 0,0 0,-0.93738 0.14421,-3.82163 0,0 -2.74003,0.50475 -2.59582,-3.67741 0,0 -1.73055,-1.2258 -3.38899,0.86528 0,0 -1.55306,0.55466 -2.24948,-0.18963 -0.27607,-0.29505 -0.41753,-0.79423 -0.27424,-1.61303 0,0 -1.08159,-1.44212 -3.67741,1.65844 v 1.22581 l 0.79317,0.14421 0.14421,2.52372 -0.64896,0.0721 c 0,0 -0.77152,1.47876 -1.47333,3.71187 -0.58551,1.86301 -1.12249,4.25106 -1.12249,6.7435 0,0 1.58634,4.97535 -1.49152,7.82591 0,0 1.87619,7.97381 5.62858,13.60235 z" />
    <g
       transform="matrix(0.28222222,0,0,0.28222222,0,0.28069753)"
       id="g6199" />
    <path
       inkscape:connector-curvature="0"
       id="Negeri-Sembilan"
       d="m 262.21126,195.62124 -2.19978,2.084 h -3.82067 l -5.32578,-3.01023 -2.89445,2.77867 h -4.39957 l -0.11577,0.92622 h -1.85245 l -1.15778,3.01024 -0.92622,-1.04201 -0.23156,-0.46311 -4.97845,3.58912 c -2.89445,-1.62089 -2.54711,-2.54711 -2.54711,-2.54711 h -2.43134 l -0.11578,0.57888 h -3.93645 l -0.81045,1.04201 v -5.67313 l -2.77866,-3.93645 -2.08401,-0.11578 0.11578,-3.70489 -2.89445,-2.66289 c -2.084,1.73667 -3.54469,1.04428 -3.54469,1.04428 l 1.30574,-1.4797 1.04417,0.11602 0.69611,-2.55241 1.27621,-0.23204 -1.27621,-1.16018 1.50825,-3.48054 -0.23204,-12.99413 10.20964,-0.11603 3.7126,-7.54118 0.92815,-2.08834 0.23204,-2.08834 c 0,0 2.66843,-1.50824 1.27621,-5.80093 l -1.39223,-0.34806 v -1.62426 l 1.04418,-1.04417 c 0,0 1.62425,-6.96112 -3.74297,-10.5171 l -0.61835,-0.22171 0.38993,-0.83707 0.87778,-1.9311 h 0.52666 l 0.70222,0.87777 h 1.75555 l 0.17555,2.45777 3.33554,1.22888 2.63332,0.17555 0.17555,3.15999 1.05333,1.57998 1.9311,-1.05332 2.63332,-0.87777 c 1.64109,-0.94749 3.33554,0.87777 3.33554,0.87777 l 17.20434,5.09108 7.3733,7.89995 17.90658,11.05995 c 1.57999,1.75554 1.22899,3.51102 1.22899,3.51102 l -6.32008,17.02886 1.52902,1.76907 -2.21702,2.26741 v 3.07359 l 0.35272,1.31006 -0.75582,0.90696 0.0504,1.36045 0.75579,1.51161 -1.05811,1.36043 -3.29162,2.83598 c -3.46459,-1.31737 -15.50514,-5.36959 -15.50514,-5.36959 z"
       style="fill:none;stroke:#ff0000;stroke-width:0.56444442;stroke-linecap:butt;stroke-linejoin:miter;stroke-miterlimit:4;stroke-dasharray:none;stroke-opacity:1"
       sodipodi:nodetypes="ccccccccccccccccccccccccccccccccccccccccccccccccccccccccccccccccccccc" />
    <path
       style="fill:none;stroke:#ff0000;stroke-width:0.5291667;stroke-linecap:butt;stroke-linejoin:miter;stroke-miterlimit:4;stroke-dasharray:none;stroke-opacity:1"
       d="m 364.28344,193.04684 2.66844,0.26684 c 1.20077,5.33686 -0.93396,5.47028 -0.93396,5.47028 l -21.48084,-10.80713 -15.87711,5.73712 -16.41083,-7.60502 -12.67502,-15.34345 -6.97967,-3.033 -6.42284,16.86277 1.52902,1.76906 -2.21699,2.26741 v 3.07359 l 0.35269,1.31006 -0.75579,0.90696 0.0504,1.36044 0.75579,1.51161 -1.05814,1.36045 -3.2883,2.836 -3.15478,4.59829 -0.99816,0.2852 -0.1426,4.56301 -0.14259,1.42595 H 276.104 l 0.28519,5.13342 -1.85373,0.99815 0.85557,2.5667 c 1.56766,-0.0304 2.02169,0.75101 3.70746,0.57036 0.45304,2.28353 0.96362,4.06065 -2.42411,3.56485 l -0.99816,1.85376 -0.45609,-0.65537 -1.77311,-0.24511 c 0,0 7.12288,4.04519 5.92547,7.10523 0,-1.04751 12.77237,16.74699 14.50194,13.17151 h 4.39051 c 0,0 0.74433,-0.70489 8.64796,3.85828 v 2.6609 l 3.99136,3.45919 5.0557,0.66524 c 0,0 19.95681,11.70798 28.73778,14.9011 l 6.78533,18.2272 h 0.39912 l 5.18877,4.52351 0.13307,-3.4592 3.06002,-1.86261 -0.13304,-1.99565 c 6.79148,1.3744 6.82868,-2.21465 13.4375,-9.84543 0,0 2.66099,4.39064 5.588,0.13321 0,0 3.99136,-2.92709 6.25312,1.33032 0,0 4.3905,4.78966 11.04276,1.0644 v -8.38186 c 0,0 -0.66523,-1.59659 -4.1244,-5.98704 l 1.99568,0.13304 3.99136,4.12437 0.13304,5.05576 h 0.53218 l 0.53219,1.99568 c 0,0 -1.19741,1.86261 0.39912,2.79394 l 2.26178,0.66523 2.79395,2.39481 0.13307,0.7983 -1.86264,2.12868 c 0,0 6.12007,5.58792 15.43323,0.39915 0,0 2.79398,-10.51054 -10.24446,-38.05095 0,0 -2.79398,0.39914 -3.72528,-3.19309 l 0.13304,-4.39047 1.46349,-0.53219 -9.84535,-16.36459 c 0,0 -3.85832,-1.06437 -4.25746,-7.45055 l 2.66093,-1.06436 -3.19309,-3.45918 1.06434,-1.19741 -1.86261,-1.99568 h -0.66525 l -4.65658,-3.85831 -1.06435,-3.59223 h -0.79829 l -1.33045,-0.53218 v -2.79395 h -0.93131 v -2.39481 l 2.12872,-0.53219 -1.86264,-1.86263 c 0,0 2.26178,-2.79396 -5.45485,-6.65227 v -2.52786 l -0.9313,-1.19741 -0.39915,2.66091 -5.58792,-2.79396 -2.53322,0.35681 c -2.09418,10.49125 -2.49445,10.75809 -2.49445,10.75809 z"
       id="Johor"
       inkscape:connector-curvature="0"
       sodipodi:nodetypes="cccccccccccccccccccccccccccccccccccccccccccccccccccccccccccccccccccccccccccccccccccccccccc" />
    <path
       style="fill:none;stroke:#ff0000;stroke-width:0.56444448;stroke-linecap:butt;stroke-linejoin:miter;stroke-miterlimit:4;stroke-dasharray:none;stroke-opacity:1"
       d="m 234.73288,204.01251 1.39328,0.9015 0.082,0.57372 h 2.21285 c 4.09788,3.19636 4.50766,5.08138 4.50766,5.08138 4.91746,3.85206 13.60496,9.09733 13.60496,9.09733 1.7211,0 7.62204,2.86853 7.62204,2.86853 4.99941,2.1309 8.6875,2.95049 8.6875,2.95049 l 2.37677,0.40981 0.45608,0.65538 0.99816,-1.85378 c 3.38773,0.4958 2.87714,-1.28133 2.4241,-3.56487 -1.68576,0.18067 -2.13979,-0.60071 -3.70745,-0.57035 l -0.85556,-2.5667 1.85372,-0.99817 -0.28519,-5.13342 h 0.99816 l 0.1426,-1.42596 0.14259,-4.56301 0.99815,-0.2852 3.14889,-4.59836 c -3.46154,-1.31737 -15.50241,-5.3696 -15.50241,-5.3696 h -3.82066 l -2.19977,2.084 h -3.82066 l -5.32577,-3.01021 -2.89444,2.77868 h -4.39955 l -0.11578,0.9262 h -1.85243 l -1.15778,3.01024 -0.92622,-1.042 -0.23156,-0.46311 -5.09852,3.68192 z"
       id="Malacca"
       inkscape:connector-curvature="0"
       sodipodi:nodetypes="ccccccccccccccccccccccccccccccccccc" />
    <path
       id="Selangor"
       style="fill:none;stroke:#ff0000;stroke-width:0.56409168;stroke-linecap:round;stroke-linejoin:round;stroke-miterlimit:4;stroke-dasharray:none;stroke-opacity:1"
       d="m 233.61742,145.04308 -1.04417,1.04417 v 1.62426 l 1.39222,0.34805 c 1.39223,4.2927 -1.2762,5.80093 -1.2762,5.80093 l -0.23204,2.08834 -0.92815,2.08833 -3.7126,7.54118 -10.20963,0.11603 0.23204,12.99412 -1.50825,3.48055 1.27621,1.16018 -1.27621,0.23205 -0.69611,2.5524 -1.04417,-0.11602 -1.2762,1.50824 c -9.9776,-3.01649 -16.2426,-6.61305 -16.2426,-6.61305 -7.30917,-8.46939 -7.65723,-9.16548 -7.65723,-9.16548 l -3.48056,-1.97234 -1.74028,-0.58006 -3.01648,-0.4641 c -1.97232,-2.43638 -0.58009,-3.8286 -0.58009,-3.8286 l 2.20435,-2.20434 2.90047,-0.92818 2.32037,-5.1048 -4.75677,-10.20964 -1.04416,-1.74027 v -1.04418 l -0.46408,0.11603 v -2.55241 c 0.69611,-11.02177 -9.74556,-13.34214 -9.74556,-13.34214 -0.11602,-4.75676 -4.52473,-8.23733 -4.52473,-8.23733 -6.49704,-12.18194 -6.38102,-12.41398 -6.38102,-12.41398 -2.08833,-4.52473 -8.46935,-5.80093 -8.46935,-5.80093 l -1.16019,-1.624268 -0.23204,-1.740281 -2.43639,-2.320366 c -3.1325,-2.552412 -6.14898,-2.784452 -6.14898,-2.784452 l -0.46408,-0.696107 -0.11601,-3.480559 0.81213,-1.276206 h 2.08833 V 86.91776 h 4.17667 l 0.34805,-0.696113 h 2.32038 l 0.34805,2.668428 h 1.50824 c 2.90047,1.044166 0.81213,2.900463 0.81213,2.900463 0,2.668428 1.04417,2.204359 1.04417,2.204359 l 0.34806,-2.320378 h 3.59657 l 5.80093,3.364544 0.46408,1.740278 4.64074,0.116019 0.92815,1.624259 1.16018,-1.740278 1.8563,2.20435 2.43639,-0.696112 0.23204,2.900471 1.74028,0.58009 h 1.2762 l 4.17667,-1.856302 0.23204,-2.320366 -0.23204,-2.900468 -0.81213,-2.088335 c 4.06066,-3.1325 4.52473,0.696115 4.52473,0.696115 l 3.59657,1.62426 h 1.39223 l 1.16018,3.016481 2.08834,1.392225 h 1.39222 l 0.5801,1.62426 h 2.20435 l 0.92815,-2.088338 h 1.50824 l 3.30227,-5.423876 c 0,0 3.05862,5.232428 9.19601,7.367174 0,0 6.53764,5.33686 5.20343,10.40687 0,0 -3.46896,1.20079 -3.33554,4.93659 0,0 1.2008,0.93395 1.46764,8.40555 0,0 2.53501,6.80449 11.28418,9.96601 5.36721,3.55597 3.74296,10.51709 3.74296,10.51709 z m -59.4203,12.23748 0.95722,-2.39307 -0.0798,-0.39885 -0.63816,-0.55838 -0.0798,-0.39885 c 0.95722,-2.15376 1.19653,-2.47283 1.19653,-2.47283 0.31908,-0.39885 1.51561,-0.63815 1.51561,-0.63815 v -0.31908 l 1.35607,-0.0798 c 1.27631,1.037 0.79769,2.15376 0.79769,2.15376 l -1.43584,1.037 c 0.47862,1.037 0,1.75492 0,1.75492 -2.71214,1.51561 -2.55261,2.71214 -2.55261,2.71214 -0.79769,0.63815 -1.03699,-0.39884 -1.03699,-0.39884 z m 3.0492,0.56806 c -1.20572,0.78634 -1.57268,0.99603 -1.57268,0.99603 -0.83876,1.15329 -0.26211,1.72994 -0.26211,1.72994 0.0524,1.04845 -0.10485,1.88722 -0.10485,1.88722 0,0.4718 0.62907,0.4718 0.62907,0.4718 0.99603,-0.15727 1.41542,-0.4718 1.41542,-0.4718 0.31453,-0.36696 0.31453,-1.8348 0.31453,-1.8348 0.10485,-1.72994 -0.41938,-2.77839 -0.41938,-2.77839 z m 1.1533,4.08896 c -0.26211,-0.68149 -0.31454,-0.89118 -0.31454,-0.89118 v -1.46784 l 0.36696,-0.41938 -0.0524,-0.4718 -0.41938,-0.15727 -0.26212,-1.31056 1.31057,-1.6251 c 0.73392,-1.67753 1.46783,-3.56474 1.46783,-3.56474 0,-0.83876 0.52423,-1.57268 0.52423,-1.57268 0.83876,-0.94361 1.93963,-1.20572 1.93963,-1.20572 1.20572,-0.0524 1.10088,0.99603 1.10088,0.99603 -0.36696,2.51628 0.20969,3.35505 0.20969,3.35505 0.31453,1.10087 -0.31454,1.25814 -0.31454,1.25814 -1.20572,1.1533 -2.20174,1.25814 -2.20174,1.25814 l -2.09691,4.61319 c -0.41938,0.57665 -1.25814,1.20572 -1.25814,1.20572 z m 0.15726,1.10087 c 0,0.57665 0.15727,1.04846 0.15727,1.04846 0.73392,0.68149 3.56474,-2.25418 3.56474,-2.25418 0.57665,0.52423 0.99603,0.10485 0.99603,0.10485 0.62907,-0.15727 0.89118,-0.36696 0.89118,-0.36696 -0.31453,-0.36696 -0.41938,-0.68149 -0.41938,-0.68149 1.10088,-0.15727 1.6251,-0.78634 1.6251,-0.78634 0.41939,-2.51629 0.89119,-2.51629 0.89119,-2.51629 0.26211,-0.20969 0.83876,-1.04845 0.83876,-1.04845 -0.15727,-0.89118 -0.41938,-1.10087 -0.41938,-1.10087 -0.62907,-0.0524 -0.99603,-0.0524 -0.99603,-0.0524 -1.20572,0.0524 -2.72598,0.99603 -2.72598,0.99603 -1.93963,1.8348 -2.51628,4.45593 -2.51628,4.45593 -0.62907,0.31453 -0.99603,1.36298 -0.99603,1.36298 0.0524,0.52423 -0.89119,0.83876 -0.89119,0.83876 z" />
    <g
       id="e3_group" />
    <path
       id="Terengganu"
       style="fill:#000080;fill-opacity:1;stroke:#000000;stroke-width:0.28222221px;stroke-linecap:round;stroke-linejoin:round;stroke-opacity:1"
       d="m 372.53059,9.6713298 c 0.49471,0 0.84808,0.2826907 0.84808,0.2826907 v 1.2014315 l 0.21201,0.212016 -0.42404,0.989415 -0.98942,-0.706724 -0.14133,-0.848069 h 0.35337 z M 342.54866,-20.502691 v 0.846351 h 1.12846 c -0.0706,-0.987411 -1.34004,-2.96223 -1.34004,-2.96223 l -0.35264,0.846351 -1.05794,0.07053 c -0.56424,0.775823 0.28211,1.340056 0.28211,1.340056 z m -11.0731,-12.836325 c 0,0 0.56424,0 0.84635,0.916881 0,0 0.4232,0.423175 0.63478,1.551643 0,0 -0.21158,1.198996 -1.05794,1.410584 0,0 -0.49372,0.07053 -0.35264,-1.269526 0,0 0.0705,-0.211588 -0.77583,-1.410586 0,-0.705291 -0.56424,-0.987409 -0.56424,-0.987409 0,0 0.84635,-0.282117 1.26952,-0.211587 z m -15.93963,-33.92457 0.35264,1.904289 1.55165,-1.974819 0.0705,-1.410584 -1.62218,-1.128468 c 0.84635,-0.916881 -1.34005,-2.115879 -1.34005,-2.115879 l -0.14106,1.622174 -0.49369,0.77582 c 0.70527,2.045349 0.7758,2.96223 0.7758,2.96223 z m -21.79351,-14.246911 c -0.42317,1.410586 -0.28214,2.539055 -0.28214,2.539055 l -1.05791,0.77582 c 0.42314,0.916881 0.91688,0.775823 0.91688,0.775823 v 0.916881 l 0.84633,-0.07053 v -0.916881 c 0,-0.423175 0.77583,0.141061 0.77583,0.141061 1.4106,0.282115 1.26952,-0.846354 1.26952,-0.846354 -0.42316,-1.974819 -1.76321,-2.115876 -1.76321,-2.115876 0.0705,-1.128469 -0.7053,-1.198999 -0.7053,-1.198999 z m -1.97649,-0.6846 c 0,0.963377 -0.10705,2.033795 -0.10705,2.033795 -2.46196,1.2845 0,2.354915 0,2.354915 0.64226,-2.247874 0.64226,-2.783083 0.64226,-2.783083 0.21403,-0.428168 0.21403,-1.391542 0.21403,-1.391542 z m -17.60839,14.377859 -0.86778,-0.123972 -4.21502,4.834853 -3.27411,2.78215 -0.69294,1.060935 0.8678,0.495884 v 1.735588 l 0.86778,1.115734 v 0.991763 l 0.61987,0.619853 0.61985,4.710879 c 0,0 -2.1075,3.347206 -1.23972,3.967054 v 3.719121 l 0.49589,0.123969 v 2.47941 l -1.73558,1.239703 4.09104,3.843085 -0.86781,15.372349 c 0,0 2.72734,-1.363678 5.9506,3.223229 0.19075,-0.07631 6.37952,2.580561 0.61984,3.96706 0,0 3.59515,5.3307318 0.99176,5.8266132 0.0292,0.029207 -1.99373,2.0972921 0.74383,3.2232346 l -0.24794,2.9752911 h -0.24796 l 0.37192,2.7273504 4.58693,0.1239745 c 0,0 0.74383,2.2314662 6.44647,4.3389634 l -1.23971,1.7355877 1.6116,2.1075031 -0.0923,3.145711 c 8.18351,9.99004 14.32092,6.120821 14.32092,6.120821 8.13869,6.137382 0.66708,9.606335 0.66708,9.606335 -3.7358,7.605017 7.87186,8.272125 7.87186,8.272125 l 1.2008,1.06737 1.06736,-3.202113 c 5.20345,5.070012 4.66976,7.071332 4.66976,7.071332 l -1.73448,1.467635 v 3.602374 l -3.20212,0.266844 -1.2008,3.602375 -1.06736,0.266844 -0.53368,3.869219 c -2.00133,2.401584 -0.26685,3.735798 -0.26685,3.735798 l -0.1334,2.401584 -2.13479,1.867899 2.40163,3.602375 c 10.40686,-7.738438 19.07921,4.536327 19.07921,4.536327 l 2.93525,0.133434 c 6.00397,0.133407 5.33685,6.404215 5.33685,6.404215 3.46899,5.203416 3.96099,5.770485 3.96099,5.770485 l -1.29252,-3.102074 2.535,-0.533682 -0.4003,-9.873177 -0.9339,-1.067365 -0.26684,-4.402904 0.9339,-0.533685 c 1.60107,-3.869218 -0.66709,-5.603697 -0.66709,-5.603697 3.60237,1.467635 9.45055,0.218785 9.45055,0.218785 l 0.0851,-3.572539 c 8.02019,-2.375693 1.88666,-11.912134 1.7261,-11.849308 L 352.5435,40.7706 c -2.98565,-7.650731 1.02631,-6.811021 1.02631,-6.811021 1.07298,0.699764 -1.72608,-6.344507 -1.72608,-6.344507 l -1.1196,-3.918667 c 1.86603,0.04665 -1.30624,-9.283514 -1.30624,-9.283514 0.41984,-0.979666 1.81938,-1.026315 1.81938,-1.026315 l -20.84161,-37.727238 c 0.84001,-1.68004 -1.40002,-4.760121 -1.40002,-4.760121 -11.38699,-14.653709 -13.90703,-15.587066 -13.90703,-15.587066 l -3.17345,-3.173414 -3.54671,0.373343 c -9.45515,-6.736932 -11.49802,-8.845716 -11.49802,-8.845716 l -2.24059,-0.988492 -7.05127,-6.853543 c -5.33783,-6.260446 -9.52047,-8.580149 -9.52047,-8.580149 z" />
    <path
       id="Penang"
       style="opacity:1;vector-effect:none;fill:none;fill-opacity:1;stroke:#000000;stroke-width:0.63499999;stroke-linecap:butt;stroke-linejoin:miter;stroke-miterlimit:4;stroke-dasharray:none;stroke-dashoffset:0;stroke-opacity:1"
       d="m 90.464009,-34.900431 0.158018,0.751915 0.281952,0.916063 0.06466,0.294202 0.104865,0.47709 0.06795,1.24458 0.04244,0.191543 -0.01152,0.853254 -0.259375,0.339655 -0.13883,-0.215374 -0.233191,-0.0049 -0.248089,0.115593 -0.133634,0.127258 -0.106328,0.101257 -0.04899,0.206242 0.106324,0.182634 -0.04334,0.473287 -0.311748,0.406249 -0.01197,0.21181 -0.174498,0.216709 -0.01919,0.238761 0.106549,0.255687 0.246736,0.298227 0.04289,0.469279 0.286915,0.212255 0.05711,-0.182856 -0.08849,-0.506919 0.280143,-0.458811 0.332968,-0.08731 0.457801,0.0022 0.39008,0.238314 0.362766,0.01381 0.174496,-0.221611 0.534103,-0.100225 0.552388,0.190206 0.113998,-0.265041 -0.03251,-0.241878 0.286015,-0.07372 0.471346,0.08909 0.33748,0.144548 0.274953,0.213146 0.04718,0.230074 0.315359,0.331635 0.02867,0.143212 0.21468,-0.118266 0.06321,-0.350568 0.416716,0.0089 0.232288,-0.129848 0.527104,0.26905 0.468637,0.359699 0.08872,0.302237 0.278563,0.275731 0.103841,0.459925 0.131834,0.245442 0.369761,0.02895 0.267277,-0.07929 0.106325,-0.33609 -0.179689,-0.236978 0.153052,-0.573514 0.250121,-0.342772 0.361185,-0.327404 0.02348,-0.246109 -0.121224,-0.285978 0.273147,-0.297336 0.365771,-1.16519 0.225443,-0.718162 -0.01377,-0.229182 0.496857,-1.000031 0.0894,0.01069 0.16028,-0.328964 0.0948,0.0071 0.15869,-0.434979 -0.1158,-0.03742 0.042,-0.304685 0.21988,-0.68109 0.0315,-0.358433 0.0143,-0.16274 0.17112,-0.181743 -0.0528,-0.335644 0.16163,-0.06905 -0.0524,-0.403352 0.12619,-0.08976 -0.0447,-0.433866 0.12416,-0.339654 -0.1745,-0.100671 -0.0287,-0.386426 0.29256,-0.570396 0.0596,0.138312 0.45848,0.05434 0.0666,-0.161921 -0.22055,-0.212923 0.70454,-0.655921 -0.26412,-0.249006 0.21559,0.07038 0.0944,0.153235 0.39799,-0.375067 -0.0946,-0.421171 0.35794,-0.219857 0.10438,-0.06412 0.17788,-0.298004 -0.0458,-0.30825 -0.39459,-0.169493 -0.1377,0.02517 -0.87181,-0.20446 -0.41514,-0.230519 -0.21456,-0.15611 -0.34166,-0.248579 -0.42665,-0.379745 -0.2727,-0.442774 0.27518,-0.07038 0.24674,-0.688662 0.0476,-0.71138 -0.5086,-0.117152 0.012,-0.140093 -0.606109,-0.0094 -0.04763,-0.11359 -0.409267,0.04521 -0.08781,-0.224283 -0.228223,-0.07929 -0.498437,0.122943 -0.484213,0.03452 -0.202715,-0.0657 -0.03522,-0.582645 -0.217162,-0.235197 -0.397303,-0.121162 -0.30904,0.115595 -0.183527,-0.140762 -0.10858,0.06615 -0.281048,-0.277959 -0.293688,-0.0637 -0.161405,0.207579 -0.466833,0.377072 -0.872261,0.857709 -0.179914,-0.0176 -0.151699,0.149448 -0.24222,0.05523 -0.109709,-0.128957 -0.214454,0.103344 -0.243798,-0.134525 -0.190529,0.0082 -0.03093,0.08486 -0.535231,0.266377 -0.349446,0.07395 -0.434775,-0.06749 -0.257121,-0.18887 0.06366,-0.459256 -0.39753,0.06882 -0.162759,-0.120493 0.03499,-0.167266 -0.129801,-0.142098 -0.305428,0.191988 -0.442,-0.07751 -0.0754,-0.11693 0.108582,-0.208246 -0.11716,-0.237201 -0.722821,0.194883 -0.133188,0.396226 0.273372,0.297336 0.26773,0.153011 -0.04695,0.266378 0.223934,0.762383 -0.191428,0.333195 -0.18127,0.05368 -0.143119,0.383531 0.253055,0.158579 -0.176754,0.516051 -0.153729,0.115148 0.53681,0.339432 0.44832,0.02918 -0.0061,0.476406 0.0973,0.04544 c 0.03856,0.0094 0.155779,0.01808 0.155779,0.01808 0.01034,0 0.02241,0.01901 0.02241,0.01901 0.01983,0.01728 0.04137,0.05531 0.04137,0.05531 l 0.06895,0.02247 0.139627,-0.02247 c 0.03103,-0.03457 0.08274,-0.01037 0.08274,-0.01037 0.01207,0.01988 0.0362,0.01815 0.0362,0.01815 l -0.01034,0.07518 0.0078,0.02679 0.06637,0.05531 -0.01121,0.154692 -0.03965,0.169382 c -0.02758,0.06049 -0.03879,0.08037 -0.03879,0.08037 -0.01897,0.05444 0.03534,0.06914 0.03534,0.06914 l -0.0724,0.02852 -0.03534,0.156419 0.02241,8.69e-4 -0.09826,0.519383 -0.09387,0.512087 -0.0085,0.01467 -0.03169,-0.0073 -0.08776,0.387425 c -0.02438,0.06355 0.0097,0.109994 0.0097,0.109994 l 0.151144,0.0012 -0.03169,0.08555 0.05119,0.0098 -0.0061,0.02078 -0.04022,-0.0073 c -0.01463,0.02444 0.0195,0.04767 0.0195,0.04767 l 0.0024,0.03789 -0.05607,-0.0024 -0.219402,0.778517 -0.112138,0.386202 -0.0024,0.345871 z m -0.999581,11.797009 0.215808,-0.208024 0.149893,-0.712271 -0.203168,0.07194 -0.185785,0.23386 0.168856,0.186197 -0.145604,0.428298 m 12.470382,-9.181119 -0.18895,0.244997 -0.29414,0.174169 -0.0932,0.392216 -0.20791,0.07105 -0.24741,0.545896 -0.007,0.339432 -0.17134,0.128734 -0.0605,0.264818 0.1447,0.449903 0.0145,0.24945 0.13589,0.07684 0.1596,-0.110248 0.12529,-0.273727 -0.0549,-0.558368 0.30814,-0.187979 0.42236,-0.09466 0.25757,-0.163257 -0.0183,-0.219606 0.16682,-0.47017 -0.033,-0.266155 -0.24177,-0.279963 0.0253,-0.238315 -0.14153,-0.07506 m -4.157929,7.533856 0.0017,-0.440324 -0.273599,0.17907 -0.212874,-0.129848 -0.167272,0.126062 0.12235,0.279963 0.216261,-0.107798 0.190526,0.19377 z m 8.187589,-22.247723 0.68994,-0.08577 -0.0862,5.917923 c 0,0 -1.55235,2.744558 -0.86242,3.687996 l 2.84596,3.687981 0.0862,2.144178 c 0,0 1.63858,1.629576 1.37986,3.602216 l -0.86241,0.600376 v 1.200736 c 0,0 1.98355,4.717196 -1.93296,11.112594 2.32608,0.498936 4.67755,0.0085 7.05884,-0.536214 2.38131,-0.54475 3.66337,-1.144035 6.12349,-0.846903 0,0 -1.17622,-6.40372 -1.16093,-10.218695 0,0 -0.4652,-8.067058 -0.4652,-19.995959 l -0.0154,-2.906765 -0.0844,0.135035 -0.33759,-0.05064 -0.0675,-0.28695 0.11816,-0.05064 -0.0338,-0.27007 -0.11297,-0.05812 -0.27452,0.03581 -0.27452,-0.202904 h -0.14322 l -0.1671,0.119355 -0.33419,0.01194 -0.60872,-0.584841 -0.75193,-0.01194 -0.35807,-0.334193 0.0477,0.811615 -0.10742,0.04774 -0.2029,-0.214839 c 0,0 -0.45355,-0.322258 -0.58484,-0.08354 v 0.143228 l -0.0716,0.04774 -0.15516,0.01194 -0.22678,-0.250644 h -0.27451 l -0.0836,-0.119355 h -0.1671 l -0.27451,0.190966 -0.71613,-0.310323 -0.11936,0.09548 0.0358,0.322261 -0.15516,0.13129 -0.0955,-0.02388 -0.15516,-0.393872 -0.19097,-0.119357 -0.22677,0.226776 h -0.15517 v -0.08355 l -0.19097,-0.01194 0.0239,0.381937 -0.1671,0.10742 -0.19097,-0.05968 -0.0477,-0.13129 c 0,0 0.0848,-0.150218 -0.0341,-0.231374 l -0.0675,-0.03376 -0.47262,0.27007 -0.5739,-0.202554 -0.21943,0.05064 -0.50639,-0.219431 -0.0506,-0.135038 0.20255,-0.135035 -0.0169,-0.135034 -1.35035,-0.725811 -0.27007,0.168791 h -0.23631 l -0.0169,-0.405104 c 0,0 -0.40511,-0.725811 -0.45575,-0.05064 0,0 -0.0169,0.28695 -0.23631,0.320707 0,0 -0.30383,0.05064 -0.47262,-0.371346 0,0 -0.33759,-0.270069 -0.37891,0.06846 l -0.0239,0.525162 -0.47745,0.103762 c 0.56848,1.243616 1.12975,3.011269 0.74104,4.605876 z" />
    <path
       inkscape:connector-curvature="0"
       style="display:inline;fill:#000080;stroke:#000000;stroke-width:0.28222227;stroke-linecap:round;stroke-linejoin:round;stroke-miterlimit:4;stroke-dasharray:none;stroke-opacity:1"
       id="Putrajaya"
       d="m 209.83556,163.33679 0.872,-0.91942 -0.0282,-0.37836 0.59073,-0.48669 -0.67501,-1.0274 0.19683,-0.48664 0.225,-0.48663 0.14079,-0.21631 -0.39388,-0.48662 -0.84382,-0.91925 0.70317,-0.3245 0.36575,-0.16224 0.3094,0.10818 0.53437,-0.0541 h 0.59074 l 0.50638,-0.10818 0.16877,-0.16224 0.028,0.21627 c 0,0 0.0282,0.45961 0.14078,0.56784 0.11245,0.10803 0.47818,0.37854 0.47818,0.37854 l 0.3094,-0.0541 0.16878,-0.10803 0.36572,0.29735 1.29393,0.4326 v 1.91962 l -1.74404,0.1082 -0.0844,0.43259 v 0.64886 l -0.33757,0.32439 -0.50635,0.0269 0.0564,0.45964 0.2532,0.48676 -0.98458,0.56771 -0.25314,-0.1082 0.11245,0.43259 -0.4782,-0.29747 -0.36562,0.59482 h -1.29392 l -0.22512,-0.75705 -0.19684,-0.45952 z" />
    <path
       sodipodi:nodetypes="ccccccccccccccccccccccccccccccccccccccccccccccccccccccccccccccccccccccccccccccccccccccccccccccccccccccccccccccccccccccccccccccccccccccccccccccccccccccccccccccccccccccccccccccccccccccccccccccccccccccccccccccccccccccccccccccccccccccccccccccccccccccccccccccccccccccccccccccccccccccccccccccccccccc"
       inkscape:connector-curvature="0"
       id="Kuala-Lumpur"
       d="m 216.48289,136.99729 0.0293,0.18793 c -0.0614,0.006 -0.0909,0.0741 -0.0909,0.0741 v 0.10336 l -0.10041,0.14174 -0.0472,0.006 c -0.12107,0.0915 -0.0974,0.26578 -0.0974,0.26578 l 0.009,0.28053 -0.0265,0.0856 0.1004,0.0296 0.32778,0.30416 0.0118,0.1447 0.0974,0.0443 0.12107,0.51677 h 0.18309 c 0.0502,3e-5 0.0768,0.0384 0.0768,0.0384 l 0.009,0.12699 c -0.003,0.0413 0.0886,0.0472 0.0886,0.0472 l 0.13289,-0.006 0.23919,0.24509 0.0325,0.41933 -0.1063,0.0384 0.0266,0.0945 0.14175,-0.009 0.0354,0.0295 -0.0561,0.16242 -0.0177,0.14765 -0.15651,-0.009 -0.0945,0.13583 0.0502,0.0738 0.15651,0.0206 -0.0591,0.21853 -0.11517,-0.0354 -0.0325,0.065 -0.0827,-0.0384 -0.0679,-0.0531 -0.0827,0.0768 0.0354,0.0945 -0.0177,0.062 -0.16242,0.0473 0.0236,0.1388 c 0.009,0.0856 -0.0797,0.0856 -0.0797,0.0856 l -0.41637,-0.0118 -0.11222,-0.10335 -0.0709,-0.003 -0.0561,0.0384 -0.0797,-0.0827 -0.48429,-0.0325 0.0443,0.0886 -0.0237,0.13583 h -0.0915 l -0.0945,0.10041 v 0.0443 l 0.1565,-0.003 -0.003,0.0915 0.12107,-0.003 -0.006,0.11812 0.009,0.48442 0.062,-0.0472 0.33369,0.0177 v 0.1004 c -0.006,0.10042 0.13881,0.0886 0.13881,0.0886 l 0.44591,-0.0177 c 0.0768,0.006 0.15355,0.12401 0.15355,0.12401 l 0.003,0.0532 -0.009,0.17718 -0.33959,0.65557 c -0.0195,0.002 -0.30351,-0.0558 -0.30351,-0.0558 l -0.0418,0.12529 0.12528,0.0585 -0.17122,0.22969 c -0.0501,0.0501 0.0752,0.16704 0.0752,0.16704 l -0.0668,0.14199 -0.30069,0.24639 -0.0334,0.0668 0.008,0.0668 -0.0167,0.0668 -0.0334,0.0501 c 0.16703,0.26726 0.24638,0.50949 0.24638,0.50949 0.0543,0.0752 0.10023,0.22551 0.10023,0.22551 l -0.002,0.13155 -0.002,0.13155 c -2.8e-4,0.0418 -0.0461,0.17957 -0.0461,0.17957 -0.008,0.0376 0.0292,0.12111 0.0292,0.12111 0.008,0.0376 -0.10856,0.14199 -0.10856,0.14199 l 0.0209,0.0877 -0.0334,0.046 0.046,0.0752 c 0.008,0.0208 -0.0543,0.10022 -0.0543,0.10022 0.10859,0.15451 0.25892,0.23386 0.25892,0.23386 l 0.12112,0.0626 0.1106,0.0113 0.0648,-0.14077 0.14616,0.0794 0.0126,0.0585 0.19974,0.0595 c 0.30066,0.19629 0.36402,0.42078 0.36402,0.42078 -0.0794,0.0585 -0.27145,0.16287 -0.27145,0.16287 l 0.17957,0.36333 -0.10022,0.0794 -0.0125,0.32157 -0.47608,0.4552 c -0.0794,0.12529 -0.0292,0.22969 -0.0292,0.22969 0.021,0.0846 0.10072,0.13772 0.10072,0.13772 0.0204,0.0461 0.13314,0.27155 0.13314,0.27155 -0.0209,0.0858 -0.015,0.22455 -0.015,0.22455 l 0.0886,0.0945 0.14174,0.0827 0.003,0.15356 c -0.0119,0.0354 -0.0296,0.13879 -0.0296,0.13879 v 0.0679 c -0.0413,0.0797 -0.0531,0.21557 -0.0531,0.21557 l 0.01,0.14028 -0.0133,0.7988 -0.40124,0.009 0.0384,-0.15356 c 0,0 -0.0856,-0.0531 -0.11812,-0.0354 0,0 -0.0443,0.0501 -0.0886,0.0531 0,0 -0.17127,0.0119 -0.22442,0.0384 l -0.0118,0.10335 -0.691,-0.0118 0.0448,1.63852 -0.1921,-0.22134 -0.38421,0.33827 h -0.13781 l -0.025,-0.29233 0.12111,-0.12111 -0.15869,-0.11694 c 0,0 -0.12112,-0.13363 -0.15452,-0.58466 l -0.27145,0.0585 -0.0835,-0.35915 c 0,0 -0.0292,-0.1587 -0.18793,-0.16705 0,0 -0.1754,-0.0292 -0.23806,0.27146 l 0.0293,0.13782 -0.1044,0.0961 0.025,0.15452 -0.10858,0.0418 -0.10023,-0.19628 c 0,0 -0.0835,-0.071 -0.27145,-0.096 0,0 -0.22969,-0.0627 -0.29233,0.0418 v 0.22133 c 0,0 -0.2631,0.0543 -0.63913,0.025 l -0.004,0.10858 h -0.0835 c 0,0 -0.14616,-0.046 -0.23386,-0.14199 l -0.0585,-0.0334 -0.42179,0.29652 -0.64731,-0.0919 -0.2253,0.12528 -0.005,-0.4051 -1.37813,-0.0334 0.12528,-0.37169 0.15034,0.0126 c 0.0543,0.004 0.24221,0.13779 0.24221,0.13779 l 0.14617,-0.0585 0.008,-0.806 -0.20464,0.11276 -0.13364,-0.10441 -0.17957,0.11276 -0.0835,-0.15452 -0.23792,0.16287 0.0126,-0.14617 -0.046,-0.0793 0.0376,-0.0668 -0.0752,-0.17122 0.32574,-0.28816 -0.17957,-0.18793 -0.008,-0.11693 -0.44076,-0.0106 c 0.14765,-0.1034 0.58469,-0.3987 0.58469,-0.3987 l 0.0177,-0.0827 0.12403,-0.0296 0.1194,-0.0673 0.25475,-0.14198 -0.0334,-0.13782 0.071,-0.0126 0.008,-0.0501 -0.0376,-0.0376 c 0,0 -0.0794,-0.12527 0.0501,-0.16287 l 0.24221,-0.0794 -0.0585,-0.17122 -0.22133,-0.20046 c 0,0 -0.0917,-0.0919 -0.0877,-0.12528 l 0.0167,-0.59302 c 0,0 0.0334,-0.13781 0.0752,-0.2798 v -0.37169 c 0,0 -0.14617,-0.15034 -0.13782,-0.20462 l 0.10859,-0.25893 -0.58257,0.29596 -0.17128,-0.48134 c 0,0 -0.0177,-0.062 -0.062,-0.10335 0,0 -0.11221,-0.11219 -0.35731,-0.0916 l -0.11222,0.003 v -0.12403 l 0.35732,-0.43113 c 0,0 0.0384,-0.13585 -0.0738,-0.1683 0,0 -0.0915,-0.0119 -0.15651,-0.0266 0,0 -0.11221,-0.0147 -0.30416,-0.10927 0,0 -0.31301,-0.15946 -0.58376,-0.22504 l -0.28816,0.15452 c 0,0 -0.11142,0.0262 -0.11732,-0.086 0,0 -0.0148,-0.13289 0.0177,-0.48135 0,0 -0.18012,-0.12697 -0.28939,-0.32185 l -0.12402,-0.0325 c 0,0 -0.10927,-0.0147 -0.23329,-0.16537 0,0 -0.0945,-0.1033 -0.15059,-0.10631 l -0.062,-0.0974 c 0,0 -0.0591,-0.15355 -0.14176,-0.33664 -0.0354,-0.0147 -0.0768,-0.13584 -0.0768,-0.13584 -0.0354,-0.12993 -0.0265,-0.46657 -0.0265,-0.46657 0.006,-0.16537 0.059,-0.37503 0.059,-0.37503 0.006,-0.0472 0.0147,-0.29825 0.0147,-0.29825 l 0.0413,-0.0738 -0.006,-0.22148 0.0679,-0.0974 0.003,-0.0915 0.0975,-0.0975 c 0.0324,-0.0325 0.006,-0.0679 0.006,-0.0679 l 0.0147,-0.12107 0.0502,-0.21852 -0.0738,-0.10335 0.0384,-0.71168 c 0.0118,-0.12993 1e-5,-0.18899 1e-5,-0.18899 0,0 -0.0177,-0.059 -0.0591,-0.0856 -0.0325,-0.0679 0.0147,-0.22148 0.0147,-0.22148 0.031,-0.14765 0.10337,-0.17127 0.10337,-0.17127 0.13289,0.0147 0.22443,-0.0443 0.22443,-0.0443 0.17423,-0.1004 0.33074,-0.38979 0.33074,-0.38979 0.17717,-0.32778 0.32187,-0.75302 0.32187,-0.75302 0.11779,-0.0301 0.16373,-0.12411 0.16373,-0.12411 l 0.0135,-0.0619 0.0207,-0.1506 0.15946,0.003 0.0856,0.0561 0.13005,-0.26839 0.0126,-0.18793 c 0.0418,-0.20046 0.0418,-0.35915 0.0418,-0.35915 l -0.0126,-0.21298 0.12529,-0.30069 0.40926,-0.0251 0.10023,-0.16287 0.16914,0.0167 0.0543,-0.094 0.0334,0.0835 0.32157,-0.0793 0.0355,-0.11275 0.19628,0.0105 -0.008,-0.14199 -0.0125,-0.0146 0.13154,-0.27981 0.1754,0.0752 0.0105,-0.11902 0.006,-0.10415 0.0916,-0.0532 0.28349,0.0945 0.0865,0.0169 0.40927,0.65566 0.0948,0.12481 c 0.0296,0.0591 0,0.0827 0,0.0827 l -0.0679,0.1447 v 0.15355 l 0.0886,0.0975 0.72939,-0.0384 0.0296,0.0296 0.98335,-0.006 0.0709,0.35434 0.46066,-0.006 0.0237,0.33665 0.10041,0.21852 0.0886,-0.0237 h 0.0945 l 0.14175,0.0296 0.10631,0.0768 0.1063,-0.0886 0.0709,0.0827 0.12403,0.0118 0.18309,0.18309 0.14174,-0.15356 -0.14765,-0.0413 v -0.0827 l 0.0768,-0.0118 0.0118,-0.12403 h 0.21852 l -0.0118,-0.26577 0.41932,-0.46657 0.0118,-0.15946 0.10041,0.0827 0.39569,-0.43114 0.15947,0.15356 h 0.55516 l 0.006,-0.16537 0.10042,1e-5 z"
       style="fill:none;fill-opacity:1;stroke:#000000;stroke-width:0.26458877;stroke-linecap:round;stroke-linejoin:round;stroke-miterlimit:4;stroke-dasharray:none;stroke-opacity:1" />
  </g>
</svg>