<svg
   xmlns:dc="http://purl.org/dc/elements/1.1/"
   xmlns:cc="http://creativecommons.org/ns#"
   xmlns:rdf="http://www.w3.org/1999/02/22-rdf-syntax-ns#"
   xmlns:svg="http://www.w3.org/2000/svg"
   xmlns="http://www.w3.org/2000/svg"
   xmlns:sodipodi="http://sodipodi.sourceforge.net/DTD/sodipodi-0.dtd"
   xmlns:inkscape="http://www.inkscape.org/namespaces/inkscape"
   width="540"
   height="810"
   viewBox="137 0 540 810"
   stroke-linecap="round"
   stroke-linejoin="round">
  <metadata
     id="metadata1065">
    <rdf:RDF>
      <cc:Work
         rdf:about="">
        <dc:format>image/svg+xml</dc:format>
        <dc:type
           rdf:resource="http://purl.org/dc/dcmitype/StillImage" />
      </cc:Work>
    </rdf:RDF>
  </metadata>
  <defs
     id="defs1063" />
  <sodipodi:namedview
     pagecolor="#ffffff"
     bordercolor="#666666"
     borderopacity="1"
     objecttolerance="10"
     gridtolerance="10"
     guidetolerance="10"
     inkscape:pageopacity="0"
     inkscape:pageshadow="2"
     inkscape:window-width="1838"
     inkscape:window-height="1884"
     id="namedview1061"
     showgrid="false"
     inkscape:zoom="34.25388"
     inkscape:cx="270"
     inkscape:cy="414.34201"
     inkscape:window-x="0"
     inkscape:window-y="0"
     inkscape:window-maximized="0"
     inkscape:current-layer="g1057" />
  <g
     transform="translate(5,5)"
     stroke="white"
     stroke-width="1">
    <g
       transform="translate(4.7e-4,2.3e-4)"
       style="fill:#d75d5d;fill-opacity:1">
      <path
         inkscape:connector-curvature="0"
         style="fill:#d75d5d;fill-opacity:1"
         id="Bear-Lake"
         d="m 657.5,729.16 3.22,58.3 -22.93,1.28 -16.23,1.01 -1.03,-7.82 -6.97,-2.58 0.46,-5.48 -1.82,-1.29 -1.84,-6.01 0.78,-4.39 3.89,-3.37 -1.76,-1.55 -0.42,-4.18 1.66,-1.19 0.66,-3.38 -3.54,-2.9 -0.15,-2.8 1.22,-3.6 -3.7,-8.03 -1.35,-5.86 2.53,-2.4 19.78,-1 2.55,0.77 -0.22,1.31 5.36,1.79 1.94,-4.09 2.74,1.58 -0.82,7.3 -0.94,1.63 1.81,1.95 2.23,-0.52 3.27,0.37 6.03,-1.95 z" />
      <path
         inkscape:connector-curvature="0"
         style="fill:#d72f30;fill-opacity:1"
         id="Cassia"
         d="m 408.58,737.22 1.18,-0.88 4.57,-0.25 4.5,-1.75 3.53,1.6 3.9,-2.49 2.21,0.96 2.11,2.72 3.4,0.34 3.74,-2.03 2.62,-5.8 2.98,-4.47 0.72,-2.34 1.49,-1.32 5.28,-2.05 1.82,0.43 5.08,-0.72 3.03,-1.61 1.25,1.76 4.88,4.8 5.68,0.23 3.44,-1.09 1.75,0.7 0.09,4.31 14.56,-0.29 1.2,29.64 1.2,37.47 -64.94,2.78 -11.62,0.37 -7.53,-0.36 -24.78,0.34 -0.62,-38.31 -0.45,0.05 -0.07,-9.88 18.25,-0.31 -0.04,-11.08 4.39,-0.55 z" />
      <path
         inkscape:connector-curvature="0"
         style="fill:#d75d5d;fill-opacity:1"
         id="Camas"
         d="m 323.9,586.85 3.08,0.46 4.24,2.88 4.39,1.34 -0.65,2.39 2.74,0.48 2.95,-1.36 2.22,1.23 1.61,-1.75 3.17,0.12 0.81,2.4 0.25,3.85 2,1.27 -1.13,1.71 0.36,2.96 -0.96,1.38 2.16,2.86 -0.01,1.84 -1.31,3.23 -0.3,2.61 2.61,0.01 1.41,2.22 4.01,1.6 -0.69,3.15 2.85,3.64 3.55,0.59 0.93,1.32 -0.44,2.69 -2.7,2.53 0.11,4.29 1.65,-0.02 -0.6,3.39 0.05,4.01 4.51,0.04 1.55,0.82 2.59,-1.08 2.99,0.86 0.11,7.81 1.67,-0.02 0.09,6.59 -18.3,0.42 -40.96,0.48 -0.19,-19.61 0.25,-0.01 -0.17,-26.63 1.29,0.27 2.88,-2.31 -0.21,-6.34 2.09,-2.2 -0.57,-3.38 -2.25,-2.13 1.79,-8.83 1.28,-0.67 z" />
      <path
         inkscape:connector-curvature="0"
         style="fill:#d72f30;fill-opacity:1"
         id="Power"
         d="m 490.03,668.48 0.92,28.21 16.02,-0.56 0.71,-2.23 1.95,-0.63 0.27,-3.01 2.24,-4.37 1.6,4.42 2.56,-1.66 0.29,-1.36 4.52,-0.64 4.14,-3.73 3.67,2 0.34,2.09 2.73,2.88 0.42,13.56 1.64,-0.05 0.28,6.57 3.29,-0.13 0.18,4.12 1.64,-0.06 0.13,2.46 1.64,-0.07 0.13,3.29 3.23,-0.13 -0.72,2.52 0.11,6.41 -2.37,1.33 0.24,6.17 -6.6,0.27 0.41,9.9 -13.18,0.47 0.36,9.93 -29.23,1.17 -1.2,-29.64 -14.56,0.29 -0.09,-4.31 -1.75,-0.7 -3.44,1.09 -0.16,-5.7 4.9,-0.16 -0.33,-9.89 -4.87,0.16 -0.3,-9.78 -0.56,0.01 -0.87,-29.9 z" />
      <path
         inkscape:connector-curvature="0"
         style="fill:#d75d5d;fill-opacity:1"
         id="Butte"
         d="m 460.18,541.56 26.65,-0.95 1.07,29.79 24.6,-0.82 0.6,19.82 0.72,19.89 0.2,9.46 -4.93,0.17 -4.78,0.65 0.31,9.88 -9.97,0.32 0.31,9.33 -0.84,0.03 0.31,9.39 -5.01,0.17 -29.51,0.92 -0.27,-9.39 -22.71,0.57 -0.3,-14.79 -1.59,0.47 -2.74,-4.32 -1.46,-5.92 -2.21,-0.58 -4.03,2.75 -1.77,-0.23 1.12,-1.28 1.82,-4.71 4.37,-1.9 2.21,-2.66 3.16,-1.54 3.51,-2.68 2.17,-0.68 1.63,-1.67 1.94,-0.48 1.08,-1.76 2.34,-0.88 2.99,-3.95 0.35,-3.82 2.46,-0.98 2.89,0.72 -1.19,-3.38 -1.74,-2.4 -3.55,-1.35 -0.44,-1.16 1.05,-3.95 -0.3,-7.39 -0.73,-0.81 -0.48,-7.81 3.41,-0.08 -0.58,-19.8 z" />
      <path
         inkscape:connector-curvature="0"
         style="fill:#e27f7f;fill-opacity:1"
         id="Bannock"
         d="m 569.32,675.54 1,3.52 -2.91,2.13 0.67,2.6 -3.76,0.84 -0.39,3.65 -1.25,2 1.22,1.76 0.42,4.14 1.15,1.34 -0.42,2.36 -1.46,2.32 0.84,4.46 2.06,2.88 0.84,2.93 1.76,0.04 2.23,-2.36 7.37,-0.33 0.21,2.39 1.96,2.46 0.19,4.46 1.65,-0.08 0.93,2.04 0.53,10.58 1.65,-0.05 1.14,3.97 0.24,4.96 0.96,3.27 -1.66,0.07 0.71,18.21 -7.38,0.31 -0.14,-3.31 -12.04,0.56 -3.05,-2.52 -2.72,-4.72 -5.79,0.25 -1.59,3.96 -4.18,-1.3 -0.1,-2.02 2.99,-5.83 -0.81,-6.41 -3.82,0.86 -0.35,-2.19 -1.64,0.06 -1.71,-2.39 -0.06,-1.64 -2.98,0.11 -0.24,-6.17 2.37,-1.33 -0.11,-6.41 0.72,-2.52 -3.23,0.13 -0.13,-3.29 -1.64,0.07 -0.13,-2.46 -1.64,0.06 -0.18,-4.12 -3.29,0.13 -0.28,-6.57 -1.64,0.05 -0.42,-13.56 -2.73,-2.88 -0.34,-2.09 -3.67,-2 -4.14,3.73 -4.52,0.64 -0.29,1.36 -2.56,1.66 -1.6,-4.42 1.16,-2.52 -0.56,-1.76 3.59,-0.93 3.38,-3.09 39.88,-1.55 z" />
      <path
         inkscape:connector-curvature="0"
         style="fill:#7996e2;fill-opacity:1"
         id="Blaine"
         d="m 325.29,577.76 2.37,-1.43 1.69,-2.72 3.94,-2.15 4.89,-0.05 0.09,7.41 10.92,-0.12 3.05,1.49 5.08,4.39 0.16,2.69 1.63,0.78 2.79,-0.19 1.61,-6.1 6.63,0.76 1.43,-0.5 4.22,2.38 1.43,-1.78 4.05,0.22 1.5,6.34 6.71,4.6 2.94,1.66 3.64,3.82 3.89,0.57 1.31,-3 4.06,-0.56 2.61,6.45 3.43,3.17 1.81,0.83 0.63,2.49 2.45,-0.14 2.67,2.84 0.73,2.27 1.86,0.51 1.32,3.48 1.77,0.23 4.03,-2.75 2.21,0.58 1.46,5.92 2.74,4.32 1.59,-0.47 0.3,14.79 22.71,-0.57 0.27,9.39 29.51,-0.92 0.61,19.79 -19.67,0.61 0.87,29.9 0.56,-0.01 0.3,9.78 4.87,-0.16 0.33,9.89 -4.9,0.16 0.16,5.7 -5.68,-0.23 -4.88,-4.8 -1.25,-1.76 -3.03,1.61 -5.08,0.72 -0.55,-20.46 4.95,-0.14 -1.17,-39.9 -25.07,0.66 -55.02,1.14 -0.09,-6.59 -1.67,0.02 -0.11,-7.81 -2.99,-0.86 -2.59,1.08 -1.55,-0.82 -4.51,-0.04 -0.05,-4.01 0.6,-3.39 -1.65,0.02 -0.11,-4.29 2.7,-2.53 0.44,-2.69 -0.93,-1.32 -3.55,-0.59 -2.85,-3.64 0.69,-3.15 -4.01,-1.6 -1.41,-2.22 -2.61,-0.01 0.3,-2.61 1.31,-3.23 0.01,-1.84 -2.16,-2.86 0.96,-1.38 -0.36,-2.96 1.13,-1.71 -2,-1.27 -0.25,-3.85 -0.81,-2.4 -3.17,-0.12 -1.61,1.75 -2.22,-1.23 -2.95,1.36 -2.74,-0.48 0.65,-2.39 -4.39,-1.34 -4.24,-2.88 -3.08,-0.46 1.34,-1.5 -1.3,-1.6 -0.71,-3.25 z" />
      <path
         inkscape:connector-curvature="0"
         style="fill:#d75d5d;fill-opacity:1"
         id="Nez-Perce"
         d="m 159.78,280.86 25.21,0.23 1.11,-3.53 3.73,-4.29 3.71,-2.14 2.33,0.34 9.89,0.02 -0.06,8.26 0.65,6.63 6.11,-0.19 -0.02,3.83 -3.24,-0.2 0.56,3.06 2.73,2.89 0.53,6.3 -0.66,2.03 -4.28,0.04 -3.61,-0.99 -1.88,1.37 0.21,1.51 -17.67,-0.18 2.26,9.43 -1.52,0.57 -0.27,27.48 -3.77,3.93 -0.71,2.42 2.07,5.27 -1.62,2.81 -3.54,1.45 -1.53,-2.46 -2.32,-1.71 -1.79,-2.84 -0.69,-4.27 -2.76,-3.97 -2.36,-8.24 -3.1,-3.51 1.83,-0.85 0.78,-2.76 2.25,-4.22 -3.13,-4.48 0.6,-2.98 -1.07,-4.03 -1.62,-1.75 0.54,-1.85 -2.8,-2.56 -0.21,-2.42 -2.52,-1.13 -0.5,-2.26 1.28,-1.6 1.03,-4.4 -0.39,-0.82 z" />
      <path
         inkscape:connector-curvature="0"
         style="fill:#e27f7f;fill-opacity:1"
         id="Canyon"
         d="m 159.54,583.93 2.42,0.03 -0.08,4.97 3.34,0.08 -0.01,1.65 1.63,1.62 3.35,0.08 -0.02,1.67 4.95,0.06 6.66,-1.56 16.51,0.17 -0.23,19.68 3.28,0.04 -0.18,19.91 -3.3,-0.04 -0.06,19.21 -0.81,-0.85 -4.77,-0.99 -3.53,-7.3 -3.7,-1.93 -0.74,-1.56 -4.2,-4.09 -1.39,-2.27 -3.01,-2.66 0.03,-5.76 -1.49,-2.19 -0.94,-2.93 -2.7,-2.37 -1.99,0.27 -3.22,-1.02 -1.24,-2.16 -2.62,-1.91 -0.66,-2.92 -1.34,-1.25 -3.82,-1.05 0.22,-14.49 -0.47,-2.5 4.08,-4.13 z" />
      <path
         inkscape:connector-curvature="0"
         style="fill:#d72f30;fill-opacity:1"
         id="Caribou"
         d="m 569.32,675.54 9.68,-0.28 29.91,-1.31 29.59,-1.59 15.99,-0.75 1.95,33.78 1.06,23.77 -3.59,2.9 -6.03,1.95 -3.27,-0.37 -2.23,0.52 -1.81,-1.95 0.94,-1.63 0.82,-7.3 -2.74,-1.58 -1.94,4.09 -5.36,-1.79 0.22,-1.31 -2.55,-0.77 -19.78,1 -2.53,2.4 1.35,5.86 3.7,8.03 -1.22,3.6 -23.33,1.01 -0.96,-3.27 -0.24,-4.96 -1.14,-3.97 -1.65,0.05 -0.53,-10.58 -0.93,-2.04 -1.65,0.08 -0.19,-4.46 -1.96,-2.46 -0.21,-2.39 -7.37,0.33 -2.23,2.36 -1.76,-0.04 -0.84,-2.93 -2.06,-2.88 -0.84,-4.46 1.46,-2.32 0.42,-2.36 -1.15,-1.34 -0.42,-4.14 -1.22,-1.76 1.25,-2 0.39,-3.65 3.76,-0.84 -0.67,-2.6 2.91,-2.13 z" />
      <path
         inkscape:connector-curvature="0"
         style="fill:#d75d5d;fill-opacity:1"
         id="Twin-Falls"
         d="m 320.82,694.62 0.98,-0.68 5.5,0.28 0.48,1.11 4.5,5.19 -1.03,3.74 -1.76,1.32 -0.42,2.68 0.63,2.77 2.13,-0.42 4.24,1.68 1.09,1.78 -0.41,2.95 2.17,1.08 0.44,3.89 3.56,0.58 2.67,-1.06 5.48,1.53 2.43,-0.21 2.99,1.28 4.44,1.6 3.66,0.37 4.66,3.5 5.33,0.4 2.29,-0.35 3.61,2.85 3.87,1.16 4.2,0.45 4.93,2.75 2.56,3.88 2.11,0.15 4.83,-3.14 2.05,-0.71 3.55,0.2 -1.2,0.92 -4.39,0.55 0.04,11.08 -18.25,0.31 0.07,9.88 0.45,-0.05 0.62,38.31 -15.79,0.11 -11.1,0.27 -17.69,-0.62 -5.9,0.12 -13.78,0.73 -0.5,-66.35 -0.2,-21.54 z" />
      <path
         inkscape:connector-curvature="0"
         style="fill:#d72f30;fill-opacity:1"
         id="Fremont"
         d="m 556.45,558.03 9.99,-0.4 -0.39,-9.87 9.85,-0.48 -0.25,-4.95 4.58,-0.21 0.21,-5 -0.45,-9.73 4.97,-0.25 -0.47,-9.62 14.22,-0.67 -0.84,-16.96 2.43,-1.54 5.21,1.42 0.75,1.2 2.86,-0.73 -0.21,-1.57 -2.16,-0.58 -1.7,-4.84 1.72,-2.55 2.21,-4.69 -1.63,-3.76 1.85,-1.57 2.75,-0.97 1.48,1.06 1.26,-1.59 0.26,-3.25 4.59,1.95 3.55,3.36 2.58,4.13 4.1,4.63 -1.57,0.91 1.25,4.23 3.84,0.7 0.11,1.63 2.59,2.13 1.85,3.87 6.83,2.59 0.73,13.71 2.23,37.97 0.4,4.15 -5.38,2.01 -5.07,3.58 -2.02,0.72 -2.97,-1.47 -2.73,1.28 -2.45,2.35 -2.13,-0.58 -2.33,-2.46 -3.49,3.06 -3.1,1.32 -3.51,-1.55 -1.86,-0.05 -4.58,3.45 0.1,2.02 -11.45,0.55 -0.1,-1.64 -11.5,0.47 -0.13,-3.25 -11.49,0.51 -0.24,-4.95 -14.76,0.62 z" />
      <path
         inkscape:connector-curvature="0"
         style="fill:#e27f7f;fill-opacity:1"
         id="Owyhee"
         d="m 155.66,606.56 3.82,1.05 1.34,1.25 0.66,2.92 2.62,1.91 1.24,2.16 3.22,1.02 1.99,-0.27 2.7,2.37 0.94,2.93 1.49,2.19 -0.03,5.76 3.01,2.66 1.39,2.27 4.2,4.09 0.74,1.56 3.7,1.93 3.53,7.3 4.77,0.99 0.81,0.85 2.32,0.16 4.25,-0.76 1.89,1.36 0.55,2.45 2.25,3.64 -0.86,4.26 2.48,3.01 1.65,0.69 2.98,4.82 2.81,0.81 2.39,2.04 2.62,0.15 0.33,5.04 5.02,1.71 -0.37,2.36 2.53,0.31 2.06,2.62 3.4,0.3 1.49,2.67 1.62,1.34 2.86,0.3 1.43,-4.69 2.98,-1.41 1.61,2.17 2.37,-0.75 1.14,1.61 5.87,0.2 -0.19,2.44 2.12,1.47 6.44,-0.08 5.99,-1.86 1.55,2.04 3.66,0.34 2.53,-0.92 2.97,1.84 4.47,-0.55 0.04,9.11 h -1.06 l 0.02,9.47 34.95,-0.27 0.2,21.54 0.5,66.35 -23.42,0.15 -26.5,-0.06 -35.78,0.08 -1.61,-0.13 -22.66,-0.1 -3.03,0.09 -51.02,-0.85 -4.85,-0.18 1.03,-71.11 z" />
      <path
         inkscape:connector-curvature="0"
         style="fill:#d75d5d;fill-opacity:1"
         id="Valley"
         d="m 228.01,514.17 -0.66,-4.65 -1.5,-5.23 1.16,-4.41 -0.59,-2.45 1.67,-6.48 -2.1,-2.66 0.57,-2.16 -2.4,-2.49 0.82,-11.07 0.87,-2.67 1.99,-1.59 0.54,-4.59 2.01,0.04 1.45,-3.87 -1.76,-2.84 2.46,-3.4 1.27,-3.73 -4.11,-1.7 -0.33,-3.34 0.66,-3.35 1.74,-2.56 3.17,0.58 3.92,-2.78 4.26,-4.58 0.75,1.84 5.21,0.86 27.3,-0.03 69.88,-0.65 -1.76,1.11 -1.25,4.17 0.91,3.42 -0.91,3.03 0.94,6 v 4.15 l -0.95,3.76 1.04,4.31 -0.98,1.16 0.75,2.74 -0.39,2.19 -2.98,1.01 0.14,3.5 -2.16,0.86 -1.42,2.97 -8.15,5.88 -1.11,2.7 -2.3,1.49 -1.91,-1.01 -2.59,1.82 -2.24,-4.12 -4.33,-1.8 -3.6,2.72 -1.24,1.66 1,1.76 -2.24,7.47 -2.36,1.94 -6.77,2.23 -1.98,3.64 2.04,6.94 3.45,0.84 0.99,4.04 -0.71,0.62 0.6,5.29 -1.46,4.07 -3.9,5.53 -2.98,-1.38 -1.49,0.29 -0.33,5.17 -2.66,1.65 -1.24,3.4 -1.24,-0.84 -3.33,2.76 -4,-0.03 -1.15,0.91 -42.31,-0.04 -5.42,-0.12 -1.45,7.59 0.63,2.49 -8.31,-0.45 0.19,-19.69 4.96,0.01 0.08,-19.84 z" />
      <path
         inkscape:connector-curvature="0"
         style="fill:#d75d5d;fill-opacity:1"
         id="Adams"
         d="m 185.79,426.31 27.7,0.24 3.3,9.51 -0.22,1.46 1.4,4.9 -1.53,2.26 12.93,0.2 0.33,3.34 4.11,1.7 -1.27,3.73 -2.46,3.4 1.76,2.84 -1.45,3.87 -2.01,-0.04 -0.54,4.59 -1.99,1.59 -0.87,2.67 -0.82,11.07 2.4,2.49 -0.57,2.16 2.1,2.66 -1.67,6.48 0.59,2.45 -1.16,4.41 1.5,5.23 0.66,4.65 -2.32,0.47 -2.63,-1.59 -1.53,4.98 -1.7,-0.19 -3.51,2.45 -8.8,-0.05 -9.84,-5.45 0.11,-14.07 -6.02,-0.06 0.34,-2.47 -1.99,-3.36 0.14,-19.66 -22.25,-0.47 0.33,-1.72 2.49,-1.65 1.08,-1.92 1.43,-6.02 -1.19,-2.01 -0.44,-2.99 1,-1.93 -0.23,-2.42 4.14,-4.23 1.25,-4.03 2.28,-2.04 1.92,-2.93 1.84,-7.16 0.56,-4.3 z" />
      <path
         inkscape:connector-curvature="0"
         style="fill:#d75d5d;fill-opacity:1"
         id="Lemhi"
         d="m 337.24,478.59 1.42,-2.97 2.16,-0.86 -0.14,-3.5 2.98,-1.01 0.39,-2.19 -0.75,-2.74 0.98,-1.16 -1.04,-4.31 0.95,-3.76 v -4.15 l -0.94,-6 0.91,-3.03 -0.91,-3.42 1.25,-4.17 1.76,-1.11 2.7,-5.88 4.4,-5.44 -5.39,-5.29 -0.39,-2.23 -3.54,-3.8 -1.32,0.12 -2.09,-1.87 -0.9,-2.54 -1.78,-0.19 0.18,-3.4 -0.67,-1.14 0.78,-4.14 1.67,0.1 2.7,2.42 2.31,-0.33 3.16,2.38 2.67,-5.49 2.9,-1.75 2.4,-2.72 2.97,-1.53 2.38,1.71 2.63,-0.62 0.13,1.73 2.7,1.76 1.04,2.24 4.2,2.06 1.82,3.53 5.19,-2.42 1.43,-1.91 1.03,-3.26 -0.15,-2.31 3.6,1.05 1.81,-1.75 3.55,-0.79 1.1,-3.13 3.12,-1.49 1.15,-3.57 4.04,-4.13 -1,-1.38 0.63,-1.95 1.97,-1.24 4.4,0.75 1.67,4.28 1.98,1.61 -0.62,2.49 3.39,-0.3 4.36,2.26 0.88,2.34 -1.57,2.48 -1.22,4.6 2.49,-0.36 2.44,0.95 1.11,3.8 -1.81,2.89 0.89,5.58 3.23,1.54 0.48,4.16 -0.59,3.13 4.74,5.47 -0.89,1.83 2.86,2.44 1.75,3.19 3.72,3.18 -0.13,1.98 1.52,3.98 2.2,2.04 2.96,-0.51 -0.68,2.77 2.93,1.98 0.18,1.26 2.7,0.42 0.97,11.25 -1.68,1.45 -2.66,0.78 2.24,3.61 1.51,4.97 2.17,1.22 0.63,1.87 3.02,-0.08 2.35,1.95 1.42,3.94 4.78,-3.24 2.68,-1.29 3.07,1.46 2.48,2.41 3.93,1.48 -0.43,1.49 3.04,3.4 0.11,2.64 2.83,3.03 0.29,3.36 1.19,1.36 -0.39,2.1 -2.4,2.26 1.73,2.27 2.45,1.52 -0.75,1.93 1.85,1.11 0.89,2.46 -0.81,2.31 1.71,2.74 0.2,2.03 4.54,3.98 4.03,1.95 1.81,2.16 3.05,2.36 2.49,-2.16 0.6,16.6 -9.9,0.35 -4.97,-0.27 -26.65,0.95 -1.26,-3 0.68,-1.45 -1.36,-5.18 -1.92,-3.28 -3.52,-3.89 -0.53,-2 -3.55,-6.13 -2.07,0.85 -1.89,2.99 -4.28,-0.38 -2.94,-1.86 -5.33,-0.56 -4.34,-2.72 -6.05,-1.86 -2.94,-0.14 -2.37,-3.29 -4.58,-3.88 -1.65,-0.77 -3.96,-5.47 -3.25,-2.51 -3.86,-6.8 0.02,-1.61 -2.12,-3.84 -1.46,-1.01 -3.76,2.7 -2.36,-1.05 -3.9,-0.67 1.97,-8.94 -0.59,-4.18 -3.31,0.15 -1.9,1.41 -1.26,3.08 -1.77,0.43 -3.12,3.02 -1.05,3.99 -4.29,4.54 2.57,1.14 -0.81,4.13 -1.81,1.91 -2.15,0.62 -1.2,4.44 -2.75,2.13 -2.48,-1.09 -2,2.46 -1.81,0.83 -3.19,-2.08 0.4,-3.12 -2.74,-3.52 -2.75,-1.02 -4.04,1.4 -1.89,-0.37 -0.1,-1.84 -1.7,-2.8 -3.64,-2.7 -1.43,-2.92 1.66,-5.67 z" />
      <path
         inkscape:connector-curvature="0"
         style="fill:#d75d5d;fill-opacity:1"
         id="Elmore"
         d="m 218.12,671.94 23.99,-0.03 0.04,-9.9 0.33,-9.71 0.03,-34.79 3.36,-1.9 0.43,1.44 2.71,-0.36 1.76,0.86 2.38,-1.9 1.48,0.27 3.89,-4.82 3.13,0.18 1.89,-1.99 2.58,-0.91 3.03,-3.37 2.12,-3.67 0.04,-2.41 0.98,-2.94 3.03,-1.88 2.58,0.51 1.47,-2.72 -0.62,-4.27 3.01,-4.09 2.42,-0.48 8.02,-3.48 1.45,0.55 5.7,-1.9 2.81,-6.83 1.44,-1.27 3.01,-7.04 -0.85,-1.68 2.07,-0.83 1.46,1.66 1.28,3.94 0.14,4.36 0.97,2.15 3.61,2.62 1.5,1.87 3.55,-1.16 3.34,0.46 1.61,1.28 -2.06,2.74 0.71,3.25 1.3,1.6 -1.34,1.5 -1.2,3.4 -1.28,0.67 -1.79,8.83 2.25,2.13 0.57,3.38 -2.09,2.2 0.21,6.34 -2.88,2.31 -1.29,-0.27 0.17,26.63 -0.25,0.01 0.19,19.61 0.2,32.25 4.11,0.28 0.14,16.32 -34.95,0.27 -0.02,-9.47 h 1.06 l -0.04,-9.11 -4.47,0.55 -2.97,-1.84 -2.53,0.92 -3.66,-0.34 -1.55,-2.04 -5.99,1.86 -6.44,0.08 -2.12,-1.47 0.19,-2.44 -5.87,-0.2 -1.14,-1.61 -2.37,0.75 -1.61,-2.17 -2.98,1.41 -1.43,4.69 -2.86,-0.3 -1.62,-1.34 -1.49,-2.67 -3.4,-0.3 -2.06,-2.62 -2.53,-0.31 0.37,-2.36 -5.02,-1.71 -0.33,-5.04 -2.62,-0.15 z" />
      <path
         inkscape:connector-curvature="0"
         style="fill:#d75d5d;fill-opacity:1"
         id="Shoshone"
         d="m 238.3,118.16 1.43,0.54 3.61,6.43 1.35,0.62 3.52,6.1 1.37,1.63 1.48,-0.71 2.83,3.93 -0.18,3.38 1.72,3.74 1.62,-0.67 1.77,1.8 -0.26,1.43 4.04,2.82 0.69,1.19 -1.06,4.55 0.48,1.42 2.77,2.11 0.46,3.21 -5.08,4.9 0.2,1.21 3.13,2.13 1.93,4.36 2.01,0.79 1.56,2.08 -4.01,0.3 -4.33,1.76 -0.87,2.03 2.92,-0.21 4.97,2.9 1.12,2.6 1.82,-0.57 3.23,1.69 2.22,2.3 1.61,5.45 7.96,2.14 1.08,1.78 2.09,-0.36 4.79,1.27 0.57,2.62 1.94,2.64 -0.74,1.89 3.02,1.32 1.53,3.51 1.65,0.19 2.81,2.21 1.09,2.53 2.17,0.57 1.06,3.75 4.67,4.87 0.37,3.52 1.35,1.55 3.83,1.03 3.32,4.41 -31.62,0.21 -21.23,0.04 -54.12,-0.31 0.07,-9.94 0.34,-44.65 0.39,-54.25 0.11,-14.5 3.65,-4.72 3.76,-1.06 5.42,5.42 4.41,-0.15 1.28,2.37 1.92,0.78 z" />
      <path
         inkscape:connector-curvature="0"
         style="fill:#d72f30;fill-opacity:1"
         id="Lewis"
         d="m 212.44,290.02 3.85,3.37 0.87,2.8 8.79,0.05 1.13,1.28 0.96,3.46 3.37,8.33 4.24,4.79 1.96,0.39 2.81,3.15 -3.35,1.78 -2.65,0.26 -3.57,-0.89 -4.19,4.2 -0.23,2.6 -3.72,-0.53 -3.62,-1.6 -1.74,0.77 -2.18,-2 -3.06,0.09 -3.97,-2.12 -2.67,1.06 -0.28,2.01 -1.81,3.32 0.07,2.63 -2.84,-0.81 -0.11,10.32 -1.24,4.26 -1.98,-0.68 -2.05,-2.52 -3.47,-1.09 -1.88,0.79 0.4,2.77 -1.17,1.61 -3.51,-0.54 0.27,-27.48 1.52,-0.57 -2.26,-9.43 17.67,0.18 -0.21,-1.51 1.88,-1.37 3.61,0.99 4.28,-0.04 0.66,-2.03 -0.53,-6.3 -2.73,-2.89 -0.56,-3.06 z" />
      <path
         inkscape:connector-curvature="0"
         style="fill:#d75d5d;fill-opacity:1"
         id="Franklin"
         d="m 567.64,759.66 12.04,-0.56 0.14,3.31 7.38,-0.31 -0.71,-18.21 1.66,-0.07 23.33,-1.01 0.15,2.8 3.54,2.9 -0.66,3.38 -1.66,1.19 0.42,4.18 1.76,1.55 -3.89,3.37 -0.78,4.39 1.84,6.01 1.82,1.29 -0.46,5.48 6.97,2.58 1.03,7.82 -51.11,2.56 -0.82,-19.59 3.31,-0.11 -0.4,-7.81 -2.47,-3.5 z" />
      <path
         inkscape:connector-curvature="0"
         style="fill:#d75d5d;fill-opacity:1"
         id="Custer"
         d="m 337.24,478.59 1.21,1.59 -1.66,5.67 1.43,2.92 3.64,2.7 1.7,2.8 0.1,1.84 1.89,0.37 4.04,-1.4 2.75,1.02 2.74,3.52 -0.4,3.12 3.19,2.08 1.81,-0.83 2,-2.46 2.48,1.09 2.75,-2.13 1.2,-4.44 2.15,-0.62 1.81,-1.91 0.81,-4.13 -2.57,-1.14 4.29,-4.54 1.05,-3.99 3.12,-3.02 1.77,-0.43 1.26,-3.08 1.9,-1.41 3.31,-0.15 0.59,4.18 -1.97,8.94 3.9,0.67 2.36,1.05 3.76,-2.7 1.46,1.01 2.12,3.84 -0.02,1.61 3.86,6.8 3.25,2.51 3.96,5.47 1.65,0.77 4.58,3.88 2.37,3.29 2.94,0.14 6.05,1.86 4.34,2.72 5.33,0.56 2.94,1.86 4.28,0.38 1.89,-2.99 2.07,-0.85 3.55,6.13 0.53,2 3.52,3.89 1.92,3.28 1.36,5.18 -0.68,1.45 1.26,3 -7.86,0.21 0.58,19.8 -3.41,0.08 0.48,7.81 0.73,0.81 0.3,7.39 -1.05,3.95 0.44,1.16 3.55,1.35 1.74,2.4 1.19,3.38 -2.89,-0.72 -2.46,0.98 -0.35,3.82 -2.99,3.95 -2.34,0.88 -1.08,1.76 -1.94,0.48 -1.63,1.67 -2.17,0.68 -3.51,2.68 -3.16,1.54 -2.21,2.66 -4.37,1.9 -1.82,4.71 -1.12,1.28 -1.32,-3.48 -1.86,-0.51 -0.73,-2.27 -2.67,-2.84 -2.45,0.14 -0.63,-2.49 -1.81,-0.83 -3.43,-3.17 -2.61,-6.45 -4.06,0.56 -1.31,3 -3.89,-0.57 -3.64,-3.82 -2.94,-1.66 -6.71,-4.6 -1.5,-6.34 -4.05,-0.22 -1.43,1.78 -4.22,-2.38 -1.43,0.5 -6.63,-0.76 -1.61,6.1 -2.79,0.19 -1.63,-0.78 -0.16,-2.69 -5.08,-4.39 -3.05,-1.49 -10.92,0.12 -0.09,-7.41 -4.89,0.05 -3.94,2.15 -1.69,2.72 -2.37,1.43 -1.61,-1.28 1.89,-3.71 -1.45,-0.75 -0.11,-2.44 -3.82,-1.01 -1.3,-3.54 1.98,-3.16 0.21,-2.29 -2.17,-2.44 2.4,-2.46 -0.59,-1.6 -3.42,-0.96 -1.37,-1.35 -2.2,0.06 -1.76,-1.86 -3.06,-1.19 -0.61,-3.7 0.46,-5.43 -2.38,0.05 -1.23,-2.4 -2.26,-0.14 -3.89,-2.18 -0.57,-1.68 3.9,-5.53 1.46,-4.07 -0.6,-5.29 0.71,-0.62 -0.99,-4.04 -3.45,-0.84 -2.04,-6.94 1.98,-3.64 6.77,-2.23 2.36,-1.94 2.24,-7.47 -1,-1.76 1.24,-1.66 3.6,-2.72 4.33,1.8 2.24,4.12 2.59,-1.82 1.91,1.01 2.3,-1.49 1.11,-2.7 z" />
      <path
         inkscape:connector-curvature="0"
         style="fill:#d75d5d;fill-opacity:1"
         id="Washington"
         d="m 168.01,474.7 22.25,0.47 -0.14,19.66 1.99,3.36 -0.34,2.47 6.02,0.06 -0.11,14.07 9.84,5.45 8.8,0.05 -1.63,2.71 -0.2,3.75 -1.16,2.48 0.35,1.95 -1.34,3.02 0.46,1.3 -0.24,6.18 -1.11,5.59 -0.16,6.38 -7.68,-0.09 -26.24,-0.32 -10.32,-0.23 0.2,-2.12 -2.39,-2.34 -3.79,-0.7 -0.27,-5.2 -4.57,-0.73 -2.05,1.99 -2.65,-3.16 -1.16,-2.49 -2.85,2.3 -2.61,0.01 -3.76,-3.42 2.33,-5.45 -3.63,-4.31 -0.57,-2.59 2.31,-3.45 0.08,-2.37 -0.86,-3.59 2.62,-2.29 1.09,-2.6 1.68,-0.23 1.41,-2.3 -0.11,-2.62 1.77,-1.7 0.4,-3.51 1.86,-2.93 0.24,-2.73 2.85,-4.73 v -2.33 l 1.5,-2.03 3.69,-1.22 2.64,-2.1 2.62,-0.95 0.11,-1.7 z" />
      <path
         inkscape:connector-curvature="0"
         style="fill:#d75d5d;fill-opacity:1"
         id="Clark"
         d="m 486.83,540.61 4.97,0.27 9.9,-0.35 -0.6,-16.6 -0.78,-3.54 -1.5,-1.81 0.83,-1.91 2.43,-2.55 1.35,-2.64 3.28,-0.85 1.59,-1.57 4.61,1.89 5,-0.7 1.44,1.04 2.88,-0.5 5.31,1.34 0.86,-0.98 4.81,2.76 2.49,0.52 2.21,-5.26 -0.01,-4.85 2.84,-0.51 0.44,-1.66 2.12,-1.81 2.35,-0.41 2.29,0.72 0.72,2.32 3.13,1.06 1.53,-1.04 2.25,0.11 2.99,2.02 2.53,-1.94 3.07,0.79 -0.12,-2.04 4.56,1.02 2.22,-2.43 4.01,-0.33 2.35,-0.8 2.49,4.15 1.79,1.88 1.28,-1.75 1.58,-0.06 3.08,-2.11 2.49,-0.42 0.85,-1.9 7.13,0.71 0.84,16.96 -14.22,0.67 0.47,9.62 -4.97,0.25 0.45,9.73 -0.21,5 -4.58,0.21 0.25,4.95 -9.85,0.48 0.39,9.87 -9.99,0.4 -44.27,1.7 0.32,9.85 -24.6,0.82 z" />
      <path
         inkscape:connector-curvature="0"
         style="fill:#e27f7f;fill-opacity:1"
         id="Boise"
         d="m 223.15,553.7 8.31,0.45 -0.63,-2.49 1.45,-7.59 5.42,0.12 42.31,0.04 1.15,-0.91 4,0.03 3.33,-2.76 1.24,0.84 1.24,-3.4 2.66,-1.65 0.33,-5.17 1.49,-0.29 2.98,1.38 0.57,1.68 3.89,2.18 2.26,0.14 1.23,2.4 2.38,-0.05 -0.46,5.43 0.61,3.7 3.06,1.19 1.76,1.86 2.2,-0.06 1.37,1.35 3.42,0.96 0.59,1.6 -2.4,2.46 2.17,2.44 -0.21,2.29 -1.98,3.16 1.3,3.54 3.82,1.01 0.11,2.44 1.45,0.75 -1.89,3.71 -3.34,-0.46 -3.55,1.16 -1.5,-1.87 -3.61,-2.62 -0.97,-2.15 -0.14,-4.36 -1.28,-3.94 -1.46,-1.66 -2.07,0.83 0.85,1.68 -3.01,7.04 -1.44,1.27 -2.81,6.83 -5.7,1.9 -1.45,-0.55 -8.02,3.48 -2.42,0.48 -3.01,4.09 0.62,4.27 -1.47,2.72 -2.58,-0.51 -3.03,1.88 -0.98,2.94 -0.04,2.41 -2.12,3.67 -3.03,3.37 -2.58,0.91 -1.89,1.99 -3.13,-0.18 -3.89,4.82 -1.48,-0.27 -2.38,1.9 -1.76,-0.86 -2.71,0.36 -0.43,-1.44 -3.36,1.9 -0.38,0.63 -24.82,-25.32 0.66,0.01 0.32,-39.14 z" />
      <path
         inkscape:connector-curvature="0"
         style="fill:#d75d5d;fill-opacity:1"
         id="Idaho"
         d="m 185.6,343.33 3.51,0.54 1.17,-1.61 -0.4,-2.77 1.88,-0.79 3.47,1.09 2.05,2.52 1.98,0.68 1.24,-4.26 0.11,-10.32 2.84,0.81 -0.07,-2.63 1.81,-3.32 0.28,-2.01 2.67,-1.06 3.97,2.12 3.06,-0.09 2.18,2 1.74,-0.77 3.62,1.6 3.72,0.53 0.23,-2.6 4.19,-4.2 3.57,0.89 2.65,-0.26 3.35,-1.78 -2.81,-3.15 -1.96,-0.39 -4.24,-4.79 -3.37,-8.33 1.75,0.26 1.34,1.73 1.4,-1.11 2.94,0.24 2.94,1.73 3.09,4.61 3.32,2.01 4.47,-0.22 4.54,1.51 2.37,1.29 2.72,-0.1 2.38,-3.34 -0.44,-1.46 1.84,-3.56 -0.2,-2.59 1.52,-2.06 2.61,-1.44 2.41,-3.07 1.69,-5.97 81.18,-18.9 3.7,-1.29 6.3,1.37 3.3,-3.35 5.2,-1 2.93,2.36 -0.04,4.13 -1.62,2.48 1.02,1.94 -1.22,2.31 -0.28,5.1 -3.76,0.69 -0.06,2.64 2.35,4.09 -0.94,3.61 -2.89,2.77 0.97,2.51 -0.24,3.39 -1.41,3.37 0.48,2.55 -3.4,2.06 1.54,2.86 0.75,4.28 -0.16,3.31 -2.35,1.56 -3.15,-0.58 -0.87,2.28 0.56,2.42 3.61,1.28 1.19,1.73 -0.64,4.1 -1.89,1.11 -1.07,2.35 2.14,0.13 0.58,4.34 4.97,1.56 0.78,2.26 -2.26,2.53 2.96,3.96 0.55,2.11 -1.61,3.43 -2.31,-1.13 -5.62,2.03 -0.37,2.1 -4.06,6.19 1.81,1.67 -0.17,1.76 3.42,2.38 0.73,2.1 -0.27,3.82 -1.84,2.33 -1.38,-0.08 -1.83,2.07 2.04,2.77 -1.54,2.69 -0.49,3.03 -2.4,2.72 -2.9,1.75 -2.67,5.49 -3.16,-2.38 -2.31,0.33 -2.7,-2.42 -1.67,-0.1 -0.78,4.14 0.67,1.14 -0.18,3.4 1.78,0.19 0.9,2.54 2.09,1.87 1.32,-0.12 3.54,3.8 0.39,2.23 5.39,5.29 -4.4,5.44 -2.7,5.88 -69.88,0.65 -27.3,0.03 -5.21,-0.86 -0.75,-1.84 -4.26,4.58 -3.92,2.78 -3.17,-0.58 -1.74,2.56 -0.66,3.35 -12.93,-0.2 1.53,-2.26 -1.4,-4.9 0.22,-1.46 -3.3,-9.51 -27.7,-0.24 1.03,-0.98 0.12,-5.14 4.49,-8.68 1.76,-1.64 0.77,-3.43 2.7,-2.25 -0.09,-4.93 2.69,-4.57 3.28,-3.43 1.6,-4.4 -1.91,-3.89 -3.75,-4.81 0.02,-4.84 -4.52,-5.09 -3.1,-0.77 -2.66,0.31 -2.56,-4.45 -3.04,-0.64 -2.17,1.06 -1.52,-1.02 -0.9,-3.51 3.54,-1.45 1.62,-2.81 -2.07,-5.27 0.71,-2.42 z" />
      <path
         inkscape:connector-curvature="0"
         style="fill:#d75d5d;fill-opacity:1"
         id="Lincoln"
         d="m 357.47,661.61 18.3,-0.42 55.02,-1.14 1.02,39.83 -4.17,0.09 0.22,9.71 -14.08,0.26 -9.93,0.21 -0.09,-4.94 -24.8,0.38 -1.68,-1.63 -0.05,-3.09 -19.2,0.28 z" />
      <path
         inkscape:connector-curvature="0"
         style="fill:#e27f7f;fill-opacity:1"
         id="Bonner"
         d="m 164.7,18.37 18.6,0.2 -0.51,39.52 8.03,0.14 47.71,0.17 -0.23,59.76 -0.99,-2.08 -1.92,-0.78 -1.28,-2.37 -4.41,0.15 -5.42,-5.42 -3.76,1.06 -3.65,4.72 -0.11,14.5 -13.46,-0.09 0.17,-11.53 -9.84,-0.12 -0.05,1.63 -31.29,-0.47 0.37,-16.79 0.92,-28.01 0.23,-14.69 z" />
      <path
         inkscape:connector-curvature="0"
         style="fill:#e27f7f;fill-opacity:1"
         id="Ada"
         d="m 198.29,592.7 19.02,0.12 24.82,25.32 0.38,-0.63 -0.03,34.79 -0.33,9.71 -0.04,9.9 -23.99,0.03 -2.81,-0.81 -2.98,-4.82 -1.65,-0.69 -2.48,-3.01 0.86,-4.26 -2.25,-3.64 -0.55,-2.45 -1.89,-1.36 -4.25,0.76 -2.32,-0.16 0.06,-19.21 3.3,0.04 0.18,-19.91 -3.28,-0.04 z" />
      <path
         inkscape:connector-curvature="0"
         style="fill:#d75d5d;fill-opacity:1"
         id="Kootenai"
         d="m 162.29,117.36 31.29,0.47 0.05,-1.63 9.84,0.12 -0.17,11.53 13.46,0.09 -0.39,54.25 -12.09,0.02 -7.81,-0.28 -0.01,1.65 -3.3,-0.05 -0.03,3.29 -8.23,-0.1 0.03,-1.64 -5.86,0.52 -0.02,1.63 -17.76,-0.23 0.22,-12.73 0.5,-41.14 z" />
      <path
         inkscape:connector-curvature="0"
         style="fill:#d75d5d;fill-opacity:1"
         id="Payette"
         d="m 167.05,553.01 10.32,0.23 26.24,0.32 -0.12,9.79 -6.54,-0.13 -0.06,6.51 -3.29,-0.08 -0.04,3.27 -11.53,-0.22 -0.25,19.83 -6.66,1.56 -4.95,-0.06 0.02,-1.67 -3.35,-0.08 -1.63,-1.62 0.01,-1.65 -3.34,-0.08 0.08,-4.97 -2.42,-0.03 0.41,-4 1.7,-5.5 1.82,-2.34 -0.43,-2.12 0.79,-2.05 -0.7,-1.65 -2.38,-1.53 -0.33,-4.17 2.82,-0.94 z" />
      <path
         inkscape:connector-curvature="0"
         style="fill:#d72f30;fill-opacity:1"
         id="Clearwater"
         d="m 205.76,271.49 9.93,0.21 0.27,-34.92 54.12,0.31 21.23,-0.04 31.62,-0.21 2.67,1.58 -0.87,2.45 1.33,7.99 2.66,1.97 1.66,-0.59 2.87,3.56 1.7,0.07 3.38,2.68 -0.34,2.65 -1.39,2.63 2.81,1.67 0.98,-1.7 2.26,-0.64 0.82,-1.88 2.77,-0.65 3.17,3.07 0.15,2.29 -1.43,1.44 0.49,2.24 1.73,2.3 1.56,0.57 -81.18,18.9 -1.69,5.97 -2.41,3.07 -2.61,1.44 -1.52,2.06 0.2,2.59 -1.84,3.56 0.44,1.46 -2.38,3.34 -2.72,0.1 -2.37,-1.29 -4.54,-1.51 -4.47,0.22 -3.32,-2.01 -3.09,-4.61 -2.94,-1.73 -2.94,-0.24 -1.4,1.11 -1.34,-1.73 -1.75,-0.26 -0.96,-3.46 -1.13,-1.28 -8.79,-0.05 -0.87,-2.8 -3.85,-3.37 0.02,-3.83 -6.11,0.19 -0.65,-6.63 z" />
      <path
         inkscape:connector-curvature="0"
         style="fill:#ffb2b2;fill-opacity:1"
         id="Teton"
         d="m 619.46,570.38 3.49,-3.06 2.33,2.46 2.13,0.58 2.45,-2.35 2.73,-1.28 2.97,1.47 2.02,-0.72 5.07,-3.58 5.38,-2.01 3.28,54.91 -2.03,-2.75 -1.47,0.62 -3.38,-1 -1.42,-1.56 -4.68,0.99 -1.42,-1.79 -1.25,-5.67 -1.57,-1.68 -12.9,0.67 -1.65,-29.68 z" />
      <path
         inkscape:connector-curvature="0"
         style="fill:#e27f7f;fill-opacity:1"
         id="Boundary"
         d="M 238.53,58.4 190.82,58.23 182.79,58.09 183.3,18.57 164.7,18.37 165,1 l 36.91,0.42 36.85,0.16 z" />
      <path
         inkscape:connector-curvature="0"
         style="fill:#d75d5d;fill-opacity:1"
         id="Oneida"
         d="m 493.59,757.62 29.23,-1.17 -0.36,-9.93 13.18,-0.47 -0.41,-9.9 6.6,-0.27 2.98,-0.11 0.06,1.64 1.71,2.39 1.64,-0.06 0.35,2.19 3.82,-0.86 0.81,6.41 -2.99,5.83 0.1,2.02 4.18,1.3 1.59,-3.96 5.79,-0.25 2.72,4.72 3.05,2.52 2.43,1.64 2.47,3.5 0.4,7.81 -3.31,0.11 0.82,19.59 -6.52,-0.12 -69.14,2.9 z" />
      <path
         inkscape:connector-curvature="0"
         style="fill:#d75d5d;fill-opacity:1"
         id="Bonneville"
         d="m 528.47,608.34 36.15,-1.45 37.81,-1.84 5,0.28 13.76,-0.7 12.9,-0.67 1.57,1.68 1.25,5.67 1.42,1.79 4.68,-0.99 1.42,1.56 3.38,1 1.47,-0.62 2.03,2.75 3.18,54.81 -15.99,0.75 -29.59,1.59 -1.01,-19.87 -0.36,-9.93 -19.51,0.89 -0.45,-9.53 -18.4,0.76 -0.21,-4.94 -4.96,0.21 -0.06,-1.69 -34.6,1.42 z" />
      <path
         inkscape:connector-curvature="0"
         style="fill:#d75d5d;fill-opacity:1"
         id="Jerome"
         d="m 358.03,701.15 19.2,-0.28 0.05,3.09 1.68,1.63 24.8,-0.38 0.09,4.94 9.93,-0.21 0.55,26.15 -4.57,0.25 -1.18,0.88 -3.55,-0.2 -2.05,0.71 -4.83,3.14 -2.11,-0.15 -2.56,-3.88 -4.93,-2.75 -4.2,-0.45 -3.87,-1.16 -3.61,-2.85 -2.29,0.35 -5.33,-0.4 -4.66,-3.5 -3.66,-0.37 -4.44,-1.6 -0.38,-22.94 z" />
      <path
         inkscape:connector-curvature="0"
         style="fill:#d75d5d;fill-opacity:1"
         id="Gem"
         d="m 203.61,553.56 7.68,0.09 0.16,-6.38 1.11,-5.59 0.24,-6.18 -0.46,-1.3 1.34,-3.02 -0.35,-1.95 1.16,-2.48 0.2,-3.75 1.63,-2.71 3.51,-2.45 1.7,0.19 1.53,-4.98 2.63,1.59 2.32,-0.47 0.37,0.01 -0.08,19.84 -4.96,-0.01 -0.19,19.69 -4.86,-0.01 -0.32,39.14 -0.66,-0.01 -19.02,-0.12 -16.51,-0.17 0.25,-19.83 11.53,0.22 0.04,-3.27 3.29,0.08 0.06,-6.51 6.54,0.13 z" />
      <path
         inkscape:connector-curvature="0"
         style="fill:#d75d5d;fill-opacity:1"
         id="Minidoka"
         d="m 413.78,709.94 14.08,-0.26 -0.22,-9.71 4.17,-0.09 -1.02,-39.83 25.07,-0.66 1.17,39.9 -4.95,0.14 0.55,20.46 -1.82,-0.43 -5.28,2.05 -1.49,1.32 -0.72,2.34 -2.98,4.47 -2.62,5.8 -3.74,2.03 -3.4,-0.34 -2.11,-2.72 -2.21,-0.96 -3.9,2.49 -3.53,-1.6 -4.5,1.75 z" />
      <path
         inkscape:connector-curvature="0"
         style="fill:#d72f30;fill-opacity:1"
         id="Madison"
         d="m 571.84,572.21 11.49,-0.51 0.13,3.25 11.5,-0.47 0.1,1.64 11.45,-0.55 -0.1,-2.02 4.58,-3.45 1.86,0.05 3.51,1.55 3.1,-1.32 0.08,4.57 1.65,29.68 -13.76,0.7 -5,-0.28 -0.15,-3.25 -7.28,0.38 -5.42,-2.12 -2.27,-2.86 -4.5,-1.63 -1.41,-2.09 -5.21,-3.08 -1.22,1.93 -2.78,-0.34 0.28,-4.96 z" />
      <path
         inkscape:connector-curvature="0"
         style="fill:#d75d5d;fill-opacity:1"
         id="Gooding"
         d="m 316.51,662.09 40.96,-0.48 0.56,39.54 -1.92,0.02 0.38,22.94 -2.99,-1.28 -2.43,0.21 -5.48,-1.53 -2.67,1.06 -3.56,-0.58 -0.44,-3.89 -2.17,-1.08 0.41,-2.95 -1.09,-1.78 -4.24,-1.68 -2.13,0.42 -0.63,-2.77 0.42,-2.68 1.76,-1.32 1.03,-3.74 -4.5,-5.19 -0.48,-1.11 -5.5,-0.28 -0.98,0.68 -4.11,-0.28 z" />
      <path
         inkscape:connector-curvature="0"
         style="fill:#d75d5d;fill-opacity:1"
         id="Benewah"
         d="m 161.29,187 17.76,0.23 0.02,-1.63 5.86,-0.52 -0.03,1.64 8.23,0.1 0.03,-3.29 3.3,0.05 0.01,-1.65 7.81,0.28 12.09,-0.02 -0.34,44.65 -10.03,-0.1 0.02,-1.65 -24.38,-0.36 -5.02,0.5 -0.99,-1.69 -3.68,-3.56 -2.25,-0.45 -2.26,1.41 -1.79,-2.33 0.8,-2.96 -2.56,-1.78 -3.03,0.32 z" />
      <path
         inkscape:connector-curvature="0"
         style="fill:#d72f30;fill-opacity:1"
         id="Jefferson"
         d="m 512.5,569.58 -0.32,-9.85 44.27,-1.7 0.39,9.85 14.76,-0.62 0.24,4.95 0.63,14.82 -0.28,4.96 2.78,0.34 1.22,-1.93 5.21,3.08 1.41,2.09 4.5,1.63 2.27,2.86 5.42,2.12 7.28,-0.38 0.15,3.25 -37.81,1.84 -36.15,1.45 -9.88,0.38 -4.77,0.57 -0.72,-19.89 z" />
      <path
         inkscape:connector-curvature="0"
         style="fill:#e27f7f;fill-opacity:1"
         id="Latah"
         d="m 160.86,214.19 3.03,-0.32 2.56,1.78 -0.8,2.96 1.79,2.33 2.26,-1.41 2.25,0.45 3.68,3.56 0.99,1.69 5.02,-0.5 24.38,0.36 -0.02,1.65 10.03,0.1 -0.07,9.94 -0.27,34.92 -9.93,-0.21 -9.89,-0.02 -2.33,-0.34 -3.71,2.14 -3.73,4.29 -1.11,3.53 -25.21,-0.23 z" />
      <path
         inkscape:connector-curvature="0"
         style="fill:#d72f30;fill-opacity:1"
         id="Bingham"
         d="m 490.03,668.48 -0.61,-19.79 5.01,-0.17 -0.31,-9.39 0.84,-0.03 -0.31,-9.33 9.97,-0.32 -0.31,-9.88 4.78,-0.65 4.93,-0.17 -0.2,-9.46 4.77,-0.57 9.88,-0.38 0.88,22.93 34.6,-1.42 0.06,1.69 4.96,-0.21 0.21,4.94 18.4,-0.76 0.45,9.53 19.51,-0.89 0.36,9.93 1.01,19.87 -29.91,1.31 -9.68,0.28 -9.73,0.5 -39.88,1.55 -3.38,3.09 -3.59,0.93 0.56,1.76 -1.16,2.52 -2.24,4.37 -0.27,3.01 -1.95,0.63 -0.71,2.23 -16.02,0.56 z" />
    </g>
  </g>
</svg>