<svg
   xmlns:dc="http://purl.org/dc/elements/1.1/"
   xmlns:cc="http://creativecommons.org/ns#"
   xmlns:rdf="http://www.w3.org/1999/02/22-rdf-syntax-ns#"
   xmlns:svg="http://www.w3.org/2000/svg"
   xmlns="http://www.w3.org/2000/svg"
   xmlns:sodipodi="http://sodipodi.sourceforge.net/DTD/sodipodi-0.dtd"
   xmlns:inkscape="http://www.inkscape.org/namespaces/inkscape"
   stroke-linejoin="round"
   stroke-linecap="round"
   viewBox="175 0 455 810"
   height="810"
   width="455">
  <sodipodi:namedview
     pagecolor="#ffffff"
     bordercolor="#666666"
     borderopacity="1"
     objecttolerance="10"
     gridtolerance="10"
     guidetolerance="10"
     inkscape:pageopacity="0"
     inkscape:pageshadow="2"
     inkscape:window-width="2086"
     inkscape:window-height="1954"
     id="namedview9386"
     showgrid="false"
     inkscape:zoom="6.6161843"
     inkscape:cx="330.35401"
     inkscape:cy="67.632139"
     inkscape:window-x="1529"
     inkscape:window-y="0"
     inkscape:window-maximized="0"
     inkscape:current-layer="svg105" />
  <metadata
     id="metadata111">
    <rdf:RDF>
      <cc:Work
         rdf:about="">
        <dc:format>image/svg+xml</dc:format>
        <dc:type
           rdf:resource="http://purl.org/dc/dcmitype/StillImage" />
        <dc:title />
      </cc:Work>
    </rdf:RDF>
  </metadata>
  <defs
     id="defs109" />
  <g
     transform="translate(5,5)"
     style="fill:#e27f7f;fill-opacity:1;stroke:#ffffff;stroke-width:1">
    <path
       inkscape:connector-curvature="0"
       d="m 279,379.12 1.36,-2.48 1.97,-0.97 2,-2.9 0.61,-3.45 2.49,-3.67 -0.31,-2.29 0.34,-0.85 6.4,-2.31 2.26,-1.87 0.66,-5.15 3.68,-2.26 0.31,-2.18 2.21,-4.15 2.19,-0.39 4.36,1.32 1.19,3.31 -0.23,2.14 1.72,2.79 8.34,0.11 2.05,0.83 1.3,-1.34 5.33,0.25 0.94,-2.04 h 3.57 l 3.55,-3.34 2.43,-1.13 2.56,1.05 2.51,-0.93 -0.49,29.72 -0.06,4.17 -27.12,-0.6 z"
       id="Cass"
       style="fill:#d75d5d;fill-opacity:1" />
    <path
       inkscape:connector-curvature="0"
       d="m 344.79,347.22 2.33,-3.81 5.95,-0.29 2.27,1.42 3.27,-1.07 6.28,2.2 4.71,-1.08 2.37,0.52 2.44,-2.23 2.54,0.33 3.95,-2.82 3.37,0.88 3.97,4.73 v 4.32 l 2.43,0.01 -0.14,16.7 -13.27,-0.08 -0.01,5.27 -0.52,3.13 -7.44,-0.13 -0.04,2.09 -12.56,-0.1 -12.39,-0.27 z"
       id="Menard"
       style="fill:#d75d5d;fill-opacity:1" />
    <path
       inkscape:connector-curvature="0"
       d="m 246.66,268.68 12.54,0.85 12.74,0.96 12.39,0.47 12.52,0.71 -1.14,35.69 -0.58,14.75 -12.51,-0.59 -12.55,-0.36 -25.5,-1.55 1.13,-28.72 z"
       id="McDonough"
       style="fill:#d75d5d;fill-opacity:1" />
    <path
       inkscape:connector-curvature="0"
       d="m 535.95,116.91 12.18,-0.22 12.69,-0.44 0.17,6.27 0.16,6.28 12.49,-0.4 0.33,12.5 12.59,-0.31 0.27,2.72 0.08,10.02 28.61,-0.29 0.12,24.74 -27.64,0.53 -25.17,0.61 0.27,12.49 -25.22,0.62 -0.92,-37.55 -0.79,-25.91 z"
       id="Will"
       style="fill:#7996e2;fill-opacity:1" />
    <path
       inkscape:connector-curvature="0"
       d="m 538.34,55.21 h 4.16 l 47.13,0.09 2.49,4.5 2.72,3.64 3.08,2.79 1.19,2.49 0.3,4.19 1.65,5.76 1.61,3.26 1.83,9.2 0.94,1.2 -0.19,3.55 1.12,0.29 -0.36,3.1 2.99,5.85 1.03,3.58 2.03,2.68 2.51,1.77 0.73,3.52 0.22,36.37 -28.61,0.29 -0.08,-10.02 -0.27,-2.72 -12.59,0.31 -0.33,-12.5 -12.49,0.4 -0.16,-6.28 6.72,-0.24 5.62,-4.32 -0.79,-23.85 -0.07,-15.96 -11.9,0.24 -12.16,0.65 -12.66,0.29 -0.09,-11.56 2.73,-0.02 z"
       id="Cook"
       style="fill:#584cde;fill-opacity:1" />
    <path
       inkscape:connector-curvature="0"
       d="m 373.42,556.48 12.6,0.05 -0.08,-12.53 12.97,0.56 25.65,0.07 13.02,0.94 -0.24,12.56 -0.67,20.91 -12.53,-0.9 -2.22,0.49 -4.09,-1.1 -3.73,0.19 -1.69,-0.99 -0.7,2.37 -5.36,1.76 -1.57,-1.19 -2.16,0.88 -3.75,2.65 -4.7,-0.52 -0.99,-0.95 -4.52,0.68 -1.2,-0.63 -4.11,1.14 -1.42,3.01 -4.11,0.72 -1.65,2.6 -2.06,0.23 -0.9,1.35 z"
       id="Clinton"
       style="fill:#d72f30;fill-opacity:1" />
    <path
       inkscape:connector-curvature="0"
       d="m 535.75,79.33 12.66,-0.29 12.16,-0.65 11.9,-0.24 0.07,15.96 0.79,23.85 -5.62,4.32 -6.72,0.24 -0.17,-6.27 -12.69,0.44 -12.18,0.22 h -0.07 z"
       id="DuPage"
       style="fill:#7996e2;fill-opacity:1" />
    <path
       inkscape:connector-curvature="0"
       d="m 373.21,590.83 0.9,-1.35 2.06,-0.23 1.65,-2.6 4.11,-0.72 1.42,-3.01 4.11,-1.14 1.2,0.63 4.52,-0.68 0.99,0.95 4.7,0.52 3.75,-2.65 2.16,-0.88 1.57,1.19 5.36,-1.76 0.7,-2.37 1.69,0.99 3.73,-0.19 4.09,1.1 2.22,-0.49 12.53,0.9 -0.09,4.2 -0.7,37.45 -10.74,-0.29 -10.31,-0.03 -9.48,-0.26 -19.93,-0.9 -12.52,-0.19 z"
       id="Washington"
       style="fill:#d72f30;fill-opacity:1" />
    <path
       inkscape:connector-curvature="0"
       d="m 542.44,6.12 8.95,-0.05 33.33,0.38 0.45,2.99 -0.66,5.82 0.18,5.86 -1.42,4.15 -0.95,0.89 -0.91,7.75 0.69,4.54 2.91,8.51 4.62,8.34 -47.13,-0.09 0.12,-12.54 z"
       id="Lake"
       style="fill:#6674de;fill-opacity:1" />
    <path
       inkscape:connector-curvature="0"
       d="m 423.2,746.54 17.11,0.4 6.26,0.6 -0.02,5.11 3.03,-2.13 3.05,-0.08 4.13,1.8 3.1,-0.75 0.02,11 -2.89,0.18 -2.48,-0.72 -3.02,0.74 -3.34,1.88 -5.36,5.13 -1.94,2.66 -1.25,3.48 -2.5,3.33 -2.06,1.39 -3.38,4.39 -3.14,-3 -3.72,-0.17 -2.55,-1.39 -2.22,-3.98 1.72,-2.39 -0.92,-5.29 1.79,-1.47 -0.95,-1.33 -0.4,-3.79 1.6,-2.4 0.23,-2.35 1.21,-1.57 3.18,-1.35 0.91,-1.29 -0.4,-4.6 -1.83,-1.55 z"
       id="Pulaski"
       style="fill:#d75d5d;fill-opacity:1" />
    <path
       inkscape:connector-curvature="0"
       d="m 395.9,746.35 20.54,0.25 6.76,-0.06 2.97,0.49 1.83,1.55 0.4,4.6 -0.91,1.29 -3.18,1.35 -1.21,1.57 -0.23,2.35 -1.6,2.4 0.4,3.79 0.95,1.33 -1.79,1.47 0.92,5.29 -1.72,2.39 2.22,3.98 2.55,1.39 3.72,0.17 3.14,3 -1.12,3.13 0.24,3.65 1.42,2.53 3.87,3.07 -4.32,1.67 -2.53,-1.41 -0.7,-4.56 -4.06,-3.71 -2.94,-3.87 -5.5,-0.86 -0.37,1.69 1.07,1.86 2.71,1.3 2.29,2.98 -1.03,2.75 -2.98,0.56 -2.86,-2.99 -5.18,-2.55 -1.82,-1.37 -0.76,-2.61 1.14,-4.04 -0.95,-2.49 -3.46,-3.17 -2.34,-3.91 -2.98,-6.84 -0.61,-3.21 0.83,-4.12 -3.35,-0.14 -3.21,-4.95 0.8,-3.62 z"
       id="Alexander"
       style="fill:#e27f7f;fill-opacity:1" />
    <path
       inkscape:connector-curvature="0"
       d="m 549.12,569.96 12.33,-0.24 h 9.46 l -0.45,1.33 2.3,4.03 -1.86,2.56 -0.19,2.58 1.66,5.23 -0.32,2.67 -2.4,4.51 -1.18,4.72 1.14,3.48 1.07,0.79 0.22,8.06 -3.97,3.12 0.09,1.52 -4.21,0.58 -13.95,-0.03 0.27,-28.08 z"
       id="Edwards"
       style="fill:#c21b18;fill-opacity:1" />
    <path
       inkscape:connector-curvature="0"
       d="m 570.91,569.72 h 4.78 l 29.42,0.1 0.1,1.71 -2.07,2.1 2.73,4.51 -1.28,1.22 -1.77,-0.8 -1.51,2.24 -3.17,1.74 -3.45,0.4 -1.26,3.08 2.71,0.71 -0.87,1.85 -0.59,4.16 -4.24,5.79 -2.6,0.83 -1.95,2.48 -0.95,2.73 0.14,3.96 -1.4,3.05 -1.84,0.22 -0.75,-1.9 0.64,-1.89 -2.22,-0.31 -0.87,2.89 -2.14,2.25 -1.16,-1.49 1.02,-1.76 -2.9,-0.5 -1.88,2.75 -1.1,5.7 -3.13,-2.83 -0.33,-0.39 -0.09,-1.52 3.97,-3.12 -0.22,-8.06 -1.07,-0.79 -1.14,-3.48 1.18,-4.72 2.4,-4.51 0.32,-2.67 -1.66,-5.23 0.19,-2.58 1.86,-2.56 -2.3,-4.03 z"
       id="Wabash"
       style="fill:#c21b18;fill-opacity:1" />
    <path
       inkscape:connector-curvature="0"
       d="m 347.41,260.58 0.32,-12.58 0.46,-25.06 12.65,0.16 25.13,0.6 20.81,0.35 -0.75,4.83 -2.05,2.61 -3.46,7.39 -2.28,1.79 -0.33,2.07 -3.66,6.15 -0.49,2.43 1.05,4.97 0.71,3.55 -1.34,3.56 -3.72,1.9 -2.42,2.75 -0.42,3.6 -4.56,5.3 0.4,3.47 -2.4,3.46 -2.37,-1.17 -5.39,1.57 -3.22,-0.37 -4.22,1.68 -6.52,3.81 0.14,-16.04 -12.63,-0.36 z"
       id="Peoria"
       style="fill:#a5b0ff;fill-opacity:1" />
    <path
       inkscape:connector-curvature="0"
       d="m 571.03,482.93 22.84,-0.75 -0.1,0.98 10.09,-0.04 v 2.06 l 3.1,0.02 -2.5,1.02 -0.77,2.1 1.76,1.05 -1.06,3.13 3.85,0.34 0.3,3.11 1.67,0.16 3.22,3.43 -0.84,2.21 1.18,2.7 -0.7,5.23 5.3,2.07 1.83,2.27 -0.34,3.31 -1.23,3.43 -1.82,2.92 0.22,3.2 1.2,2.02 -17.11,0.18 -7.81,0.43 -17.34,0.02 -4.24,0.01 0.06,-8.42 -0.3,-25.13 z"
       id="Crawford"
       style="fill:#d72f30;fill-opacity:1" />
    <path
       inkscape:connector-curvature="0"
       d="m 437.81,633.36 22.58,0.07 8.85,-0.11 16.81,0.28 -0.35,31.35 -0.04,6.22 -27.32,0.05 -23.31,-0.17 0.15,-12.66 -3.04,-0.04 2.58,-2.49 2.23,-7.19 -1.21,-1.94 2.72,-5.52 0.64,-3.75 -1.26,-1.88 z"
       id="Franklin"
       style="fill:#d72f30;fill-opacity:1" />
    <path
       inkscape:connector-curvature="0"
       d="m 512.78,414.57 45.39,-0.19 0.04,-4.11 4.08,-0.53 6.65,-0.18 0.25,12.61 0.56,16.77 -5.99,0.1 0.26,14.62 -1.61,0.21 -16.95,0.4 -20.47,0.14 -12.13,-0.06 0.05,-10.41 z"
       id="Coles"
       style="fill:#d75d5d;fill-opacity:1" />
    <path
       inkscape:connector-curvature="0"
       d="m 514.38,275.92 24.59,-0.12 -1.41,-54.04 12.57,-0.49 0.77,33.66 0.86,27.02 0.08,12.54 12.62,-0.15 1.08,0.43 6.34,-0.07 0.37,12.42 -20.33,-0.1 -25.23,0.34 -12.41,-0.07 z"
       id="Ford"
       style="fill:#d72f30;fill-opacity:1" />
    <path
       inkscape:connector-curvature="0"
       d="m 487.52,532.97 0.23,-12.67 12.76,-0.07 24.49,0.69 v 8.43 l 11.59,0.65 0.1,16.74 -2.89,-0.12 -0.11,7.2 1.38,2.59 -2.84,4.14 1.31,2.21 3.76,1.96 -0.16,0.88 -18.7,-0.48 -18.57,-0.67 -12.85,0.14 z"
       id="Clay"
       style="fill:#c21b18;fill-opacity:1" />
    <path
       inkscape:connector-curvature="0"
       d="m 414.55,4.78 16.02,0.54 33.02,0.72 -0.15,24.19 -0.17,12.53 0.04,12.51 -24.94,0.06 0.06,-7.73 -23.86,0.07 0.11,-24.89 z"
       id="Winnebago"
       style="fill:#ffb2b2;fill-opacity:1" />
    <path
       inkscape:connector-curvature="0"
       d="m 499.26,117.6 23.93,-0.38 12.69,-0.31 h 0.07 l 0.22,11.66 0.79,25.91 -24.81,0.73 -12.36,0.08 -0.6,-25.02 z"
       id="Kendall"
       style="fill:#a5b0ff;fill-opacity:1" />
    <path
       inkscape:connector-curvature="0"
       d="m 447.25,709.25 10.55,0.12 12.84,-0.11 2.05,-0.44 12.61,0.26 v 0.03 l -0.34,24.45 -0.06,13.14 -2.06,0.25 -20.23,-0.17 0.84,2.63 -3.59,2.08 -3.1,0.75 -4.13,-1.8 -3.05,0.08 -3.03,2.13 0.02,-5.11 0.25,-21.37 z"
       id="Johnson"
       style="fill:#c21b18;fill-opacity:1" />
    <path
       inkscape:connector-curvature="0"
       d="m 375.89,431.84 18.7,0.09 -0.02,25.23 43.63,0.48 -0.12,18.82 -12.42,-0.08 -0.25,27.18 -25,-0.23 -12.67,-0.24 -0.03,4.14 -5.96,-0.03 -6.65,-0.08 0.17,-21.36 0.01,-28.76 0.49,0.01 z"
       id="Montgomery"
       style="fill:#d75d5d;fill-opacity:1" />
    <path
       inkscape:connector-curvature="0"
       d="m 438.2,457.64 12.77,0.53 0.35,-25.43 -0.04,-18.83 11.61,0.3 h 12.28 l 0.12,10.48 10.18,0.17 0.03,8.35 8.39,0.07 0.03,2.05 2.09,0.03 0.01,2.1 2.12,0.05 v 2.09 l 2.07,0.01 0.02,4.22 12.68,0.11 -0.05,10.41 -0.05,22.89 -37.38,-0.3 -12.54,-0.11 -12.22,0.06 -12.59,-0.43 z"
       id="Shelby"
       style="fill:#d72f30;fill-opacity:1" />
    <path
       inkscape:connector-curvature="0"
       d="m 482.48,394.3 30.21,0.14 0.09,20.13 0.13,29.37 -12.68,-0.11 -0.02,-4.22 -2.07,-0.01 v -2.09 l -2.12,-0.05 -0.01,-2.1 -2.09,-0.03 -0.03,-2.05 -8.39,-0.07 -0.03,-8.35 -10.18,-0.17 -0.12,-10.48 -0.17,-12.53 6.09,0.11 -0.05,-7.49 z"
       id="Moultrie"
       style="fill:#d72f30;fill-opacity:1" />
    <path
       inkscape:connector-curvature="0"
       d="m 319.98,554.82 25.32,0.77 15.52,0.58 12.6,0.31 -0.21,34.35 -0.31,28.19 -22.19,-0.55 -0.18,-2.06 -1.71,-2.26 -0.95,-3.27 2.44,-3.31 -1.06,-1.69 -13.85,-0.34 0.04,-2.1 -12.14,-12.94 0.06,-2.1 -13.1,-13.74 1.75,-3.44 2.88,-4.29 3.72,-3.36 1.56,-4.31 z"
       id="St.-Clair"
       style="fill:#7996e2;fill-opacity:1" />
    <path
       inkscape:connector-curvature="0"
       d="m 475.43,476.94 37.38,0.3 v 6.26 l 12.33,0.06 0.01,11.66 -0.26,12.72 0.11,12.98 -24.49,-0.69 -12.76,0.07 -12.71,0.37 z"
       id="Effingham"
       style="fill:#c21b18;fill-opacity:1" />
    <path
       inkscape:connector-curvature="0"
       d="m 310.26,574.66 13.1,13.74 -0.06,2.1 12.14,12.94 -0.04,2.1 13.85,0.34 1.06,1.69 -2.44,3.31 0.95,3.27 1.71,2.26 0.18,2.06 -15.56,-0.63 -0.19,12.57 -12.57,4.21 -6.79,2.46 -4.22,-3.82 -3.47,-6.53 -1.76,-1.88 -3.55,-1.68 -3.48,-4.71 -1.31,-4.62 -0.59,-5.81 0.14,-5.33 0.54,-2.42 3.24,-6.9 5.57,-5.6 z"
       id="Monroe"
       style="fill:#d75d5d;fill-opacity:1" />
    <path
       inkscape:connector-curvature="0"
       d="m 572.25,307.12 -0.37,-12.42 18.85,-0.43 12.15,-0.09 13.87,-0.55 -0.11,49.29 0.15,38.04 -5.37,0.15 2.69,1.92 -6.63,0.08 0.23,-1.86 -35.7,0.47 -0.28,-25.08 -0.43,-24.54 1.47,-0.03 z"
       id="Vermilion"
       style="fill:#d75d5d;fill-opacity:1" />
    <path
       inkscape:connector-curvature="0"
       d="m 299.04,209.03 0.49,-12.56 12.44,0.33 12.43,0.15 12.22,0.57 12.14,0.31 -0.57,25.11 -0.46,25.06 -0.32,12.58 -40.71,-1.1 -9.41,-0.33 z"
       id="Knox"
       style="fill:#e27f7f;fill-opacity:1" />
    <path
       inkscape:connector-curvature="0"
       d="m 462.89,130.52 13,-0.35 11.41,0.18 11.89,-0.08 0.6,25.02 0.22,12.56 0.51,14.61 0.17,22.93 -37.47,0.16 -0.23,25.58 -12.69,0.2 0.25,-25.71 h -12.49 l 0.12,-29.61 -0.06,-24.63 0.13,-14.88 v -6.23 l 12.42,0.39 z"
       id="LaSalle"
       style="fill:#e27f7f;fill-opacity:1" />
    <path
       inkscape:connector-curvature="0"
       d="m 388.5,317.6 24.83,-0.25 12.51,-0.03 0.05,6.37 12.54,-0.03 0.13,33.48 -0.02,18.84 -8.24,0.02 -20.71,-0.4 0.03,-2.09 -8.69,-0.17 0.04,-6.26 -10.44,-0.05 0.14,-16.7 -2.43,-0.01 V 346 l -0.01,-13.79 h 0.28 z"
       id="Logan"
       style="fill:#d75d5d;fill-opacity:1" />
    <path
       inkscape:connector-curvature="0"
       d="m 178.59,329.62 11.96,0.48 27.69,1.48 25.7,1.14 -0.53,12.72 -0.86,25.02 -0.38,4.01 -0.2,8.23 -0.28,12.59 -10.23,-0.26 -28.58,-0.96 -11.02,-0.56 0.5,-3.77 -1.67,-3.82 -5.58,-4.01 -1.83,-5.83 0.56,-2.23 2.61,-2.97 -0.02,-2.6 -2.68,-3.91 -4.87,-11.24 0.69,-2.99 -1.93,-10.21 0.38,-4.26 -0.4,-3.37 z"
       id="Adams-7"
       style="fill:#d72f30;fill-opacity:1" />
    <path
       inkscape:connector-curvature="0"
       d="m 363.14,135.66 24.93,0.27 24.89,0.34 25.29,0.23 -0.13,14.88 0.06,24.63 -6.62,-0.49 -3.51,-1.36 -2.85,1.4 -5.64,1.61 -0.24,2.43 -2.19,7.26 -11.9,-0.26 -0.13,12.25 -18.74,-0.26 0.17,-12.25 -23.76,-0.48 0.3,-10.86 0.45,-29.91 z"
       id="Bureau-5"
       style="fill:#d75d5d;fill-opacity:1" />
    <path
       inkscape:connector-curvature="0"
       d="m 523.5,664.9 v -0.1 l 10.55,-0.06 19.15,0.36 2.37,2.06 1.64,1.8 2.19,4.36 2.98,0.97 0.04,2.51 -2.85,0.29 -3.16,-0.99 -0.49,1.81 1.56,1.74 1.91,0.49 2.51,-1.25 1.06,0.88 -1.61,5.25 -2.41,4.1 -6.97,4.54 -3.78,6.12 -0.01,3.53 1.91,5.32 0.86,4.05 -2.1,0.12 -3.13,-3.64 -22.34,-0.04 0.22,-17.53 z"
       id="Gallatin-4"
       style="fill:#d72f30;fill-opacity:1" />
    <path
       inkscape:connector-curvature="0"
       d="m 485.3,709.11 h 33.82 l -0.32,25.28 -4.67,2.15 -2.36,3.09 -1.2,6.79 -2.83,5.88 -0.51,2.08 0.75,3.15 2.79,3.07 1.52,2.96 2.75,2.39 1.87,6.2 0.81,1.13 -2.21,6.21 -0.14,2 -1.83,3 -3.44,0.86 0.04,-13.09 -12.83,-12.7 -8.25,-8.74 -4.16,-4.12 0.06,-13.14 z"
       id="Pope-0"
       style="fill:#c21b18;fill-opacity:1" />
    <path
       inkscape:connector-curvature="0"
       d="m 324.92,506.2 37.35,0.81 12.83,0.11 6.65,0.08 0.01,17.92 4.19,0.03 -0.01,18.85 0.08,12.53 -12.6,-0.05 -12.6,-0.31 -15.52,-0.58 -25.32,-0.77 -0.54,-2.12 -2.48,-4.07 0.53,-4.21 2.5,-2.06 1.99,-3.67 4.94,-3.55 1.69,-5.62 -0.44,-1.72 -5.89,-4 -3.47,-1.69 -2.8,-2.89 -3.02,-1.78 -2.85,-0.65 0.43,-10.85 z"
       id="Madison-1"
       style="fill:#e27f7f;fill-opacity:1" />
    <path
       inkscape:connector-curvature="0"
       d="m 358.69,3.14 27.54,0.59 15.43,0.67 12.89,0.38 0.13,18 -0.11,24.89 -6.24,0.05 -18.74,-0.2 -6.28,0.11 -6.23,0.06 -18.5,-0.17 z"
       id="Stephenson-1"
       style="fill:#e27f7f;fill-opacity:1" />
    <path
       inkscape:connector-curvature="0"
       d="m 512.86,454.35 12.13,0.06 20.47,-0.14 16.95,-0.4 1.61,-0.21 0.59,29.43 -17.88,0.38 -21.59,0.09 -12.33,-0.06 v -6.26 z"
       id="Cumberland-1"
       style="fill:#d72f30;fill-opacity:1" />
    <path
       inkscape:connector-curvature="0"
       d="m 485.66,671.17 0.04,-6.22 19.61,0.11 18.19,-0.16 0.1,26.69 -0.22,17.53 -4.26,-0.01 H 485.3 v -0.03 l 0.26,-20.95 z"
       id="Saline"
       style="fill:#d72f30;fill-opacity:1" />
    <path
       inkscape:connector-curvature="0"
       d="m 191.86,393.51 11.02,0.56 28.58,0.96 10.23,0.26 0.28,-12.59 2.47,0.62 10.51,0.31 25.26,0.95 0.45,1.75 -3.7,5.2 -0.87,3.08 -4.62,9.06 1.25,4.57 2.73,5.17 0.24,2.51 2.94,8.77 0.4,2.94 -1.03,2.48 -1.36,4.95 -2.16,4.19 -0.82,4.8 0.23,4.1 -16.6,-0.96 -16.23,-0.62 -3.17,0.02 -1.25,-1.19 -5.01,-2.36 -4.85,-3.81 -2.27,-3 -0.43,-3.72 -1.19,-1.22 -2.62,-5.23 -5.31,-1.19 -2.16,-2.81 -0.56,-4.1 -1.2,-1.74 -3.37,-1.54 -2.66,-2.23 -3.72,-5.26 -8.27,-7.39 -1.83,-2.54 z"
       id="Pike"
       style="fill:#c21b18;fill-opacity:1" />
    <path
       inkscape:connector-curvature="0"
       d="m 512.69,394.44 h 1.2 l 0.03,-12.53 h 25.01 l 12.59,-0.18 20.49,-0.01 0.12,12.55 -3.52,0.02 0.33,15.27 -6.65,0.18 -4.08,0.53 -0.04,4.11 -45.39,0.19 z"
       id="Douglas"
       style="fill:#d72f30;fill-opacity:1" />
    <path
       inkscape:connector-curvature="0"
       d="m 381.75,507.2 5.96,0.03 0.03,-4.14 12.67,0.24 25,0.23 -0.83,4.15 -0.02,36.92 -25.65,-0.07 -12.97,-0.56 0.01,-18.85 -4.19,-0.03 z"
       id="Bond"
       style="fill:#d72f30;fill-opacity:1" />
    <path
       inkscape:connector-curvature="0"
       d="m 462.99,231.13 0.23,-25.58 37.47,-0.16 12.53,-0.06 23.87,-0.75 0.47,17.18 1.41,54.04 -24.59,0.12 -12.6,0.08 -0.06,-7.76 -0.78,-0.02 -0.18,-12.47 -37.72,0.43 z"
       id="Livingston"
       style="fill:#d72f30;fill-opacity:1" />
    <path
       inkscape:connector-curvature="0"
       d="m 575.69,569.72 0.22,-0.69 0.06,-39.5 17.34,-0.02 7.81,-0.43 17.11,-0.18 1.2,3.71 -0.63,1.22 3.58,4.66 -0.1,2.89 -0.9,4.36 -2.85,7.34 -1.6,0.94 -3.81,0.77 -2,1.04 -3.33,8.62 0.53,2.76 -3.21,2.61 z"
       id="Lawrence"
       style="fill:#c21b18;fill-opacity:1" />
    <path
       inkscape:connector-curvature="0"
       d="m 499.79,155.29 12.36,-0.08 24.81,-0.73 0.92,37.55 0.36,12.52 -1.15,0.03 -23.87,0.75 -12.53,0.06 -0.17,-22.93 -0.51,-14.61 z"
       id="Grundy"
       style="fill:#d75d5d;fill-opacity:1" />
    <path
       inkscape:connector-curvature="0"
       d="m 572.01,381.72 35.7,-0.47 -0.23,1.86 6.63,-0.08 -2.69,-1.92 5.37,-0.15 0.14,14.7 0.55,43.57 -17.55,0.19 0.17,-1.52 -11.71,0.34 -12.37,0.59 -6.27,0.11 -0.56,-16.77 -0.25,-12.61 -0.33,-15.27 3.52,-0.02 z"
       id="Edgar"
       style="fill:#d72f30;fill-opacity:1" />
    <path
       inkscape:connector-curvature="0"
       d="m 438.43,323.66 10.41,-0.07 52.76,0.52 -12.53,19.95 -0.05,6.28 -6.31,-0.07 v 6.26 l -6.43,-0.05 -24.92,0.63 -12.8,0.03 z"
       id="De Witt"
       style="fill:#d72f30;fill-opacity:1" />
    <path
       inkscape:connector-curvature="0"
       d="m 243.94,332.72 0.63,-13.11 25.5,1.55 12.55,0.36 12.51,0.59 -0.48,12.56 12.6,0.45 15.19,0.89 -0.4,3.32 -1.52,1.43 -5.72,-0.71 -4.71,2.09 -3.08,0.47 -1.84,1.59 -2.19,0.39 -2.21,4.15 -0.31,2.18 -3.68,2.26 -0.66,5.15 -2.26,1.87 -6.4,2.31 -0.34,0.85 -3.09,0.95 -2.87,-0.52 -2.01,0.67 -2.38,-0.47 0.65,-3.09 -3.55,-3.85 -2.02,-0.58 -0.85,-1.96 -1.8,-0.93 0.68,-4.01 -3.62,-0.68 1.15,-2.71 -11.06,-0.58 -12.94,-0.16 z"
       id="Schuyler"
       style="fill:#d72f30;fill-opacity:1" />
    <path
       inkscape:connector-curvature="0"
       d="m 300.57,171.27 0.65,-18.64 2.67,-0.84 3.75,-2.88 0.47,-1.85 1.9,-1.69 2.13,-0.7 1.58,0.79 1.46,-1.26 6.89,-0.88 2.68,-1.8 2.18,-0.27 1.99,-4.75 -0.66,-1.61 20.26,0.54 14.62,0.23 0.38,9.43 -0.45,29.91 -0.3,10.86 -1.1,-0.01 -0.26,12.2 -12.65,-0.22 -12.14,-0.31 -12.22,-0.57 -12.43,-0.15 -12.44,-0.33 z"
       id="Henry"
       style="fill:#d75d5d;fill-opacity:1" />
    <path
       inkscape:connector-curvature="0"
       d="m 482.71,356.53 v -6.26 l 6.31,0.07 0.05,-6.28 12.53,-19.95 12.6,-0.04 -0.35,8.43 0.07,49.41 -0.03,12.53 h -1.2 l -30.21,-0.14 z"
       id="Piatt"
       style="fill:#d75d5d;fill-opacity:1" />
    <path
       inkscape:connector-curvature="0"
       d="m 438.18,176.01 -0.12,29.61 -21.34,-0.21 2.75,-2.81 0.5,-3.48 -14.87,-0.27 0.13,-12.25 11.9,0.26 2.19,-7.26 0.24,-2.43 5.64,-1.61 2.85,-1.4 3.51,1.36 z"
       id="Putnam"
       style="fill:#e27f7f;fill-opacity:1" />
    <path
       inkscape:connector-curvature="0"
       d="m 295.13,322.11 0.58,-14.75 1.14,-35.69 0.44,-12.52 9.41,0.33 40.71,1.1 -0.56,12.42 12.63,0.36 -0.14,16.04 -1.09,1.11 -0.84,4.63 -1.97,3.6 -2.03,1.66 -2.61,1.54 -3.04,2.88 -0.96,1.68 -5.45,2.03 -1.13,1.09 -1.13,3.22 0.21,1.91 -2.09,3.27 -0.02,2.16 -3.16,4.17 -1.18,0.8 -2.33,4.83 -3.38,0.98 -2.59,3.34 -2.11,1.71 -15.19,-0.89 -12.6,-0.45 z"
       id="Fulton"
       style="fill:#e27f7f;fill-opacity:1" />
    <path
       inkscape:connector-curvature="0"
       d="m 273.89,448.15 -0.23,-4.1 0.82,-4.8 2.16,-4.19 1.36,-4.95 31.08,0.92 16.48,0.35 -0.16,24.99 0.04,12.12 -5.11,-0.11 -1,0.52 0.01,4.7 -12.54,-0.21 -0.09,7.3 -19.5,-0.55 -1.7,1.58 -0.49,-3.1 -5.35,-0.67 -2.83,0.52 0.54,2.55 -1.15,0.79 0.22,2.48 -1.85,1.37 -0.57,2.41 -1.14,-3.58 0.37,-3.58 2.44,-4.44 -0.59,-6.44 -1.26,-2.4 0.94,-4.7 -0.92,-2.72 -1.04,-7.73 z"
       id="Greene"
       style="fill:#d72f30;fill-opacity:1" />
    <path
       inkscape:connector-curvature="0"
       d="m 392.32,712.2 6.44,1.19 1.4,-2.24 0.02,-2.87 26.69,0.51 7.56,-0.17 12.82,0.63 -0.43,16.92 -0.25,21.37 -6.26,-0.6 -17.11,-0.4 -6.76,0.06 -20.54,-0.25 5.81,-1.35 0.92,-1.67 0.72,-5.88 -1.28,-4.28 -1.89,-3.35 -2.29,-2.38 -2.34,-3.98 -2.72,-6 z"
       id="Union"
       style="fill:#d72f30;fill-opacity:1" />
    <path
       inkscape:connector-curvature="0"
       d="m 486.05,633.6 0.33,-18.87 24.98,0.24 12.64,0.04 -0.42,31.09 -0.08,18.7 v 0.1 l -18.19,0.16 -19.61,-0.11 z"
       id="Hamilton"
       style="fill:#c21b18;fill-opacity:1" />
    <path
       inkscape:connector-curvature="0"
       d="m 385.42,619.21 19.93,0.9 9.48,0.26 10.31,0.03 10.74,0.29 -0.36,12.61 2.29,0.06 0.03,2.22 1.26,1.88 -0.64,3.75 -2.72,5.52 1.21,1.94 -2.23,7.19 -2.58,2.49 -11.88,-0.16 -35.61,-1.1 0.65,-25.36 z"
       id="Perry"
       style="fill:#d72f30;fill-opacity:1" />
    <path
       inkscape:connector-curvature="0"
       d="m 231.43,168.43 18.76,0.74 15.95,0.94 21.83,0.83 12.6,0.33 -1.04,25.2 -0.49,12.56 -11.74,-0.3 -13.09,-0.85 -12.78,-0.52 -17.82,-0.73 0.37,-3.78 -1.99,-3.36 -2.43,-5.27 -1.9,-1.56 -3.69,-0.11 -2.49,-4.88 -5,-6.18 -0.02,-1.24 2.58,-5.22 1.64,-2.09 z"
       id="Mercer"
       style="fill:#d75d5d;fill-opacity:1" />
    <path
       inkscape:connector-curvature="0"
       d="m 386.36,198.59 18.74,0.26 14.87,0.27 -0.5,3.48 -2.75,2.81 21.34,0.21 h 12.49 l -0.25,25.71 -12.29,-0.31 -25.07,0.49 -8.96,-0.02 2.05,-2.61 0.75,-4.83 -20.81,-0.35 z"
       id="Marshall"
       style="fill:#d75d5d;fill-opacity:1" />
    <path
       inkscape:connector-curvature="0"
       d="m 215.86,267.89 6.88,-4.25 1.44,-3.96 -0.29,-4.05 0.94,-3.68 1.94,-4.07 -0.42,-4.6 0.8,-1.85 3.78,-3.3 1.37,-2.82 2.59,-2.18 2.62,-3.38 3.96,-2.3 1.34,-4.74 -0.58,-3.12 1.44,-3.79 0.52,-4.04 -0.58,-5.13 17.82,0.73 -1.24,32.96 -0.99,29.21 -12.54,-0.85 -12.94,0.22 z"
       id="Henderson"
       style="fill:#d75d5d;fill-opacity:1" />
    <path
       inkscape:connector-curvature="0"
       d="m 542.44,6.12 0.18,36.55 -0.12,12.54 h -4.16 l -37.46,0.06 -12.51,-0.03 0.1,-25.04 -0.09,-23.81 7.32,-0.18 23.55,0.12 15.5,-0.03 z"
       id="McHenry"
       style="fill:#ffb2b2;fill-opacity:1" />
    <path
       inkscape:connector-curvature="0"
       d="m 237.89,446.59 3.17,-0.02 16.23,0.62 16.6,0.96 -1.06,4.33 1.04,7.73 0.92,2.72 -0.94,4.7 1.26,2.4 0.59,6.44 -2.44,4.44 -0.37,3.58 1.14,3.58 1.45,6 0.85,1.51 -0.82,2.84 1.23,1.44 -0.02,3.82 0.61,2.33 2.93,4.17 2.6,1.61 3.17,-1.74 4.6,-0.06 -2.42,1.23 -1.78,4.67 -2.38,3.28 -4.2,3.88 -4.44,0.76 -4.62,-2.94 -1.16,-2.22 -3.01,-3.44 -1.27,-5.03 -0.14,-4.27 -3.54,-7.99 -0.07,-1.48 3.46,-4.4 -0.26,-4.24 -2.45,-5.42 -0.76,-6.1 0.09,-2.37 -0.96,-5.38 -2.7,-2.12 -4.5,-6.45 -2.57,-1.65 -2.52,-2.94 -5.88,-4.03 -2.97,-2.43 z"
       id="Calhoun"
       style="fill:#d72f30;fill-opacity:1" />
    <path
       inkscape:connector-curvature="0"
       d="m 305.17,344.2 1.84,-1.59 3.08,-0.47 4.71,-2.09 5.72,0.71 1.52,-1.43 0.4,-3.32 2.11,-1.71 2.59,-3.34 3.38,-0.98 2.33,-4.83 1.18,-0.8 3.16,-4.17 0.02,-2.16 2.09,-3.27 -0.21,-1.91 1.13,-3.22 1.13,-1.09 5.45,-2.03 0.96,-1.68 3.04,-2.88 2.61,-1.54 10.56,0.41 12.24,0.01 -0.03,16.73 12.32,0.05 0.01,14.61 h -0.28 l 0.01,13.79 -3.97,-4.73 -3.37,-0.88 -3.95,2.82 -2.54,-0.33 -2.44,2.23 -2.37,-0.52 -4.71,1.08 -6.28,-2.2 -3.27,1.07 -2.27,-1.42 -5.95,0.29 -2.33,3.81 -2.51,0.93 -2.56,-1.05 -2.43,1.13 -3.55,3.34 h -3.57 l -0.94,2.04 -5.33,-0.25 -1.3,1.34 -2.05,-0.83 -8.34,-0.11 -1.72,-2.79 0.23,-2.14 -1.19,-3.31 z"
       id="Mason"
       style="fill:#d75d5d;fill-opacity:1" />
    <path
       inkscape:connector-curvature="0"
       d="m 359.34,289.4 6.52,-3.81 4.22,-1.68 3.22,0.37 5.39,-1.57 2.37,1.17 2.4,-3.46 -0.4,-3.47 4.56,-5.3 0.42,-3.6 2.42,-2.75 3.72,-1.9 1.34,-3.56 -0.71,-3.55 24.41,0.22 -0.09,12.56 0.18,6.5 6.3,-0.01 0.01,3.13 0.22,38.63 -12.51,0.03 -24.83,0.25 -12.32,-0.05 0.03,-16.73 -12.24,-0.01 -10.56,-0.41 2.03,-1.66 1.97,-3.6 0.84,-4.63 z"
       id="Tazewell"
       style="fill:#d75d5d;fill-opacity:1" />
    <path
       inkscape:connector-curvature="0"
       d="m 430.3,376 8.24,-0.02 0.02,-18.84 12.8,-0.03 24.92,-0.63 6.43,0.05 -0.23,37.77 h -1.44 l 0.05,7.49 -6.09,-0.11 0.17,12.53 h -12.28 l -11.61,-0.3 -12.61,-0.24 -0.12,-20.98 -4.18,-2.07 -4.17,0.21 z"
       id="Macon"
       style="fill:#e27f7f;fill-opacity:1" />
    <path
       inkscape:connector-curvature="0"
       d="m 358.69,3.14 -0.11,44.38 -20.1,-0.44 -22.42,0.02 -1.15,-1.09 -3.05,-0.71 -3.58,-2.96 -2.91,-4.24 -1.15,-3.44 1.75,-6.35 -2.87,-4.75 -3.46,-4.19 -2.39,-1.75 -5.77,-3.11 -1.58,-3.71 -5.64,-2.63 -3.09,-2.9 -0.15,-1.9 1.46,-2.37 25.2,0.88 35.36,0.59 z"
       id="Jo-Daviess"
       style="fill:#e27f7f;fill-opacity:1" />
    <path
       inkscape:connector-curvature="0"
       d="m 276.96,391.53 12.87,0.43 -0.16,5.14 12.44,0.34 -0.48,12.53 3.91,0.12 -0.13,4.16 4.16,0.1 -0.49,16.68 -31.08,-0.92 1.03,-2.48 -0.4,-2.94 -2.94,-8.77 -0.24,-2.51 -2.73,-5.17 -1.25,-4.57 4.62,-9.06 z"
       id="Scott"
       style="fill:#c21b18;fill-opacity:1" />
    <path
       inkscape:connector-curvature="0"
       d="m 344.3,376.94 12.39,0.27 12.56,0.1 0.04,-2.09 7.44,0.13 0.52,-3.13 0.01,-5.27 13.27,0.08 10.44,0.05 -0.04,6.26 8.69,0.17 -0.03,2.09 20.71,0.4 -0.1,14.83 -1.86,0.07 -1.31,-1.86 -1.24,2.3 -4.44,2.87 -0.41,1.59 -3.2,2.09 -3.42,-0.6 -0.31,1.68 -2.4,0.23 -2.83,1.45 -1.7,-2.66 -0.12,11.25 -5.98,-0.12 -0.03,6.2 -6.29,-0.13 -0.07,16.74 -18.7,-0.09 -24.98,-0.23 0.32,-5.22 -6.33,-23.04 0.08,-9.66 -0.88,-0.02 0.14,-12.56 z"
       id="Sangamon"
       style="fill:#ffb2b2;fill-opacity:1" />
    <path
       inkscape:connector-curvature="0"
       d="m 519.12,709.11 4.26,0.01 22.34,0.04 3.13,3.64 2.1,-0.12 3.57,2.96 1.73,2.69 2.19,1.41 0.75,4.21 -2.19,3.29 -6.11,0.22 -4.6,1.13 -12.18,1.62 -3.54,1.73 -5.61,5.4 -4.1,-2.69 -2.06,-0.26 z"
       id="Hardin"
       style="fill:#d72f30;fill-opacity:1" />
    <path
       inkscape:connector-curvature="0"
       d="m 425.41,503.56 0.25,-27.18 12.42,0.08 12.59,0.43 12.22,-0.06 12.54,0.11 -0.39,43.73 12.71,-0.37 -0.23,12.67 -12.65,0.21 -12.73,-0.06 -12.33,0.13 -12.09,-0.29 -0.14,12.61 -13.02,-0.94 0.02,-36.92 z"
       id="Fayette"
       style="fill:#c21b18;fill-opacity:1" />
    <path
       inkscape:connector-curvature="0"
       d="m 436.67,579.04 0.67,-20.91 0.24,-12.56 0.14,-12.61 12.09,0.29 12.33,-0.13 12.73,0.06 12.65,-0.21 -0.5,31.62 -0.13,18.82 -25.24,-0.43 -12.51,0.35 -12.56,-0.09 z"
       id="Marion"
       style="fill:#d72f30;fill-opacity:1" />
    <path
       inkscape:connector-curvature="0"
       d="m 435.88,620.69 0.7,-37.45 12.56,0.09 12.51,-0.35 25.24,0.43 -0.2,18.97 -0.31,12.35 -0.33,18.87 -16.81,-0.28 -8.85,0.11 -22.58,-0.07 -2.29,-0.06 z"
       id="Jefferson"
       style="fill:#d72f30;fill-opacity:1" />
    <path
       inkscape:connector-curvature="0"
       d="m 325.56,431.38 25.35,0.23 24.98,0.23 -0.12,25.17 -0.49,-0.01 -0.01,28.76 -0.17,21.36 -12.83,-0.11 -37.35,-0.81 0.47,-25.09 0.05,-12.62 -0.04,-12.12 z"
       id="Macoupin"
       style="fill:#d75d5d;fill-opacity:1" />
    <path
       inkscape:connector-curvature="0"
       d="m 616.07,219.09 0.26,22.51 0.42,52.03 -13.87,0.55 -12.15,0.09 -18.85,0.43 -6.34,0.07 -1.08,-0.43 -12.62,0.15 -0.08,-12.54 -0.86,-27.02 -0.77,-33.66 14.15,-0.38 10.71,-0.45 z"
       id="Iroquois"
       style="fill:#d72f30;fill-opacity:1" />
    <path
       inkscape:connector-curvature="0"
       d="m 215.86,267.89 17.86,1.01 12.94,-0.22 -0.96,22.21 -1.13,28.72 -0.63,13.11 -25.7,-1.14 -27.69,-1.48 -11.96,-0.48 0.03,-5.23 1.88,-3.27 -0.15,-2.7 2.5,-5.53 1.2,-3.57 2,-2.91 3.3,-2.5 3.02,-0.41 1.42,-0.95 0.36,-3.73 -0.71,-2.54 0.41,-3 1.59,-3.94 -0.31,-4.09 -1.99,-3.02 -1.94,-1.46 0.6,-2.38 2.46,-2.08 2.32,-3.85 1.26,-1.09 4.7,-2.22 6.49,-1.53 z"
       id="Hancock"
       style="fill:#d72f30;fill-opacity:1" />
    <path
       inkscape:connector-curvature="0"
       d="m 315.6,637.08 6.79,-2.46 12.57,-4.21 0.19,-12.57 15.56,0.63 22.19,0.55 12.52,0.19 -0.12,12.52 -0.65,25.36 -7.16,13.78 -0.5,2.9 -2.37,2.31 0.69,2.75 -3.21,-2.03 -4.16,-4.38 -6.38,-1.91 -0.17,-2.89 -5.27,-3.81 -2.09,1.21 -2.15,2.45 -2.34,1.37 -2.43,-0.17 -3.31,-1.85 -2.38,-5.21 1.71,-2.99 1.39,0.01 2.55,-1.94 -1.71,-2.46 -5.47,1.23 -1.88,-0.92 -3.37,-4.32 -2.65,-2.62 -3.91,-0.4 -3.62,-3.35 -0.46,-3.12 -3.04,-1.84 -1.65,0.7 z"
       id="Randolph"
       style="fill:#d72f30;fill-opacity:1" />
    <path
       inkscape:connector-curvature="0"
       d="m 537.09,204.58 1.15,-0.03 -0.36,-12.52 25.22,-0.62 -0.27,-12.49 25.17,-0.61 27.64,-0.53 0.43,41.31 -41.08,1.35 -10.71,0.45 -14.15,0.38 -12.57,0.49 z"
       id="Kankakee"
       style="fill:#e27f7f;fill-opacity:1" />
    <path
       inkscape:connector-curvature="0"
       d="m 430.2,390.83 4.17,-0.21 4.18,2.07 0.12,20.98 12.61,0.24 0.04,18.83 -0.35,25.43 -12.77,-0.53 -43.63,-0.48 0.02,-25.23 0.07,-16.74 6.29,0.13 0.03,-6.2 5.98,0.12 0.12,-11.25 1.7,2.66 2.83,-1.45 2.4,-0.23 0.31,-1.68 3.42,0.6 3.2,-2.09 0.41,-1.59 4.44,-2.87 1.24,-2.3 1.31,1.86 z"
       id="Christian"
       style="fill:#d75d5d;fill-opacity:1" />
    <path
       inkscape:connector-curvature="0"
       d="m 280.21,384.58 -1.17,-2.27 -0.04,-3.19 38.12,1.39 27.12,0.6 -0.14,12.56 0.88,0.02 -0.08,9.66 6.33,23.04 -0.32,5.22 -25.35,-0.23 -16.48,-0.35 0.49,-16.68 -4.16,-0.1 0.13,-4.16 -3.91,-0.12 0.48,-12.53 -12.44,-0.34 0.16,-5.14 -12.87,-0.43 3.7,-5.2 z"
       id="Morgan"
       style="fill:#d75d5d;fill-opacity:1" />
    <path
       inkscape:connector-curvature="0"
       d="m 274.03,488.07 0.57,-2.41 1.85,-1.37 -0.22,-2.48 1.15,-0.79 -0.54,-2.55 2.83,-0.52 5.35,0.67 0.49,3.1 1.7,-1.58 19.5,0.55 0.09,-7.3 12.54,0.21 -0.01,-4.7 1,-0.52 5.11,0.11 -0.05,12.62 -0.47,25.09 -14.35,-0.26 -0.43,10.85 -3.78,-0.18 -8.17,-4.68 -2.59,-1.08 -4.97,-0.86 -4.6,0.06 -3.17,1.74 -2.6,-1.61 -2.93,-4.17 -0.61,-2.33 0.02,-3.82 -1.23,-1.44 0.82,-2.84 -0.85,-1.51 z"
       id="Jersey"
       style="fill:#d72f30;fill-opacity:1" />
    <path
       inkscape:connector-curvature="0"
       d="m 388.99,90.45 16.04,0.1 1.67,-1.28 7.07,1.35 4.11,0.08 -0.05,2.1 8.29,0.11 36.76,-0.22 -0.2,23.79 0.21,14.04 -12.22,0.14 -12.42,-0.39 v 6.23 l -25.29,-0.23 -24.89,-0.34 0.09,-12.44 z"
       id="Lee"
       style="fill:#e27f7f;fill-opacity:1" />
    <path
       inkscape:connector-curvature="0"
       d="m 500.88,55.27 37.46,-0.06 0.05,12.54 -2.73,0.02 0.09,11.56 0.13,37.58 -12.69,0.31 -23.93,0.38 -0.03,-12.53 0.16,-12.52 0.02,-24.77 1.46,0.01 z"
       id="Kane"
       style="fill:#7996e2;fill-opacity:1" />
    <path
       inkscape:connector-curvature="0"
       d="m 243.41,345.44 12.94,0.16 11.06,0.58 -1.15,2.71 3.62,0.68 -0.68,4.01 1.8,0.93 0.85,1.96 2.02,0.58 3.55,3.85 -0.65,3.09 2.38,0.47 2.01,-0.67 2.87,0.52 3.09,-0.95 0.31,2.29 -2.49,3.67 -0.61,3.45 -2,2.9 -1.97,0.97 -1.36,2.48 0.04,3.19 1.17,2.27 -25.26,-0.95 -10.51,-0.31 -2.47,-0.62 0.2,-8.23 0.38,-4.01 z"
       id="Brown"
       style="fill:#c21b18;fill-opacity:1" />
    <path
       inkscape:connector-curvature="0"
       d="m 463.31,55.27 25.06,-0.03 12.51,0.03 -0.01,12.52 -1.46,-0.01 -0.02,24.77 -0.16,12.52 0.03,12.53 -0.07,12.67 -11.89,0.08 -11.41,-0.18 -13,0.35 -0.21,-14.04 0.2,-23.79 0.09,-24.89 h 0.34 z"
       id="DeKalb"
       style="fill:#a5b0ff;fill-opacity:1" />
    <path
       inkscape:connector-curvature="0"
       d="m 463.59,6.04 16.36,0.54 8.43,-0.19 0.09,23.81 -0.1,25.04 -25.06,0.03 -0.04,-12.51 0.17,-12.53 z"
       id="Boone"
       style="fill:#e27f7f;fill-opacity:1" />
    <path
       inkscape:connector-curvature="0"
       d="m 403.98,231.49 8.96,0.02 25.07,-0.49 12.29,0.31 12.69,-0.2 0.05,25.05 -6.29,0.1 0.14,12.54 -6.63,0.1 0.06,5.24 -6.27,0.3 0.03,1.82 -3.62,0.09 0.03,2.12 -14.87,0.2 -0.01,-3.13 -6.3,0.01 -0.18,-6.5 0.09,-12.56 -24.41,-0.22 -1.05,-4.97 0.49,-2.43 3.66,-6.15 0.33,-2.07 2.28,-1.79 z"
       id="Woodford"
       style="fill:#d72f30;fill-opacity:1" />
    <path
       inkscape:connector-curvature="0"
       d="m 322.76,106.27 2.78,-1.72 3.13,-1.06 0.82,-1.25 -0.29,-3.03 1.63,-6.2 1.86,-4.3 0.25,-3.2 21.77,0.1 11.56,0.35 16.76,0.27 6.06,0.14 -0.1,4.08 -0.83,33.04 -0.09,12.44 -24.93,-0.27 -14.62,-0.23 -20.26,-0.54 2.27,-1.78 0.47,-6.79 -2.93,-2.75 -4.3,-1.82 0.38,-2.46 -1.1,-1.03 0.2,-5.92 -1.21,-0.91 z"
       id="Whiteside"
       style="fill:#e27f7f;fill-opacity:1" />
    <path
       inkscape:connector-curvature="0"
       d="m 435.03,671.05 23.31,0.17 27.32,-0.05 -0.1,16.96 -0.26,20.95 -12.61,-0.26 -2.05,0.44 -12.84,0.11 -10.55,-0.12 -12.82,-0.63 z"
       id="Williamson"
       style="fill:#d72f30;fill-opacity:1" />
    <path
       inkscape:connector-curvature="0"
       d="m 384.65,657.09 35.61,1.1 11.88,0.16 3.04,0.04 -0.15,12.66 -0.6,37.57 -7.56,0.17 -26.69,-0.51 -0.02,2.87 -1.4,2.24 -6.44,-1.19 0.59,-1.77 2.56,0.66 1.9,-0.8 -0.07,-1.86 -3.18,-3.8 -1.24,-2.34 0.73,-6.35 -1.54,-1.87 -6.55,-2.22 -1.47,-2.83 -2.33,-2.45 -3.69,0.55 -2.08,-2.03 0.92,-3.84 -1.56,-2.42 -0.69,-2.75 2.37,-2.31 0.5,-2.9 z"
       id="Jackson"
       style="fill:#ffb2b2;fill-opacity:1" />
    <path
       inkscape:connector-curvature="0"
       d="m 348.76,197.83 12.65,0.22 0.26,-12.2 1.1,0.01 23.76,0.48 -0.17,12.25 -0.39,25.11 -25.13,-0.6 -12.65,-0.16 z"
       id="Stark"
       style="fill:#d72f30;fill-opacity:1" />
    <path
       inkscape:connector-curvature="0"
       d="m 569.75,438.94 6.27,-0.11 12.37,-0.59 11.71,-0.34 -0.17,1.52 17.55,-0.19 0.17,18.53 -1.6,-0.57 -1.63,1.92 -3.17,0.75 -1.85,3.28 0.69,2.51 -0.98,0.99 0.39,3.49 1.36,2.13 1.43,-1.13 0.72,5.28 -1.32,2.71 -1.83,1.21 -2.9,4.87 -3.1,-0.02 v -2.06 l -10.09,0.04 0.1,-0.98 -22.84,0.75 -6.42,0.16 -0.59,-29.43 -0.26,-14.62 z"
       id="Clark"
       style="fill:#d72f30;fill-opacity:1" />
    <path
       inkscape:connector-curvature="0"
       d="m 383.31,47.63 6.28,-0.11 18.74,0.2 6.24,-0.05 23.86,-0.07 -0.06,7.73 24.94,-0.06 V 67.8 h -0.34 l -0.09,24.89 -36.76,0.22 -8.29,-0.11 0.05,-2.1 -4.11,-0.08 -7.07,-1.35 -1.67,1.28 -16.04,-0.1 0.1,-4.08 -6.06,-0.14 0.29,-13.68 z"
       id="Ogle"
       style="fill:#d75d5d;fill-opacity:1" />
    <path
       inkscape:connector-curvature="0"
       d="m 525.14,483.56 21.59,-0.09 17.88,-0.38 6.42,-0.16 0.46,13.06 0.3,25.13 -0.06,8.42 -10.11,0.08 -12.86,0.45 L 536.59,530 525,529.35 v -8.43 l -0.11,-12.98 0.26,-12.72 z"
       id="Jasper"
       style="fill:#c21b18;fill-opacity:1" />
    <path
       inkscape:connector-curvature="0"
       d="m 459.86,751.49 3.59,-2.08 -0.84,-2.63 20.23,0.17 2.06,-0.25 4.16,4.12 8.25,8.74 12.83,12.7 -0.04,13.09 -3.56,0.38 -5.96,-2.08 -1.86,-2.73 -2.52,-1.98 -8.77,-3.85 -5.1,-0.68 -5.02,-3.59 -3.41,-2.86 -7.32,-3.07 -6.7,-2.4 z"
       id="Massac"
       style="fill:#d72f30;fill-opacity:1" />
    <path
       inkscape:connector-curvature="0"
       d="m 514.2,324.07 0.08,-16.78 12.41,0.07 25.23,-0.34 20.33,0.1 0.52,24.95 -1.47,0.03 0.43,24.54 0.28,25.08 -20.49,0.01 -12.59,0.18 h -25.01 l -0.07,-49.41 z"
       id="Champaign"
       style="fill:#7996e2;fill-opacity:1" />
    <path
       inkscape:connector-curvature="0"
       d="m 486.89,583.41 0.13,-18.82 12.85,-0.14 18.57,0.67 18.7,0.48 11.93,0.2 0.05,4.16 0.01,16.83 -0.27,28.08 -12.48,-0.1 -12.38,0.24 -12.64,-0.04 -24.98,-0.24 0.31,-12.35 z"
       id="Wayne"
       style="fill:#c21b18;fill-opacity:1" />
    <path
       inkscape:connector-curvature="0"
       d="m 425.62,278.69 14.87,-0.2 -0.03,-2.12 3.62,-0.09 -0.03,-1.82 6.27,-0.3 -0.06,-5.24 6.63,-0.1 -0.14,-12.54 6.29,-0.1 37.72,-0.43 0.18,12.47 0.78,0.02 0.06,7.76 12.6,-0.08 -0.1,31.37 -0.08,16.78 -12.6,0.04 -52.76,-0.52 -10.41,0.07 -12.54,0.03 -0.05,-6.37 z"
       id="McLean"
       style="fill:#a5b0ff;fill-opacity:1" />
    <path
       inkscape:connector-curvature="0"
       d="m 316.06,47.1 22.42,-0.02 20.1,0.44 18.5,0.17 6.23,-0.06 0.01,24.92 -0.29,13.68 -16.76,-0.27 -11.56,-0.35 -21.77,-0.1 -1.24,-2.32 0.24,-2.35 1.77,-2.84 0.72,-3.14 -1.15,-3.95 -1.35,-1.68 -0.31,-4.85 0.71,-5.86 -0.83,-1.24 -3.24,-0.9 -0.8,-3.14 -4.29,-2.79 -3.4,-1.14 z"
       id="Carroll"
       style="fill:#d75d5d;fill-opacity:1" />
    <path
       inkscape:connector-curvature="0"
       d="m 261.43,207.36 12.78,0.52 13.09,0.85 11.74,0.3 -1.75,50.12 -0.44,12.52 -12.52,-0.71 -12.39,-0.47 -12.74,-0.96 0.99,-29.21 z"
       id="Warren"
       style="fill:#d75d5d;fill-opacity:1" />
    <path
       inkscape:connector-curvature="0"
       d="m 322.76,106.27 -0.72,5.16 1.21,0.91 -0.2,5.92 1.1,1.03 -0.38,2.46 4.3,1.82 2.93,2.75 -0.47,6.79 -2.27,1.78 0.66,1.61 -1.99,4.75 -2.18,0.27 -2.68,1.8 -6.89,0.88 -1.46,1.26 -1.58,-0.79 -2.13,0.7 -1.9,1.69 -0.47,1.85 -3.75,2.88 -2.67,0.84 -0.65,18.64 -12.6,-0.33 -21.83,-0.83 -15.95,-0.94 -18.76,-0.74 0.9,-5.11 1.54,-2.28 0.52,-3.66 2.23,-1.76 5.74,-1.32 4.83,1.96 3.24,-1.31 4.73,-2.96 2.19,-0.35 10.78,1.09 8.89,-1.48 5.52,-4.47 1.22,-2.38 5.92,-2.02 4.33,1.28 4.25,-0.69 5.4,-5.87 7.59,-3.06 0.43,-1.54 -0.26,-6.95 1.07,-4.66 2.19,-2.14 0.08,-5.67 1.39,-2.23 2.65,-2.43 z"
       id="Rock-Island"
       style="fill:#7996e2;fill-opacity:1" />
    <path
       inkscape:connector-curvature="0"
       d="m 536.59,530 12.17,0.07 12.86,-0.45 10.11,-0.08 4.24,-0.01 -0.06,39.5 -0.22,0.69 h -4.78 -9.46 l -12.33,0.24 -0.05,-4.16 -11.93,-0.2 0.16,-0.88 -3.76,-1.96 -1.31,-2.21 2.84,-4.14 -1.38,-2.59 0.11,-7.2 2.89,0.12 z"
       id="Richland"
       style="fill:#d72f30;fill-opacity:1" />
    <path
       inkscape:connector-curvature="0"
       d="m 524,615.01 12.38,-0.24 12.48,0.1 13.95,0.03 4.21,-0.58 0.33,0.39 0.92,2.34 -0.47,4.52 1.61,2.48 3.34,2.41 3.39,1.17 -1.99,2.27 -1.94,3.49 -2.72,-0.58 -0.65,2.97 -2.61,0.23 -2.09,1.62 1.37,1.91 5.02,-2.19 0.44,1.85 -1.19,2.74 -3.87,2.25 -3.55,-0.02 -0.16,2.83 1.95,1.14 -1,2.42 1.52,4.32 -0.93,2.55 -1.81,0.37 0.74,3.83 -2.78,-0.48 0.33,2.53 3.63,0.41 0.77,2.59 -4.78,0.54 -3.52,-2.07 -0.75,2.01 -2.37,-2.06 -19.15,-0.36 -10.55,0.06 0.08,-18.7 z"
       id="White"
       style="fill:#c21b18;fill-opacity:1" />
  </g>
</svg>