<svg
   width="810"
   height="357"
   viewBox="0 0 810 357"
   stroke-linecap="round"
   stroke-linejoin="round"
   inkscape:export-filename="Kentucky_county_map,_cb_500k.png"
   inkscape:export-xdpi="600"
   inkscape:export-ydpi="600"
   xml:space="preserve"
   xmlns:inkscape="http://www.inkscape.org/namespaces/inkscape"
   xmlns:sodipodi="http://sodipodi.sourceforge.net/DTD/sodipodi-0.dtd"
   xmlns="http://www.w3.org/2000/svg"
   xmlns:svg="http://www.w3.org/2000/svg"><defs
     id="defs1" /><sodipodi:namedview
     id="namedview1"
     pagecolor="#505050"
     bordercolor="#eeeeee"
     borderopacity="1"
     inkscape:showpageshadow="0"
     inkscape:pageopacity="0"
     inkscape:pagecheckerboard="0"
     inkscape:deskcolor="#505050"
     inkscape:zoom="1.2247788"
     inkscape:cx="389.45808"
     inkscape:cy="41.231935"
     inkscape:window-width="1920"
     inkscape:window-height="1009"
     inkscape:window-x="-8"
     inkscape:window-y="-8"
     inkscape:window-maximized="1"
     inkscape:current-layer="Kentucky" /><g
     transform="translate(5,5)"
     stroke="white"
     stroke-width="1"
     style="fill:#999999"><path
       d="M 349.96 205.09 357.16 190.39 363 178.22 377.96 175.7 381.24 168.2 378.89 151.91 384.27 151.25 385.18 152.08 385.89 152.75 388.45 153.07 389.07 155.92 388.61 159.45 389.74 159.78 391.24 158.68 393.82 159.09 394.86 162.2 396.38 162.59 396.66 164.97 395.55 167.76 397.71 170.52 399.45 171.03 401.01 172.54 402.35 172.67 405.61 175.49 405.97 176.62 405.47 179.18 406.97 181.55 409.43 182.34 410.64 184.03 411.73 183.71 411.48 186.44 411.93 187.04 406.14 197.26 403.61 198.2 401.95 199.69 399.13 201.56 399.77 203.33 397.48 206.46 397.21 207.87 395.46 208.49 391.56 211.82 390.23 220.93 389.62 221.12 389.79 225.32 373.63 224.02 371.57 223.03 372.31 221.05 373.21 220.23 372.19 218.77 371.93 216.41 368.03 210.8 366.73 208.62 363.98 209.01 363.72 209.61 358.24 208.8 357.89 208.12 355.2 206.71 354.39 207.52 353.13 204.39 350.7 206.26 349.96 205.09 Z"
       id="Hardin"
       fill="#b3c4db"
       style="fill:#e38080;fill-opacity:1;stroke:#ffffff;stroke-opacity:1" /><path
       d="M 696.95 212.7 697.78 214.45 699.42 214.8 699.19 215.54 709.3 217.06 710.05 220.75 708.91 222.84 709.1 223.96 711.72 224.26 713.24 222.3 714.63 221.82 716.53 222.96 717.28 225.17 717.7 229.04 716.79 231.86 717.75 232.99 718.63 236.47 718.23 237.63 721.12 238.42 721.09 240.06 722.67 240.47 721.25 241.08 720.44 242.35 716.98 243.53 714.46 243.4 713.26 243.93 711.33 243.01 710.04 244.35 707.99 244.81 705.7 246.67 705.67 248 704.11 249.11 703.79 250.31 702.24 251.49 699.88 252.02 697.15 253.77 695.22 256 694.42 254.15 692.75 253.15 692.08 251.85 689.23 250.49 687 250.68 685.56 248.68 685.2 246.45 681.98 248.25 680.4 247.61 679.36 245.62 679.17 244.01 680.17 238.5 680.77 237.09 680.5 234.25 678.97 226.1 677.7 219.29 681.88 213.8 681.65 211.16 682.73 210.64 684.11 211.27 684.67 210.14 686.26 210.11 688.98 212.41 694.38 213.47 696.95 212.7 Z"
       id="Knott"
       fill="#b8e0da"
       style="fill:#7a97e3;fill-opacity:1;stroke:#ffffff;stroke-opacity:1" /><path
       d="M 631.16 214.05 632.79 208.39 636.68 196.57 639.25 195.51 639.64 199.04 641.94 197.65 643.33 197.46 644.64 194.75 645.84 193.89 646.01 191.72 647.3 189.47 650.43 188.17 651.12 189.2 656.51 191.34 657.81 190.22 661.77 191.22 665.06 191.77 666.23 191.96 667.24 193.5 669.64 194.91 672.19 194.96 674.32 196.27 676.35 198.09 677.19 199.71 679.22 199.01 682.36 196.51 684.29 199.36 687.23 202.34 688.39 201.6 690.28 203.24 689.45 204.42 689.46 206.07 691.3 207.32 691.8 209.55 694.79 210.43 696.71 211.49 696.95 212.7 694.38 213.47 688.98 212.41 686.26 210.11 684.67 210.14 684.11 211.27 682.73 210.64 681.65 211.16 681.88 213.8 677.7 219.29 678.97 226.1 672.79 225.69 671.07 225.05 670.74 222.99 669.4 221.31 663.81 227.33 660.43 229.09 659.62 230.21 657.35 230 655.82 232.37 653.66 232.93 652.32 235.56 649.84 235.54 645.55 231.51 642.24 230.78 639.62 234.54 636.09 237.04 634.98 236.49 636.11 233.99 634.74 231.59 635.41 228.05 635.15 224.53 633.94 222.88 634.42 221.92 633.89 219.12 632.28 217.85 631.16 214.05 Z"
       id="Breathitt"
       fill="#b1e486"
       style="fill:#6675df;stroke:#ffffff;stroke-opacity:1;fill-opacity:1" /><path
       d="M 539.67 113.85 541.53 114.1 542.1 113.29 546.94 114.23 547.88 112.21 549.75 113.46 552.39 111.99 553.45 109.81 556.21 109.77 565.14 101.85 568.04 104.01 571.62 110.55 573.3 112.65 573.46 113.85 574.69 115.05 576.68 114.99 577.12 116.4 579.53 116.75 579.98 118.94 579 119.52 582.68 121.7 585.42 122.13 587.85 121.34 587.87 125 586.64 127.26 580.59 132.34 579.51 132.79 577.44 135.29 556.23 141.96 556.13 140.84 553.58 139.41 552.01 139.7 548.5 137.92 546.53 136.32 547.62 134.37 547.42 130.77 547.02 130.22 548.91 127.51 548.51 125.32 547.64 125.1 546.43 123.18 544.02 123.67 542.45 121.94 541.74 119.74 541.93 117.81 540.29 116.05 539.67 113.85 Z"
       id="Bourbon"
       fill="#cbdc93"
       style="fill:#7a97e3;fill-opacity:1;stroke:#ffffff;stroke-opacity:1" /><path
       d="M 263.71 227.49 263.26 224.88 263.27 221.52 262.4 220.2 263.49 218.98 269.22 209.76 270.4 208.6 273.79 206.07 275.72 203.8 279.89 199.58 281.69 200.5 283.03 200.27 285.71 198.04 288.61 197.2 291.02 195.15 293.58 194.07 288.53 189.42 293.06 185.68 312.15 195.84 311.9 201.43 313.52 203.4 314.08 205.87 316.84 208.67 318.48 210.07 315.06 211.37 313.45 208.43 311.64 208.76 311.18 209.77 309.32 209.61 309.61 211.54 314.63 230.84 299.09 242.62 297.94 241.84 297.48 239.74 294.78 238.59 293.1 239.47 292.89 242.39 291.18 246.42 289.74 247.92 289.19 249.54 287.25 250.02 286.01 251.51 285.79 253.15 284.33 254.48 282.25 252.77 281.87 250.63 279.37 250.71 278.58 248.47 276.84 248.4 275.69 246.86 275.9 244.67 275.16 242.51 275.43 240.7 273.42 237.93 272.34 235.86 270.85 234.51 268.63 233.67 266.68 233.51 264.9 234.88 263.25 238.95 261.31 239.28 259.66 237.24 261.1 234.7 264.12 232.76 263.71 227.49 Z"
       id="Ohio"
       fill="#e4c9a0"
       style="fill:#d75d5d;fill-opacity:1;stroke:#ffffff;stroke-opacity:1" /><path
       d="M 71.28 247.85 71.38 247.87 82.51 283.78 80.14 284.48 78.69 283.9 75.92 284.85 73.21 285.35 71.82 285.17 64.2 287.71 60.93 286.42 58.09 286.53 56.93 285.33 55.61 287.89 54.21 286.95 53.45 283.98 52.55 284.08 52.77 281.39 50.88 279.05 49.37 278.95 45.93 276.05 44.7 273.7 44.41 271.54 45.24 268.32 46.1 266.76 48.86 263.6 50.77 262.39 53.13 259.42 54.37 256.27 56.2 253.88 61.21 249.33 64.31 247.7 67.08 247.1 69.32 247.82 71.28 247.85 Z"
       id="Ballard"
       fill="#94bbeb"
       style="fill:#d75d5d;fill-opacity:1;stroke:#ffffff;stroke-opacity:1" /><path
       d="M 602.2 322.09 603.38 318.47 604.45 319.65 606.14 318.5 607.1 316.12 607.17 314.64 609.24 313.97 609.26 312.18 610.53 310.73 610.29 309.08 612.03 306.75 616.55 305.89 619.45 303.7 619.87 302.19 621.35 301.8 622.24 299.72 623.89 299.39 624.27 298.41 626.46 298.1 626.37 296.56 627.62 295.2 628.74 295.69 629.8 294.08 632.79 292.91 633.3 290.57 634.22 289.24 632.4 288.12 631.75 286.23 640.26 288.3 640.04 289.65 641.88 290.74 642.41 291.81 640.95 292.57 642.42 293.9 641.71 295.46 642.1 298.09 643.42 299.94 640.39 305.5 643.2 308.58 642.73 312.05 641.77 315.18 644.03 318.19 646.25 319.78 646.19 324.04 642.7 323.45 638.71 324.21 637.69 325.34 635.51 326.08 633.99 327.37 632.2 327.54 630.09 328.48 629.01 329.66 626.56 330.04 626.45 330.83 623.75 333.27 622.2 335.4 611.81 335.45 596.84 335.26 597.44 333.28 596.58 331.17 594.27 328.89 594 327.73 597.22 325.67 598.11 325.57 602.1 323 602.2 322.09 Z"
       id="Bell"
       fill="#d8e9e9"
       style="fill:#e38080;stroke:#ffffff;stroke-opacity:1;fill-opacity:1" /><path
       d="M 510.63 125.73 511.8 128.34 512.92 127.87 514.94 128.37 517.83 127.74 517.74 130.12 518.45 132.28 521.1 135.97 517.88 148.93 517.62 150.77 512.69 169.44 511.57 169.42 509.1 170.93 506.97 171.35 506.04 170.12 507.57 167.88 506.84 165.95 503.83 166.27 503.16 164.47 503.79 162.63 501.79 162.91 500.52 162.42 501.07 161.05 503.59 159.86 501.17 157.89 503.75 155.89 503.58 155.35 501.32 154.94 500.74 153.76 501.38 151.45 499.29 150.45 499.89 147.47 498.01 145.77 498.56 144.57 500.29 143.54 498.61 142.3 500.21 140.59 499.92 139.33 498.66 138.37 497.27 139.67 496.28 138.86 496.28 136.17 496.26 132.96 510.63 125.73 Z"
       id="Woodford"
       fill="#cdec98"
       style="fill:#7a97e3;fill-opacity:1;stroke:#ffffff;stroke-opacity:1" /><path
       d="M 535.11 239.08 538.8 225.15 540.71 218.4 548.27 220.03 550.32 216.18 549.56 214.63 550.36 213.58 550.92 211.28 553.5 211.24 555.74 213.26 558.22 213.19 559.22 214.23 560.81 213.21 563.83 212.63 566.42 213.16 565.96 214.65 566.08 217.98 566.86 219.08 567.63 221.8 569.76 225.78 570.85 226.92 569.84 229.66 569.86 231.13 574.14 234.73 573.31 239.68 573.55 240.52 572.23 241.97 569.08 242.44 566.73 245 565.2 245 565.11 249.96 563.04 249.76 562.71 251.81 561.3 250.46 560.45 253.25 559.58 254.1 560.37 255.52 558.6 256.01 559.93 258.34 558.24 259.19 557.84 261.97 556.62 260.39 543.17 247.39 541.13 245.52 535.11 239.08 Z"
       id="Rockcastle"
       fill="#d5bca5"
       style="fill:#d72f30;stroke:#ffffff;stroke-opacity:1;fill-opacity:1" /><path
       d="M 661.98 133.37 663.52 131.4 666.19 131.02 667.13 126.8 667.77 125.33 665.56 125.62 663.43 124.14 663.68 123.23 666.03 120.87 665.75 119.35 667.05 116.6 669.5 115.18 670.5 113.27 671.73 113.39 674.79 116.41 676.34 117.41 679.27 118.13 681.03 120.89 684 122.52 687.66 121.66 688.19 122.55 690.07 122.93 690.06 124.19 691.51 125.11 693.43 124.72 694.93 125.3 696.76 124.55 698.58 126.91 698.79 130.01 700.72 132.73 697.86 134.49 696.5 136.6 695.36 137.39 695.42 139.14 694.03 141.1 692.99 140.81 689.3 143.21 689.31 144.61 687.34 146.88 684.64 148.3 683.52 147.14 679.09 146.76 678.27 147.55 675.52 147.58 673.88 146.82 671.33 146.57 669.48 146.91 666.64 144.82 666.42 142.63 665.36 141.62 663.58 141.88 661.74 140.78 661.36 139.45 662.24 135.09 661.98 133.37 Z"
       id="Elliott"
       fill="#dbe5d2"
       style="fill:#7a97e3;stroke:#ffffff;stroke-opacity:1;fill-opacity:1" /><path
       d="M 440.92 187.19 442.52 185.87 443.88 186.01 443.69 182.74 445.98 183.67 445.67 180.51 447.54 180.65 449.45 179.67 450.84 178.24 450.03 177.41 451.66 173.8 452.45 173.96 456.98 170.95 458.5 170.68 460.19 168.82 461.25 169.71 463.71 165.86 466.58 166.74 466.68 165.16 468.14 165.95 469.54 162.72 471.5 163.61 471.44 165.62 473.37 166.43 476.36 166.04 477.51 165.32 479.37 165.87 481.53 170.09 482.53 170.68 481.06 185.67 480.16 193.76 479.67 200 456.05 200.2 450.39 197.49 447.32 197.55 445.34 195.44 443.85 194.66 444.32 192.85 443.83 191.22 442.06 189.44 440.92 187.19 Z"
       id="Washington"
       fill="#9a94d1"
       style="fill:#e38080;fill-opacity:1;stroke:#ffffff;stroke-opacity:1" /><path
       d="M 683.69 52.71 685.63 52.07 688.97 52.5 692.62 50.12 697.59 48.23 699.12 48.85 700.2 51.87 699.56 56.88 701.11 59.57 701.93 62.59 702.08 65.9 703.07 69.24 705.94 72.1 708.04 73.28 710.18 73.76 711.79 73.52 715.8 73.76 719.48 76.49 722.13 80.36 711.77 90.15 711.01 92.64 709.85 92.97 709.58 94.32 707.66 95.62 707.03 98.14 697.12 95.17 693.49 95.15 691.48 95.97 688.47 93.94 687.9 92.67 682.56 86.9 681.01 86.83 680.11 85.84 677.82 84.68 675.31 84.43 673.52 82.95 670.59 82.16 670.56 81.47 672.43 79.69 672.53 78.66 675.61 77.42 677 75.39 677.87 72.78 680.07 69.92 679.01 67.95 680.12 66.56 680.01 64.85 681.59 64.05 681.63 61.75 683.16 60.64 683.57 58.79 684.55 58.31 683.05 56.17 683.98 53.22 683.69 52.71 Z"
       id="Greenup"
       fill="#e8ead8"
       style="fill:#e38080;fill-opacity:1;stroke:#ffffff;stroke-opacity:1" /><path
       d="M 696.92 184.73 698.32 184.29 700.83 185.85 702.04 185.58 703.61 184.14 704.14 182.83 706.76 182.7 712.92 180.34 714.88 180.82 715.22 178.93 717.97 180.33 719.4 179.73 720.99 180.93 723.44 181.4 724.82 182.64 726.72 182.44 728.1 183.24 729.81 184.48 732.66 185.73 733.48 186.67 736.28 187.6 732.73 188.52 731.04 189.68 731.25 190.9 732.86 193.3 731.03 208.37 730.83 211.5 733.53 211.58 734.47 215.29 735.06 216.21 734.74 218.91 733.38 220.21 733.67 221.22 732.39 224 731.84 226.64 730.85 227.68 728.23 227.82 726.97 229.21 727.26 230.43 728.53 231.6 726.8 235.61 726.59 237.52 724.39 237.67 723.75 239.75 722.67 240.47 721.09 240.06 721.12 238.42 718.23 237.63 718.63 236.47 717.75 232.99 716.79 231.86 717.7 229.04 717.28 225.17 716.53 222.96 714.63 221.82 713.24 222.3 711.72 224.26 709.1 223.96 708.91 222.84 710.05 220.75 709.3 217.06 699.19 215.54 699.42 214.8 701.06 214.1 700.92 213.09 702.24 211.04 702.89 207.14 702.92 204.45 701.49 202.88 702.03 201.35 701.22 200.55 700.98 194.68 699.42 192.84 696.95 190.93 696.54 189.78 696.92 184.73 Z"
       id="Floyd"
       fill="#bbea90"
       style="fill:#7a97e3;stroke:#ffffff;stroke-opacity:1;fill-opacity:1" /><path
       d="M 188.99 234.7 195.79 230.62 212.26 220.59 222.23 217.49 235.3 206.85 236.87 210.01 236.11 211.47 237.36 212.34 237.8 214.22 236.95 215.13 236.52 217.62 237.29 218.6 236.82 220.55 237.48 225.91 239.68 228.14 239.78 229.42 241.92 229.21 243.17 230.35 242.31 231.45 242.74 233.42 241.45 234.01 240.28 236.59 239.46 236.55 237.84 241.01 234.45 240.65 235.02 242.35 233.38 245.68 233.31 248.07 234.8 248.74 236.56 250.6 237.57 253.79 239.14 255.44 241.49 256.18 240.97 258.11 239.06 260.06 238.7 261.04 235.99 261.03 235.66 263.32 234.36 264.05 222.76 264.73 220.11 266.28 218.88 267.49 208.4 263.36 205.52 261.75 202.33 261.4 200.49 260.14 198.94 257.47 197.25 256.85 196.73 255.5 192.61 254.78 192.98 252.69 191.21 250.25 189.68 248.81 190.71 247.28 190.4 245.55 190.9 242.78 189.5 242.23 190.6 239.29 188.19 238.97 187.76 240.81 184.89 238.8 186.49 237.2 186.83 236.06 188.82 235.75 188.99 234.7 Z"
       id="Hopkins"
       fill="#cde2b7"
       style="fill:#e38080;fill-opacity:1;stroke:#ffffff;stroke-opacity:1" /><path
       d="M 587.87 125 600.82 111.04 600.98 110.99 601.75 110.29 603.59 110.43 604.69 112.85 605.82 113.21 606.5 111.47 609.24 111.27 610.42 112.38 612.99 112.51 612.48 114.91 615.25 114.47 614.63 116.56 616.49 117.34 617.37 118.85 616.87 121.7 617.99 121.5 619.43 123.65 620.84 123.15 621.82 125.6 623.3 124.87 624.87 126.4 627.67 126.72 625.24 128.68 625.68 131.94 627.27 132.63 628.59 130.26 630.38 130.14 632.34 131.96 631.85 134.52 633.91 133.49 635.44 133.98 635.1 135.95 635.55 137.52 641.41 138.58 641.37 140.1 639.66 140.01 637.82 142.48 637.59 142.7 629.91 141.59 630.23 146.26 629.82 147.57 625.42 147.57 623.83 145.93 621.28 145.8 618.22 147.98 616.49 147.95 615.21 149.2 612.92 148.76 612.01 150.14 610.99 149.9 611.23 148.9 606.49 144.36 604.4 139.23 597.99 132.1 592.77 130.7 590.2 129.34 587.8 126.26 587.87 125 Z"
       id="Bath"
       fill="#c4e4e2"
       style="fill:#7a97e3;fill-opacity:1;stroke:#ffffff;stroke-opacity:1" /><path
       d="M 653.22 106.82 654.8 105.45 658.13 105.34 659.3 106.05 662.89 105.1 664.34 104 663.59 101.81 664.25 99.94 663.6 93.85 666.02 89.64 667.27 88.83 668.76 83.3 670.59 82.16 673.52 82.95 675.31 84.43 677.82 84.68 680.11 85.84 681.01 86.83 682.56 86.9 687.9 92.67 688.47 93.94 691.48 95.97 693.49 95.15 697.12 95.17 707.03 98.14 711.79 99.48 710.86 101.76 709.97 115.13 708.29 115.89 706.98 117.27 708.2 118.3 707.08 119.91 705.97 120.34 704.02 122.35 700.91 121.68 699.55 123.45 696.76 124.55 694.93 125.3 693.43 124.72 691.51 125.11 690.06 124.19 690.07 122.93 688.19 122.55 687.66 121.66 684 122.52 681.03 120.89 679.27 118.13 676.34 117.41 674.79 116.41 671.73 113.39 670.5 113.27 669.5 115.18 667.05 116.6 665.75 119.35 666.03 120.87 663.68 123.23 661.74 123.5 660.58 122.04 657.89 121.19 657.12 119.09 656.48 115.51 655.5 113.27 653.99 111.08 653.97 109.4 653.22 106.82 Z"
       id="Carter"
       fill="#cee8ef"
       style="fill:#e38080;fill-opacity:1;stroke:#ffffff;stroke-opacity:1" /><path
       d="M 422.08 221.43 424.01 222.76 427.82 223.48 427.98 222.55 430.5 219.79 431.58 220.23 431.96 221.75 434.32 221.97 438.59 220.8 441.14 220.83 443.18 221.95 445.89 221.22 448.47 222.47 452.95 225.67 454.6 228.22 457.32 227.8 459.81 224.59 462.47 224.25 465.29 222.03 468.07 224.2 469.56 223.42 473.82 227.96 475.34 228.57 474.44 230.29 471.97 230.73 470.64 232.39 469.37 232.46 469.38 234.98 468.48 236.49 466.77 241.03 465.88 242.17 463.45 242.64 463.9 244.03 463.12 245.55 463.08 247.15 459.8 248.49 457.19 248.28 454.69 248.84 452.44 250.72 450.28 251.39 451.01 253.06 450.02 253.6 446.32 257.74 444.3 253.97 440.68 253.88 440.95 251.98 442.23 251.83 442.1 250.3 438.05 243 433.12 235.34 421.99 226.39 421.75 224.88 422.08 221.43 Z"
       id="Taylor"
       fill="#c7d5e6"
       style="fill:#e38080;fill-opacity:1;stroke:#ffffff;stroke-opacity:1" /><path
       d="M 610.99 149.9 612.01 150.14 612.92 148.76 615.21 149.2 616.49 147.95 618.22 147.98 621.28 145.8 623.83 145.93 625.42 147.57 629.82 147.57 630.23 146.26 629.91 141.59 637.59 142.7 637.82 142.48 641.3 143.56 639.96 144.83 641.6 146.81 642.95 146.41 642.91 145.04 644.6 144.5 643.81 156.52 638.62 163.45 638.35 165.57 638.81 167.21 636.57 168.6 635.67 171.01 633.09 172.64 629.05 173.16 627.99 171.64 626.21 170.97 624.8 172.34 623.06 171.3 621.41 171.1 620.84 168.89 612.39 163.46 611.29 162.23 611.57 160.98 610.24 160.46 610.65 159.01 609.51 157.76 609.98 154.81 609.5 153.33 610.99 149.9 Z"
       id="Menifee"
       fill="#bce4ec"
       style="fill:#e38080;stroke:#ffffff;stroke-opacity:1;fill-opacity:1" /><path
       d="M 550.99 287.3 552.36 285.66 552.05 283.24 555.21 282 555.58 280.97 553.62 278.74 556.14 277.69 555.13 276.6 555.04 274.32 554.23 273.77 555.31 271.79 556.67 270.41 558.42 270.15 558.88 268.49 557.75 267.39 558.06 265.68 557.37 262.95 557.84 261.97 558.24 259.19 559.93 258.34 558.6 256.01 560.37 255.52 559.58 254.1 560.45 253.25 561.3 250.46 562.71 251.81 563.04 249.76 565.11 249.96 565.2 245 566.73 245 569.08 242.44 572.23 241.97 573.55 240.52 573.31 239.68 574.25 237.82 575.24 237.55 576.41 238.73 576.54 241.15 579.93 244.19 581.53 244 581.94 246.08 587.3 248.14 593.79 248.38 594.21 254.09 592.66 257.44 591.33 258.36 593.55 261.32 595.23 264.35 596.06 266.54 598.34 266.65 600.21 265.54 602.23 267.43 602.71 269.08 601.64 270.53 600.11 271.26 601.88 273.88 600.49 275.49 598.35 276.9 596.57 276.41 595.27 281.77 593.62 282.88 592.86 284.24 586.9 283.54 585.08 282.9 584.18 284.47 582.08 284.57 580.54 285.45 578.97 287.29 575.39 285.48 572.76 285.89 572.66 287.47 570.35 289.49 568.65 288.55 566.59 288.67 565.01 287.4 564.25 289.17 561.24 286.68 559.59 286.85 557.39 288.97 555.69 289.48 554.54 288.98 552.3 289.89 549.95 289.12 550.99 287.3 Z"
       id="Laurel"
       fill="#f3d7d4"
       style="fill:#d75d5d;stroke:#ffffff;stroke-opacity:1;fill-opacity:1" /><path
       d="M 109.2 268.66 113.89 270.14 118.01 270.03 120.3 269.19 122.04 266.49 122.22 264.67 124.39 259.06 123.68 258 122.14 252.29 119.69 250.04 118.38 247.29 115.92 244.42 115.31 241.53 115.83 239.64 118.56 234.33 119.82 228.17 122.05 225.4 123.82 224.41 127.04 223.35 130.25 225.46 132.22 226.17 132.61 227 135.83 227.72 136.43 227.35 138.29 229.86 137.66 231.93 138.75 235.46 141.43 237.9 146.33 243.83 148.09 248.84 148.53 250.92 148.08 252.18 145.88 255.64 148.42 256.99 149.24 259.46 148.57 260.4 146.69 262.56 145.97 265.1 145.87 267.2 144.39 268.9 145.86 272.27 144.89 273.66 144.66 275.88 146.41 279.66 143.08 281.94 140.41 278.65 139.64 277.23 135.69 272.6 132.98 271.26 130.59 270.84 123.78 272.46 121.38 274.38 117.76 275.9 114.88 275.53 113.22 274.1 110.91 271.09 109.22 269.71 109.2 268.66 Z"
       id="Livingston"
       fill="#cee9e7"
       style="fill:#d75d5d;fill-opacity:1;stroke:#ffffff;stroke-opacity:1" /><path
       d="M 730.34 162.29 732.03 160.73 731.66 158.94 732.09 156.61 733.05 155.67 733.28 152.37 734.83 152.56 735.91 151.57 738.01 151.07 741.94 153.2 741.53 154.85 743.06 156.57 746.81 157.86 750 160.64 750.12 163.62 752.81 169.07 754.82 170.4 755.22 171.55 759 173.51 759.52 175.01 761.72 176.11 759.99 179.39 755.53 179.73 751.8 183.47 754.64 185.27 752.77 188.8 752.31 187.76 750.13 188 747.56 189.32 746.45 187.45 743.49 187.92 740.71 186.2 739.1 186.74 737.01 186.7 736.28 187.6 733.48 186.67 732.66 185.73 729.81 184.48 728.1 183.24 727.66 180.45 726.4 179.01 726.03 176.96 726.51 175.7 724.31 174.6 727.23 169.78 724.71 166.99 724.4 166.05 727.31 164.45 728.71 162.99 730.34 162.29 Z"
       id="Martin"
       fill="#e8c7b1"
       style="fill:#d72f30;fill-opacity:1;stroke:#ffffff;stroke-opacity:1" /><path
       d="M 592.02 85.55 599.43 90.12 613.45 83.57 621.61 80.58 622.99 81 623.43 83.4 625.07 83.55 626.71 85.24 628.51 89.37 628.36 92.92 632.79 94.65 634.15 95.6 635.02 94.8 636.88 96.44 638.05 95.98 640.92 98.11 641.52 98.95 639.81 102.48 638.58 101.92 636.83 103.32 638.07 106.55 636.71 107.73 636.38 110.58 635.47 110.87 636.18 113.33 634.51 115.78 631.3 118.15 630.93 120.31 628.74 120.71 625.37 124.06 623.3 124.87 621.82 125.6 620.84 123.15 619.43 123.65 617.99 121.5 616.87 121.7 617.37 118.85 616.49 117.34 614.63 116.56 615.25 114.47 612.48 114.91 612.99 112.51 610.42 112.38 609.24 111.27 606.5 111.47 605.82 113.21 604.69 112.85 603.59 110.43 601.75 110.29 600.98 110.99 602.28 108.32 599.9 106.18 599.94 103.96 598.66 103.86 597.13 102.79 594.97 102.03 593.82 102.85 593.22 99.82 590.26 94.7 587.03 92.58 586.58 91.79 587.98 89.36 592.02 85.55 Z"
       id="Fleming"
       fill="#f4ddd3"
       style="fill:#e38080;fill-opacity:1;stroke:#ffffff;stroke-opacity:1" /><path
       d="M 411.93 187.04 413.55 187.59 415.57 189.12 416.37 191.71 417.62 192.03 419.58 191.16 421.09 192.06 421.13 193.34 420.21 196.84 420.81 199.15 422.01 198.56 423.17 199.39 423.64 201.29 421.88 201.06 421.1 202.57 419.8 202.1 419.14 203.42 421.41 204.16 419.63 205.63 419.9 208.43 417.84 211.4 419.84 211.76 420.47 212.9 423.4 213.92 425.77 213.11 425.44 210.4 426.21 209.29 428.09 209.45 428.55 210.35 430.46 211.03 431.53 212.94 431.68 215.55 433.51 218.48 434.32 221.97 431.96 221.75 431.58 220.23 430.5 219.79 427.98 222.55 427.82 223.48 424.01 222.76 422.08 221.43 420.01 221.76 419.24 222.69 416.77 221.21 415.71 224.14 414.61 224.39 413.54 225.79 414.38 227.73 406.44 227.29 404.67 226.53 389.79 225.32 389.62 221.12 390.23 220.93 391.56 211.82 395.46 208.49 397.21 207.87 397.48 206.46 399.77 203.33 399.13 201.56 401.95 199.69 403.61 198.2 406.14 197.26 411.93 187.04 Z"
       id="Larue"
       fill="#b6a8f0"
       style="fill:#d75d5d;fill-opacity:1;stroke:#ffffff;stroke-opacity:1" /><path
       d="M 437.93 136.36 436.99 138.52 435.56 138.47 433.76 139.28 429.37 150.22 431.73 153.13 427.08 156.47 428.14 157.52 427.52 158.83 426.18 159.74 425.54 161.33 421.75 164.02 422.38 167.2 421.49 168.22 419.44 169.07 419.21 170.43 417.51 171.59 415.79 173.7 413.8 174.91 412.52 175.09 410.02 176.69 405.97 176.62 405.61 175.49 402.35 172.67 401.01 172.54 399.45 171.03 397.71 170.52 395.55 167.76 396.66 164.97 396.38 162.59 394.86 162.2 393.82 159.09 391.24 158.68 389.74 159.78 388.61 159.45 389.07 155.92 388.45 153.07 385.89 152.75 385.18 152.08 387.72 150.5 387.83 149.22 391.55 146.45 408.57 140.49 424.65 142.23 437.93 136.36 Z"
       id="Bullitt"
       fill="#e7d5a7"
       style="fill:#e38080;fill-opacity:1;stroke:#ffffff;stroke-opacity:1" /><path
       d="M 476.86 301.32 481.7 297.54 487.68 293.68 488.22 292.36 488.74 288.54 489.47 287.87 491.78 288.34 493.22 289.82 500.74 282.91 506.22 285.36 507.67 288.05 511.81 286.87 515.06 284.73 517.21 284.92 523.53 295.94 525.12 297.97 526.74 297.7 528.01 299.71 526.59 300.34 527.69 303.2 526.24 303.65 527.65 305.11 527.97 306.63 526.26 307.8 526.07 308.72 523.45 309.37 522.25 312.55 520.14 312.89 518.26 314.08 517.54 315.44 518.09 316.61 507.29 334.56 500.46 334.38 486.54 333.14 483.97 332.03 483.39 329.58 484.05 328.96 484.03 326.92 483.16 325.91 483.25 324.31 481.64 322.84 482.19 320.03 481.94 318.41 483.31 314.72 480.91 308.09 477.43 304.68 476.86 301.32 Z"
       id="Wayne"
       fill="#f1c9ad"
       style="fill:#d75d5d;fill-opacity:1;stroke:#ffffff;stroke-opacity:1" /><path
       d="M 566.42 213.16 569.23 208.56 572.32 207.55 577.7 207.28 582.43 207.54 587.78 206.15 590.71 205.05 593.37 206.08 597.02 209.98 599.21 213.24 598.99 215.28 599.68 216.14 599.45 218.53 601.48 221.89 603.07 222.32 604.17 224.18 604.18 225.36 605.37 227 607.25 232.4 609.38 234.87 610.13 235.17 609.42 237.62 606.34 237.54 602.07 240.87 600.1 240.86 600.67 242.46 599.49 243.66 599.34 245.13 598.33 246.16 598.19 247.87 596.32 246.94 594.66 247.3 593.79 248.38 587.3 248.14 581.94 246.08 581.53 244 579.93 244.19 576.54 241.15 576.41 238.73 575.24 237.55 574.25 237.82 573.31 239.68 574.14 234.73 569.86 231.13 569.84 229.66 570.85 226.92 569.76 225.78 567.63 221.8 566.86 219.08 566.08 217.98 565.96 214.65 566.42 213.16 Z"
       id="Jackson"
       fill="#a5a7e4"
       style="fill:#d72f30;stroke:#ffffff;stroke-opacity:1;fill-opacity:1" /><path
       d="M 362.08 238.96 373.37 254.79 372.58 261.09 370.66 276.02 366.55 274.98 358.29 272.9 355.55 269.3 353.11 270.21 351.56 271.7 348.91 272.34 336.67 260.55 335.1 256.37 329.49 240.67 345.02 240.04 356.68 239.29 358.37 239.96 358.6 238.42 360.69 239.42 362.08 238.96 Z"
       id="Edmonson"
       fill="#c6edcf"
       style="fill:#d75d5d;fill-opacity:1;stroke:#ffffff;stroke-opacity:1" /><path
       d="M 508.81 105.16 512.35 102.81 518.11 96.64 520.76 94.69 525.12 89.15 527.47 86.51 528.91 90.19 530.76 92.12 530.6 94.3 531.14 94.93 535.03 97.27 537.72 101.34 537.47 104.07 538.15 106.81 539.17 107.88 540.54 111.09 539.67 113.85 540.29 116.05 541.93 117.81 541.74 119.74 542.45 121.94 544.02 123.67 521.54 134.24 521.1 135.97 518.45 132.28 517.74 130.12 517.83 127.74 514.94 128.37 512.92 127.87 511.8 128.34 510.63 125.73 510.08 124.05 509.18 112.33 508.81 105.16 Z"
       id="Scott"
       fill="#abe3a6"
       style="fill:#7a97e3;fill-opacity:1;stroke:#ffffff;stroke-opacity:1" /><path
       d="M 578.97 287.29 580.54 285.45 582.08 284.57 584.18 284.47 585.08 282.9 586.9 283.54 592.86 284.24 593.62 282.88 595.27 281.77 596.57 276.41 598.35 276.9 600.49 275.49 601.88 273.88 603.3 274.04 603.5 275.48 605.83 275.32 606.11 276.92 607.06 277.56 608.93 276.61 610.92 276.37 612.11 278.87 615.23 277.43 616.54 278.6 616.2 279.93 617.76 280.35 620.05 282.46 622.89 283.75 624.21 283.69 625.54 285.33 630 286.67 631.75 286.23 632.4 288.12 634.22 289.24 633.3 290.57 632.79 292.91 629.8 294.08 628.74 295.69 627.62 295.2 626.37 296.56 626.46 298.1 624.27 298.41 623.89 299.39 622.24 299.72 621.35 301.8 619.87 302.19 619.45 303.7 616.55 305.89 612.03 306.75 610.29 309.08 610.53 310.73 609.26 312.18 609.24 313.97 607.17 314.64 607.1 316.12 606.14 318.5 604.45 319.65 603.38 318.47 602.2 322.09 593.55 317.02 593.38 314.12 592.41 312.62 590.39 312.18 591.5 310.27 590.72 307.42 589.04 307.45 588.92 306.08 586.06 305.17 585.77 303.96 584.3 302.47 584.73 301.25 582.01 300.68 581.37 295.82 579.77 293.98 580 290.24 578.97 287.29 Z"
       id="Knox"
       fill="#8e94e1"
       style="fill:#d75d5d;stroke:#ffffff;stroke-opacity:1;fill-opacity:1" /><path
       d="M 617.13 186.79 624.8 172.34 626.21 170.97 627.99 171.64 629.05 173.16 633.09 172.64 635.67 171.01 636.57 168.6 638.81 167.21 639.96 168.16 639.99 169.55 643 169.63 645.39 172.67 650.25 173.26 650.43 174.77 652.58 175.09 654.4 176.82 656.49 177.57 655.87 180.35 658.5 182.08 660.81 182.35 661.6 183.74 661.5 185.4 663.51 186.16 665.48 187.88 664.02 190.4 665.06 191.77 661.77 191.22 657.81 190.22 656.51 191.34 651.12 189.2 650.43 188.17 647.3 189.47 646.01 191.72 645.84 193.89 644.64 194.75 643.33 197.46 641.94 197.65 639.64 199.04 639.25 195.51 636.68 196.57 626.77 193.07 625.52 191.53 617.13 186.79 Z"
       id="Wolfe"
       fill="#c6a2a0"
       style="fill:#7a97e3;stroke:#ffffff;stroke-opacity:1;fill-opacity:1" /><path
       d="M 243.17 230.35 252.22 231.75 256.26 227.7 262.4 228.06 263.71 227.49 264.12 232.76 261.1 234.7 259.66 237.24 261.31 239.28 263.25 238.95 264.9 234.88 266.68 233.51 268.63 233.67 270.85 234.51 272.34 235.86 273.42 237.93 275.43 240.7 275.16 242.51 275.9 244.67 275.69 246.86 276.84 248.4 278.58 248.47 279.37 250.71 281.87 250.63 282.25 252.77 284.33 254.48 283.59 255.06 284.16 258.15 282.68 258.98 281.35 261.27 281.66 263.56 282.79 264.49 284.36 266.85 283.96 268.05 284.34 270.3 282.02 271.77 279.53 272.2 279.68 273.22 276.01 272.57 267.93 274.11 261.09 276.15 247.21 276.48 246.27 275.26 247.78 273.4 246.32 272.29 244.1 271.66 243.57 270.29 243.77 267.58 240.8 266.78 239.08 263.97 238.7 261.04 239.06 260.06 240.97 258.11 241.49 256.18 239.14 255.44 237.57 253.79 236.56 250.6 234.8 248.74 233.31 248.07 233.38 245.68 235.02 242.35 234.45 240.65 237.84 241.01 239.46 236.55 240.28 236.59 241.45 234.01 242.74 233.42 242.31 231.45 243.17 230.35 Z"
       id="Muhlenberg"
       fill="#a0abe9"
       style="fill:#e38080;fill-opacity:1;stroke:#ffffff;stroke-opacity:1" /><path
       d="M 690.94 152.42 692.03 151.01 692.16 149.63 693.23 148.42 695.92 147.68 702.68 150.28 707.24 151.41 717.3 157.86 723.59 160.8 730.34 162.29 728.71 162.99 727.31 164.45 724.4 166.05 724.71 166.99 727.23 169.78 724.31 174.6 726.51 175.7 726.03 176.96 726.4 179.01 727.66 180.45 728.1 183.24 726.72 182.44 724.82 182.64 723.44 181.4 720.99 180.93 719.4 179.73 717.97 180.33 715.22 178.93 714.88 180.82 712.92 180.34 706.76 182.7 704.14 182.83 703.61 184.14 702.04 185.58 700.83 185.85 698.32 184.29 696.92 184.73 696.12 184.29 695.59 174.49 692.14 172.5 691.43 171.58 692.22 169.25 689.72 166.2 690.25 165.04 691.82 163.95 692.44 161.63 693.74 160.3 693.97 159.03 691.8 155.47 690.94 152.42 Z"
       id="Johnson"
       fill="#9fc4c7"
       style="fill:#d75d5d;fill-opacity:1;stroke:#ffffff;stroke-opacity:1" /><path
       d="M 310.68 172.13 312.45 172.12 315.96 170.12 316.65 168.93 316.51 163.76 317.7 161.89 320.02 161.77 323.34 162.48 325.75 161.3 326.18 159.95 325 157.93 324.33 155.77 324.42 147.95 325.8 145.79 327.98 145.64 338.79 155.6 353.55 167.93 357.02 172.03 363 178.22 357.16 190.39 349.96 205.09 346.99 205.78 346.37 206.95 344.73 205.85 341.89 205.9 341.84 209.07 339.16 209.23 338.29 208.29 336.66 208.56 335.81 207.14 332.03 207.19 332.31 205.48 329.69 204.56 326.23 201.16 323.09 201.99 322.64 203.15 324.02 204.34 322.91 205.37 318.74 204.06 319.34 206.45 316.84 208.67 314.08 205.87 313.52 203.4 311.9 201.43 312.15 195.84 313.88 196.75 308.27 178.62 309.55 173 310.68 172.13 Z"
       id="Breckinridge"
       fill="#d5d6f7"
       style="fill:#e38080;fill-opacity:1;stroke:#ffffff;stroke-opacity:1" /><path
       d="M 641.52 98.95 644 98.05 645.17 96.98 646.6 97.75 647.8 100.79 649.41 102.2 650.92 104.23 650.82 105.59 653.22 106.82 653.97 109.4 653.99 111.08 655.5 113.27 656.48 115.51 657.12 119.09 657.89 121.19 660.58 122.04 661.74 123.5 663.68 123.23 663.43 124.14 665.56 125.62 667.77 125.33 667.13 126.8 666.19 131.02 663.52 131.4 661.98 133.37 658.39 136.46 654.41 137.9 653.83 139.7 652.34 140.15 650.96 139.67 649.09 141.69 648.59 143.34 646.37 142.66 644.41 143.35 644.6 144.5 642.91 145.04 642.95 146.41 641.6 146.81 639.96 144.83 641.3 143.56 637.82 142.48 639.66 140.01 641.37 140.1 641.41 138.58 635.55 137.52 635.1 135.95 635.44 133.98 633.91 133.49 631.85 134.52 632.34 131.96 630.38 130.14 628.59 130.26 627.27 132.63 625.68 131.94 625.24 128.68 627.67 126.72 624.87 126.4 623.3 124.87 625.37 124.06 628.74 120.71 630.93 120.31 631.3 118.15 634.51 115.78 636.18 113.33 635.47 110.87 636.38 110.58 636.71 107.73 638.07 106.55 636.83 103.32 638.58 101.92 639.81 102.48 641.52 98.95 Z"
       id="Rowan"
       fill="#c7f1bc"
       style="fill:#6675df;fill-opacity:1;stroke:#ffffff;stroke-opacity:1" /><path
       d="M 512.03 175.55 514.22 173.89 516.28 174.08 515.9 177.17 516.19 178.74 517.4 179.73 519.1 178.55 517.93 176.71 522.48 176.93 519.8 178.54 519.78 180.35 523.02 181.81 523.7 183.3 525.82 183.88 525.64 185.89 527.41 186.74 528.93 184.03 530.66 183.06 530.68 181.56 531.98 181.33 533.12 182.9 535.26 184.17 534.37 185.9 536.41 187.73 536.27 188.93 539.6 191.49 540.84 195.22 543.39 197.93 542.52 198.47 543.8 200.39 545.34 201.21 545.62 203.36 547.94 203.93 548.6 207.2 550.49 209.51 550.92 211.28 550.36 213.58 549.56 214.63 550.32 216.18 548.27 220.03 540.71 218.4 540.1 217.51 537.95 217.31 522.61 204.59 521.12 203.56 519.02 201.33 519.87 199.53 518.4 199.2 519.05 197.2 516.23 196.82 514.19 194.79 514.29 193.07 513.52 190.98 511.64 191.63 509.42 190.92 509.27 189 510.78 187.36 513.7 187.34 513.3 185.92 513.55 183.42 514.51 182.42 512.22 181.5 513.26 178.46 512.03 175.55 Z"
       id="Garrard"
       fill="#ccdfe7"
       style="fill:#d75d5d;fill-opacity:1;stroke:#ffffff;stroke-opacity:1" /><path
       d="M 574.41 90.19 575.93 90.77 577.38 90.4 581.91 92.52 583.18 91.87 583.95 93.5 587.03 92.58 590.26 94.7 593.22 99.82 593.82 102.85 594.97 102.03 597.13 102.79 598.66 103.86 599.94 103.96 599.9 106.18 602.28 108.32 600.98 110.99 600.82 111.04 587.87 125 587.85 121.34 585.42 122.13 582.68 121.7 579 119.52 579.98 118.94 579.53 116.75 577.12 116.4 576.68 114.99 574.69 115.05 573.46 113.85 573.3 112.65 571.62 110.55 568.04 104.01 565.14 101.85 574.41 90.19 Z"
       id="Nicholas"
       fill="#cad1f8"
       style="fill:#7a97e3;fill-opacity:1;stroke:#ffffff;stroke-opacity:1" /><path
       d="M 405.97 176.62 410.02 176.69 412.52 175.09 413.8 174.91 415.79 173.7 417.51 171.59 419.21 170.43 419.44 169.07 421.49 168.22 422.38 167.2 421.75 164.02 425.54 161.33 426.18 159.74 427.52 158.83 428.14 157.52 427.08 156.47 431.73 153.13 434.41 155.65 438.32 157.17 441.05 159.75 443.17 159.68 450.84 157.97 465.06 155.45 466.68 165.16 466.58 166.74 463.71 165.86 461.25 169.71 460.19 168.82 458.5 170.68 456.98 170.95 452.45 173.96 451.66 173.8 450.03 177.41 450.84 178.24 449.45 179.67 447.54 180.65 445.67 180.51 445.98 183.67 443.69 182.74 443.88 186.01 442.52 185.87 440.92 187.19 435.87 193.07 432.56 200.63 428.55 210.35 428.09 209.45 426.21 209.29 425.44 210.4 425.77 213.11 423.4 213.92 420.47 212.9 419.84 211.76 417.84 211.4 419.9 208.43 419.63 205.63 421.41 204.16 419.14 203.42 419.8 202.1 421.1 202.57 421.88 201.06 423.64 201.29 423.17 199.39 422.01 198.56 420.81 199.15 420.21 196.84 421.13 193.34 421.09 192.06 419.58 191.16 417.62 192.03 416.37 191.71 415.57 189.12 413.55 187.59 411.93 187.04 411.48 186.44 411.73 183.71 410.64 184.03 409.43 182.34 406.97 181.55 405.47 179.18 405.97 176.62 Z"
       id="Nelson"
       fill="#f1c1ac"
       style="fill:#7a97e3;fill-opacity:1;stroke:#ffffff;stroke-opacity:1" /><path
       d="M 527.47 86.51 531.19 84.43 533.69 83.87 534.86 84.36 535.73 79.87 538.18 81.37 538.66 80.6 540.72 80.3 542.26 76.9 543.51 77.41 563.52 74.29 563.69 76.66 562.97 78.39 565.17 78.13 566.21 77.34 568.03 77.88 567.9 79.8 566.39 80.71 565.93 85.35 568.22 84.74 569.56 87.97 570.96 87.2 573.97 88.97 574.41 90.19 565.14 101.85 556.21 109.77 553.45 109.81 552.39 111.99 549.75 113.46 547.88 112.21 546.94 114.23 542.1 113.29 541.53 114.1 539.67 113.85 540.54 111.09 539.17 107.88 538.15 106.81 537.47 104.07 537.72 101.34 535.03 97.27 531.14 94.93 530.6 94.3 530.76 92.12 528.91 90.19 527.47 86.51 Z"
       id="Harrison"
       fill="#a0eaa0"
       style="fill:#e38080;fill-opacity:1;stroke:#ffffff;stroke-opacity:1" /><path
       d="M 243.54 164.01 245.85 165.63 248.3 167.93 252.01 170.52 253.71 171.15 257.77 171.63 258.64 172.35 260.14 174.95 261.31 178.86 263.24 179.45 264.8 179.09 267.57 177 268.97 173.6 270.43 168.24 270.28 164.86 271.45 163.31 273.73 161.71 277.23 160.25 277.72 161.81 276.78 163.19 276.83 164.79 279.28 164.5 282.06 163 283.75 163.77 284.64 164.92 284.33 166.14 285.99 166.68 284.74 169.24 283.96 172.5 285.07 173.42 290.04 172.13 291.2 174.89 293.8 178.63 293.06 185.68 288.53 189.42 293.58 194.07 291.02 195.15 288.61 197.2 285.71 198.04 283.03 200.27 281.69 200.5 279.89 199.58 275.72 203.8 273.79 206.07 270.4 208.6 268.42 207.27 264.44 207.71 259.95 206.51 258.14 205.15 247.21 200.21 232.09 191.9 233.67 188.42 233.68 186.62 236.14 184.85 241.35 184.33 244.57 182 246.3 178.93 244.23 178.96 242.9 174.82 241.25 174.26 243.54 164.01 Z"
       id="Daviess"
       fill="#e9dec5"
       style="fill:#7a97e3;stroke:#ffffff;stroke-opacity:1;fill-opacity:1" /><path
       d="M 599.21 213.24 601.08 213.96 601.23 215 605.12 217.17 614.11 216 613.86 214.22 615.13 212.46 618.38 214.14 620.58 213.53 622.94 210.23 624.5 209.61 625.73 210.08 626.13 212.01 630.08 214.09 631.16 214.05 632.28 217.85 633.89 219.12 634.42 221.92 633.94 222.88 635.15 224.53 635.41 228.05 634.74 231.59 636.11 233.99 634.98 236.49 635.26 238.83 634.7 242.69 637.75 244.66 637.39 246.39 635.84 245.21 633.72 245.19 630.71 242.26 628.63 240.99 627.23 239.25 627.25 237.98 625.45 235.44 622.33 234.05 621.29 236.46 617.17 236.32 610.13 235.17 609.38 234.87 607.25 232.4 605.37 227 604.18 225.36 604.17 224.18 603.07 222.32 601.48 221.89 599.45 218.53 599.68 216.14 598.99 215.28 599.21 213.24 Z"
       id="Owsley"
       fill="#cfdbb3"
       style="fill:#e38080;fill-opacity:1;stroke:#ffffff;stroke-opacity:1" /><path
       d="M 578.08 169.65 578.59 173.43 581.97 171.08 582.36 172.11 586.25 171.53 587.15 170 590.33 170.53 590.61 173.56 590.36 176.37 595.8 180.64 599.47 182.49 600.58 182.42 604.27 180.67 605.12 183.14 607.04 181.72 609.54 181.18 610.71 183.7 612.87 184.87 615.56 185.19 615.66 186.83 612.8 187.1 611.72 188.75 610.22 189.47 609.63 190.71 607.42 192.11 606.63 193.43 605.19 194.06 606.93 197.56 604.39 197.58 601.64 199.6 601.8 201.18 597.02 209.98 593.37 206.08 590.71 205.05 587.78 206.15 582.43 207.54 577.7 207.28 575.3 202.15 573.72 197.36 575.19 195.53 576.88 194.78 576.37 192.61 577.16 191.51 577.2 186.54 576.74 185.02 578.24 183.29 577.35 182.36 578.11 180.91 575.47 179.83 578.87 176.45 578.54 175.44 576.21 174.6 574.74 175.97 573.87 175.67 575.89 171.36 577.61 171.32 578.08 169.65 Z"
       id="Estill"
       fill="#dbf1e7"
       style="fill:#e38080;fill-opacity:1;stroke:#ffffff;stroke-opacity:1" /><path
       d="M 178.79 162.19 181.18 159.2 182.46 158.83 184.51 159.79 186.04 162.49 187.13 163.45 187.88 165.22 188.82 165.73 193.32 165.82 195.83 164.01 198.38 163.55 201.22 163.71 203.7 162.56 205.78 163.56 205.74 165.65 204.14 168.75 204.34 171.33 205.02 172.29 207.77 172.77 210.95 172.03 213.63 168.6 214.32 166.79 214.02 165.16 210.59 162.1 209.89 160.17 210.85 158.06 212.28 156.56 212.75 153.79 214.52 153.39 215.42 154.31 215.73 157.09 217.84 159.91 221.92 162.48 223.45 161.89 226.76 159 229.66 157.67 232.2 157.65 235.07 158.62 239.22 162.17 241.82 162.96 243.54 164.01 241.25 174.26 242.9 174.82 244.23 178.96 246.3 178.93 244.57 182 241.35 184.33 236.14 184.85 233.68 186.62 233.67 188.42 232.09 191.9 230.81 193.63 228.95 193.5 225.35 194.23 222.97 196.45 207.46 196.84 198.04 197.16 196.02 192.79 196.44 191.91 196.09 185.39 195.07 182.44 195.54 181.06 193.92 180.4 192.55 181.83 191.65 181 191.66 179.39 189.53 179.93 178.79 162.19 Z"
       id="Henderson"
       fill="#b1d9cd"
       style="fill:#7a97e3;fill-opacity:1;stroke:#ffffff;stroke-opacity:1" /><path
       d="M 634.98 236.49 636.09 237.04 639.62 234.54 642.24 230.78 645.55 231.51 649.84 235.54 652.32 235.56 653.66 232.93 655.82 232.37 657.35 230 659.62 230.21 660.43 229.09 663.81 227.33 669.4 221.31 670.74 222.99 671.07 225.05 672.79 225.69 678.97 226.1 680.5 234.25 680.77 237.09 680.17 238.5 679.17 244.01 679.36 245.62 680.4 247.61 681.98 248.25 685.2 246.45 685.56 248.68 687 250.68 689.23 250.49 692.08 251.85 692.75 253.15 691.08 255.59 688.87 257.23 689.18 258.3 686.7 263.89 687.8 266.86 688.94 268.44 687.28 271.47 685.64 272.94 687.94 275.16 687.74 276.57 685.21 277.9 682.68 279.98 680.7 279.04 679.15 278.67 676.56 276.57 674.32 276.58 673.77 274.86 674.69 271.08 675.83 269.97 675.39 265.89 672.76 265.08 671.48 262.52 669.22 261.25 669.15 259.22 670.69 257.79 670.37 256.36 666.66 253.96 666.03 252.79 664.04 253.11 662.64 251.17 661.4 251.55 660.07 249.59 658.67 250.18 656.5 245.64 657.13 243.98 655.45 242.58 655.59 241.07 653.18 239.85 651.83 239.87 650.69 238.45 649.47 238.79 647.21 240.66 646.14 242.38 644.17 241.59 643.05 241.96 641.54 244.53 641.93 247.17 640.23 248.11 639.45 249.31 638.54 246.59 637.39 246.39 637.75 244.66 634.7 242.69 635.26 238.83 634.98 236.49 Z"
       id="Perry"
       fill="#8cd4d9"
       style="fill:#7a97e3;fill-opacity:1;stroke:#ffffff;stroke-opacity:1" /><path
       d="M 471.86 146.82 473.74 146.31 474.94 144.11 476.9 141.78 476.69 140.62 478.2 136.01 479.84 134.72 481.53 134.64 485.68 135.96 486.66 137.19 490.69 138.5 491.87 139.26 493.98 138.8 496.28 136.17 496.28 138.86 497.27 139.67 498.66 138.37 499.92 139.33 500.21 140.59 498.61 142.3 500.29 143.54 498.56 144.57 498.01 145.77 499.89 147.47 499.29 150.45 501.38 151.45 500.74 153.76 501.32 154.94 503.58 155.35 497.52 157.86 494.55 159.4 492.64 159.61 491.88 158.2 489.42 157.57 487.02 158.66 486.91 159.82 485.26 160.06 484.68 162.73 483.83 164.02 481.76 165.05 480.23 166.53 479.37 165.87 477.51 165.32 476.36 166.04 473.37 166.43 471.44 165.62 471.5 163.61 469.54 162.72 468.14 165.95 466.68 165.16 465.06 155.45 465.2 153.39 468.03 151.98 469.63 150.33 469.31 149.06 471.08 148.15 471.86 146.82 Z"
       id="Anderson"
       fill="#e8e1ac"
       style="fill:#e38080;fill-opacity:1;stroke:#ffffff;stroke-opacity:1" /><path
       d="M 593.79 248.38 594.66 247.3 596.32 246.94 598.19 247.87 598.33 246.16 599.34 245.13 599.49 243.66 600.67 242.46 600.1 240.86 602.07 240.87 606.34 237.54 609.42 237.62 610.13 235.17 617.17 236.32 621.29 236.46 622.33 234.05 625.45 235.44 627.25 237.98 627.23 239.25 628.63 240.99 630.71 242.26 633.72 245.19 635.84 245.21 637.39 246.39 638.54 246.59 639.45 249.31 637.26 249.97 639.84 253.46 635.12 258.38 635.27 264.73 636.99 266.79 636.02 269.79 636.69 271.12 636.08 273.96 638.7 277.48 639.87 279.77 638.61 280.47 640.26 288.3 631.75 286.23 630 286.67 625.54 285.33 624.21 283.69 622.89 283.75 620.05 282.46 617.76 280.35 616.2 279.93 616.54 278.6 615.23 277.43 612.11 278.87 610.92 276.37 608.93 276.61 607.06 277.56 606.11 276.92 605.83 275.32 603.5 275.48 603.3 274.04 601.88 273.88 600.11 271.26 601.64 270.53 602.71 269.08 602.23 267.43 600.21 265.54 598.34 266.65 596.06 266.54 595.23 264.35 593.55 261.32 591.33 258.36 592.66 257.44 594.21 254.09 593.79 248.38 Z"
       id="Clay"
       fill="#f5e3cd"
       style="fill:#d75d5d;fill-opacity:1;stroke:#ffffff;stroke-opacity:1" /><path
       d="M 335.61 312.17 350.68 299.55 350.37 296.9 351.88 297.14 354.61 294.39 356.03 295.57 357.04 294.3 356.32 292.44 357.24 291.43 358.54 293.23 360.89 291.62 361.53 292.91 359.89 294.27 361.82 295.23 362.95 292.18 364.21 292.19 363.49 294.32 365.28 296.7 367.05 297.73 368.16 296 371 295.87 370.22 297.12 371.01 299.1 370.18 302.06 370.8 303.42 372.52 305.3 371.42 306.24 371.01 308.48 372.46 308.04 374.71 311.82 372.96 312.86 375.12 313.92 378.11 314.67 380.15 316.92 380.78 319.4 380.72 320.29 383.66 327.41 383.53 328.8 382.31 329.71 381.17 331.75 374.85 331.49 369.66 331.02 357.46 330.24 347.36 329.4 343.17 328.93 334.9 328.64 334.41 326.68 334.63 322 335.26 319.43 334.71 319.13 335.61 312.17 Z"
       id="Allen"
       fill="#c8e9c4"
       style="fill:#d72f30;fill-opacity:1;stroke:#ffffff;stroke-opacity:1" /><path
       d="M 190.37 230.95 189.23 232.94 188.99 234.7 188.82 235.75 186.83 236.06 186.49 237.2 184.89 238.8 187.76 240.81 188.19 238.97 190.6 239.29 189.5 242.23 190.9 242.78 190.4 245.55 190.71 247.28 189.68 248.81 191.21 250.25 192.98 252.69 192.61 254.78 196.73 255.5 197.25 256.85 198.94 257.47 200.49 260.14 202.33 261.4 198.8 278.07 196.39 280.57 193 284.09 183.14 287.02 181.18 285.74 171.21 271.44 164.5 257.19 158.92 256.41 160.21 255.86 159.66 252.87 160.63 252.2 159.71 250.87 162.71 249.7 163.64 248.92 189.58 231.52 190.37 230.95 Z"
       id="Caldwell"
       fill="#f1f2cb"
       style="fill:#d75d5d;fill-opacity:1;stroke:#ffffff;stroke-opacity:1" /><path
       d="M 687.34 146.88 689.31 144.61 689.3 143.21 692.99 140.81 694.03 141.1 695.42 139.14 695.36 137.39 696.5 136.6 697.86 134.49 700.72 132.73 698.79 130.01 698.58 126.91 696.76 124.55 699.55 123.45 700.91 121.68 704.02 122.35 705.97 120.34 707.08 119.91 708.2 118.3 706.98 117.27 708.29 115.89 709.97 115.13 710.75 114.97 713.27 116.22 717.24 114.9 719.04 113.65 719.67 112.44 726.33 111.56 728.44 111.6 729.53 114.03 728.77 115.72 729.18 117.14 730.3 117.92 730.29 120.57 729.17 123.98 726.3 124.13 726.63 128.33 728.32 129.2 728.36 130.34 729.88 130.61 732.1 132.35 732.35 134.48 735.83 136.97 737.28 141.31 738.66 142.7 739.96 146.22 742.57 146.16 743.19 148.09 745.09 147.94 744.59 151.33 742.96 153.19 741.94 153.2 738.01 151.07 735.91 151.57 734.83 152.56 733.28 152.37 733.05 155.67 732.09 156.61 731.66 158.94 732.03 160.73 730.34 162.29 723.59 160.8 717.3 157.86 707.24 151.41 702.68 150.28 695.92 147.68 693.23 148.42 692.16 149.63 692.03 151.01 690.94 152.42 688.66 151.71 687.08 148.94 687.34 146.88 Z"
       id="Lawrence"
       fill="#c9dfd9"
       style="fill:#d75d5d;fill-opacity:1;stroke:#ffffff;stroke-opacity:1" /><path
       d="M 284.33 254.48 285.79 253.15 286.01 251.51 287.25 250.02 289.19 249.54 289.74 247.92 291.18 246.42 292.89 242.39 293.1 239.47 294.78 238.59 297.48 239.74 297.94 241.84 299.09 242.62 314.63 230.84 327.65 235.23 329.49 240.67 335.1 256.37 336.67 260.55 335.66 260.84 334.85 262.74 332.09 261.09 331.92 262.6 329.51 262.65 328.98 260.96 326.49 257.75 324.44 258.28 321.81 259.63 320.67 259.59 317.62 258.41 313.73 258.53 313.15 259.72 314.13 260.76 313.82 263.42 307.6 282.61 289.73 274.98 279.68 273.22 279.53 272.2 282.02 271.77 284.34 270.3 283.96 268.05 284.36 266.85 282.79 264.49 281.66 263.56 281.35 261.27 282.68 258.98 284.16 258.15 283.59 255.06 284.33 254.48 Z"
       id="Butler"
       fill="#e0e6ec"
       style="fill:#d75d5d;fill-opacity:1;stroke:#ffffff;stroke-opacity:1" /><path
       d="M 531.98 181.33 532.35 180.21 535.04 179.22 537.05 177 538.53 176.79 536.07 171.94 537.32 170.3 538.27 171.47 540.05 171.92 541.19 171.01 542.63 168.09 543.74 167.82 545.62 170.91 548.07 170.01 548.35 168.79 546.51 164.82 547.01 163.8 548.54 164.44 550.94 166.31 551.31 164.99 555.14 163.29 558 161.54 559.19 164.49 558.78 166.29 561.67 165.44 563.34 167.42 565.15 167.59 566.96 166.41 568.47 166.93 568.96 168.51 573.07 167.89 574.39 169.77 577.21 168.67 578.08 169.65 577.61 171.32 575.89 171.36 573.87 175.67 574.74 175.97 576.21 174.6 578.54 175.44 578.87 176.45 575.47 179.83 578.11 180.91 577.35 182.36 578.24 183.29 576.74 185.02 577.2 186.54 577.16 191.51 576.37 192.61 576.88 194.78 575.19 195.53 573.72 197.36 575.3 202.15 577.7 207.28 572.32 207.55 569.23 208.56 566.42 213.16 563.83 212.63 560.81 213.21 559.22 214.23 558.22 213.19 555.74 213.26 553.5 211.24 550.92 211.28 550.49 209.51 548.6 207.2 547.94 203.93 545.62 203.36 545.34 201.21 543.8 200.39 542.52 198.47 543.39 197.93 540.84 195.22 539.6 191.49 536.27 188.93 536.41 187.73 534.37 185.9 535.26 184.17 533.12 182.9 531.98 181.33 Z"
       id="Madison"
       fill="#abea9a"
       style="fill:#7a97e3;stroke:#ffffff;stroke-opacity:1;fill-opacity:1" /><path
       d="M 720.44 242.35 721.25 241.08 722.67 240.47 723.75 239.75 724.39 237.67 726.59 237.52 726.8 235.61 728.53 231.6 727.26 230.43 726.97 229.21 728.23 227.82 730.85 227.68 731.84 226.64 732.39 224 733.67 221.22 733.38 220.21 734.74 218.91 735.06 216.21 734.47 215.29 733.53 211.58 730.83 211.5 731.03 208.37 732.86 193.3 731.25 190.9 731.04 189.68 732.73 188.52 736.28 187.6 737.01 186.7 739.1 186.74 740.71 186.2 743.49 187.92 746.45 187.45 747.56 189.32 750.13 188 752.31 187.76 752.77 188.8 754.64 185.27 751.8 183.47 755.53 179.73 759.99 179.39 761.56 180.37 761.83 181.87 764.09 186.43 764.35 188.48 765.58 187.73 766.71 189.27 768.29 190.14 770.01 189.44 771.54 190.49 772.99 194.1 775.83 193.57 775.22 191.54 776.6 190.84 777.12 193.17 776.29 193.72 779.06 198.12 781.6 197.95 782.51 200.13 781.35 201.83 781.71 203.26 784.63 202.18 785.17 203.13 787.95 202.73 788.96 205.07 792.67 204.82 794.92 205.25 798.73 203.41 799 204.51 790.66 212.4 783.22 219.68 775.45 226.82 763.91 237.78 763.06 239.35 761.79 239.85 760.39 241.56 757.04 242.59 752.11 244.52 750.22 244.96 745.1 247.36 742.94 249.29 739.81 250.5 738.27 251.65 737.14 250.41 735.19 249.49 734.57 247.63 731.39 245.1 729.9 245.5 728.83 246.78 726.97 247.94 724.59 247.11 723.68 246.13 723.94 244.35 721.44 243.33 720.44 242.35 Z"
       id="Pike"
       fill="#ddefea"
       style="fill:#e38080;fill-opacity:1;stroke:#ffffff;stroke-opacity:1" /><path
       d="M 644.6 144.5 644.41 143.35 646.37 142.66 648.59 143.34 649.09 141.69 650.96 139.67 652.34 140.15 653.83 139.7 654.41 137.9 658.39 136.46 661.98 133.37 662.24 135.09 661.36 139.45 661.74 140.78 663.58 141.88 665.36 141.62 666.42 142.63 666.64 144.82 669.48 146.91 671.33 146.57 673.88 146.82 675.52 147.58 678.27 147.55 679.09 146.76 683.52 147.14 684.64 148.3 687.34 146.88 687.08 148.94 688.66 151.71 690.94 152.42 691.8 155.47 693.97 159.03 693.74 160.3 692.44 161.63 691.82 163.95 690.25 165.04 689.72 166.2 687.94 165.11 687.82 164.17 685.98 163.03 685.74 164.61 684.27 164.93 680.81 162.38 676.95 161.92 676.45 162.19 678.43 165.88 672.25 170.31 671.82 171.66 670.4 172.28 668.78 172.06 667.01 175.15 662.46 179.08 665.3 181.9 663.61 184.43 663.51 186.16 661.5 185.4 661.6 183.74 660.81 182.35 658.5 182.08 655.87 180.35 656.49 177.57 654.4 176.82 652.58 175.09 650.43 174.77 650.25 173.26 645.39 172.67 643 169.63 639.99 169.55 639.96 168.16 638.81 167.21 638.35 165.57 638.62 163.45 643.81 156.52 644.6 144.5 Z"
       id="Morgan"
       fill="#b1dec6"
       style="fill:#e38080;stroke:#ffffff;stroke-opacity:1;fill-opacity:1" /><path
       d="M 528.01 299.71 544.83 289.02 548.44 288.15 549.92 286.89 550.99 287.3 549.95 289.12 552.3 289.89 554.54 288.98 555.69 289.48 557.39 288.97 556.03 290.79 556.75 293.37 554.91 295.45 555.59 297.78 554.64 298.81 554.62 300.94 553.32 304.85 551.56 306.47 552.65 307.56 552.18 310.72 553.5 311.52 554.22 313.51 555.11 313.56 555.38 319.19 556.86 324.27 558.93 327.63 560.75 329.83 564.17 332.47 565.52 335.23 560.88 335.34 542.74 335.06 532.15 335.18 523.51 334.86 507.29 334.56 518.09 316.61 517.54 315.44 518.26 314.08 520.14 312.89 522.25 312.55 523.45 309.37 526.07 308.72 526.26 307.8 527.97 306.63 527.65 305.11 526.24 303.65 527.69 303.2 526.59 300.34 528.01 299.71 Z"
       id="McCreary"
       fill="#cbe8db"
       style="fill:#d72f30;fill-opacity:1;stroke:#ffffff;stroke-opacity:1" /><path
       d="M 316.84 208.67 319.34 206.45 318.74 204.06 322.91 205.37 324.02 204.34 322.64 203.15 323.09 201.99 326.23 201.16 329.69 204.56 332.31 205.48 332.03 207.19 335.81 207.14 336.66 208.56 338.29 208.29 339.16 209.23 341.84 209.07 341.89 205.9 344.73 205.85 346.37 206.95 346.99 205.78 349.96 205.09 350.7 206.26 353.13 204.39 354.39 207.52 355.2 206.71 357.89 208.12 358.24 208.8 363.72 209.61 363.98 209.01 366.73 208.62 368.03 210.8 371.93 216.41 372.19 218.77 373.21 220.23 372.31 221.05 371.57 223.03 373.63 224.02 374.51 230.07 372.95 231.32 371.68 233.74 371.82 235.34 370.87 237.37 367.89 238.16 367.17 239.25 365.95 237.58 362.23 237.75 362.08 238.96 360.69 239.42 358.6 238.42 358.37 239.96 356.68 239.29 345.02 240.04 329.49 240.67 327.65 235.23 314.63 230.84 309.61 211.54 309.32 209.61 311.18 209.77 311.64 208.76 313.45 208.43 315.06 211.37 318.48 210.07 316.84 208.67 Z"
       id="Grayson"
       fill="#b0d0de"
       style="fill:#d75d5d;fill-opacity:1;stroke:#ffffff;stroke-opacity:1" /><path
       d="M 557.39 288.97 559.59 286.85 561.24 286.68 564.25 289.17 565.01 287.4 566.59 288.67 568.65 288.55 570.35 289.49 572.66 287.47 572.76 285.89 575.39 285.48 578.97 287.29 580 290.24 579.77 293.98 581.37 295.82 582.01 300.68 584.73 301.25 584.3 302.47 585.77 303.96 586.06 305.17 588.92 306.08 589.04 307.45 590.72 307.42 591.5 310.27 590.39 312.18 592.41 312.62 593.38 314.12 593.55 317.02 602.2 322.09 602.1 323 598.11 325.57 597.22 325.67 594 327.73 594.27 328.89 596.58 331.17 597.44 333.28 596.84 335.26 590.8 335.12 565.52 335.23 564.17 332.47 560.75 329.83 558.93 327.63 556.86 324.27 555.38 319.19 555.11 313.56 554.22 313.51 553.5 311.52 552.18 310.72 552.65 307.56 551.56 306.47 553.32 304.85 554.62 300.94 554.64 298.81 555.59 297.78 554.91 295.45 556.75 293.37 556.03 290.79 557.39 288.97 Z"
       id="Whitley"
       fill="#dedfee"
       style="fill:#d75d5d;fill-opacity:1;stroke:#ffffff;stroke-opacity:1" /><path
       d="M 642.42 293.9 644.94 294.62 650.98 294.37 652.17 292.35 651.54 290.96 653.39 289.62 659.71 287.52 663.06 285.93 666.33 283.64 668.4 281.41 669.33 279.13 673.76 278.62 674.32 276.58 676.56 276.57 679.15 278.67 680.7 279.04 680.28 280.31 679.06 280.53 677.5 282.99 677.9 285.27 686.58 281.98 689.6 281 691.24 281.84 693.07 279.69 697.13 278.45 699.87 276.62 707.36 281.77 707.29 282.91 708.82 284.58 708.29 286.32 708.52 288.16 706.76 290.48 707.56 291.27 706.62 292.96 700.6 296 699.12 296.2 697.2 297.36 694.25 297.59 693.47 298.76 691.25 297.83 689.09 298.38 686.45 298.09 686.22 299.89 683.47 301.52 683.87 303.45 681.79 306.75 680.33 307.62 681.02 311.85 680.14 312.89 677.51 313.39 674.02 313.53 671.38 314.68 664.29 317.17 662.26 317.54 658.54 318.96 654.02 321 653.03 322.31 650.12 323.62 646.19 324.04 646.25 319.78 644.03 318.19 641.77 315.18 642.73 312.05 643.2 308.58 640.39 305.5 643.42 299.94 642.1 298.09 641.71 295.46 642.42 293.9 Z"
       id="Harlan"
       fill="#f1dcdb"
       style="fill:#d75d5d;fill-opacity:1;stroke:#ffffff;stroke-opacity:1" /><path
       d="M 373.63 224.02 389.79 225.32 404.67 226.53 406.44 227.29 414.38 227.73 414.92 231.68 413.04 233.37 411.44 235.69 410.21 243.49 411.78 245.24 412.13 250.28 411.36 259.14 405.31 260.8 399.23 261.68 393.48 263.24 388.3 263.59 381.74 262.57 379.31 262.43 372.58 261.09 373.37 254.79 362.08 238.96 362.23 237.75 365.95 237.58 367.17 239.25 367.89 238.16 370.87 237.37 371.82 235.34 371.68 233.74 372.95 231.32 374.51 230.07 373.63 224.02 Z"
       id="Hart"
       fill="#e9a987"
       style="fill:#d75d5d;fill-opacity:1;stroke:#ffffff;stroke-opacity:1" /><path
       d="M 689.72 166.2 692.22 169.25 691.43 171.58 692.14 172.5 695.59 174.49 696.12 184.29 696.92 184.73 696.54 189.78 696.95 190.93 699.42 192.84 700.98 194.68 701.22 200.55 702.03 201.35 701.49 202.88 702.92 204.45 702.89 207.14 702.24 211.04 700.92 213.09 701.06 214.1 699.42 214.8 697.78 214.45 696.95 212.7 696.71 211.49 694.79 210.43 691.8 209.55 691.3 207.32 689.46 206.07 689.45 204.42 690.28 203.24 688.39 201.6 687.23 202.34 684.29 199.36 682.36 196.51 679.22 199.01 677.19 199.71 676.35 198.09 674.32 196.27 672.19 194.96 669.64 194.91 667.24 193.5 666.23 191.96 665.06 191.77 664.02 190.4 665.48 187.88 663.51 186.16 663.61 184.43 665.3 181.9 662.46 179.08 667.01 175.15 668.78 172.06 670.4 172.28 671.82 171.66 672.25 170.31 678.43 165.88 676.45 162.19 676.95 161.92 680.81 162.38 684.27 164.93 685.74 164.61 685.98 163.03 687.82 164.17 687.94 165.11 689.72 166.2 Z"
       id="Magoffin"
       fill="#cbdae2"
       style="fill:#7a97e3;stroke:#ffffff;stroke-opacity:1;fill-opacity:1" /><path
       d="M 683.69 52.71 683.98 53.22 683.05 56.17 684.55 58.31 683.57 58.79 683.16 60.64 681.63 61.75 681.59 64.05 680.01 64.85 680.12 66.56 679.01 67.95 680.07 69.92 677.87 72.78 677 75.39 675.61 77.42 672.53 78.66 672.43 79.69 670.56 81.47 670.59 82.16 668.76 83.3 667.27 88.83 666.02 89.64 663.6 93.85 664.25 99.94 663.59 101.81 664.34 104 662.89 105.1 659.3 106.05 658.13 105.34 654.8 105.45 653.22 106.82 650.82 105.59 650.92 104.23 649.41 102.2 647.8 100.79 646.6 97.75 645.17 96.98 644 98.05 641.52 98.95 640.92 98.11 638.05 95.98 636.88 96.44 635.02 94.8 634.15 95.6 632.79 94.65 628.36 92.92 628.51 89.37 626.71 85.24 625.07 83.55 623.43 83.4 622.99 81 621.61 80.58 623.13 69.26 620.95 66.03 621.7 62.13 622.69 60.36 624.5 59.58 628.58 58.45 630.6 57.63 633.49 57 637.07 58.61 639.01 60.48 641.19 61.13 643.95 61.29 649.47 62.44 652.25 64.06 654.12 65.99 654.69 68.78 657.13 70.37 657.91 70 659.91 67.28 662 66.05 663.37 66.14 666.35 67.48 671.48 67.07 673.35 65.32 674.54 61.68 676.5 59.25 678.39 58.7 681.53 56.68 683.69 52.71 Z"
       id="Lewis"
       fill="#c4dabe"
       style="fill:#d75d5d;stroke:#ffffff;stroke-opacity:1;fill-opacity:1" /><path
       d="M 428.55 210.35 432.56 200.63 435.87 193.07 440.92 187.19 442.06 189.44 443.83 191.22 444.32 192.85 443.85 194.66 445.34 195.44 447.32 197.55 450.39 197.49 456.05 200.2 479.67 200 478.77 211.29 478.41 217.21 478.54 222.33 478.39 227.83 475.34 228.57 473.82 227.96 469.56 223.42 468.07 224.2 465.29 222.03 462.47 224.25 459.81 224.59 457.32 227.8 454.6 228.22 452.95 225.67 448.47 222.47 445.89 221.22 443.18 221.95 441.14 220.83 438.59 220.8 434.32 221.97 433.51 218.48 431.68 215.55 431.53 212.94 430.46 211.03 428.55 210.35 Z"
       id="Marion"
       fill="#f7e0c1"
       style="fill:#7a97e3;fill-opacity:1;stroke:#ffffff;stroke-opacity:1" /><path
       d="M 474.13 73.41 475.63 71.54 479.28 71.1 480.44 70.02 480.14 68.74 482.57 68.9 484.37 68.12 484.84 66.52 486.38 65.92 488.22 66.22 488.45 64.74 489.38 63.25 491.42 63.76 491.56 62.56 493.2 62.59 496.09 59.58 497.63 60.1 499.07 58.16 500.86 58.08 503.65 56.94 504.97 70.29 515.36 78.5 514.83 79.01 517.08 81.4 519.35 85.31 520.35 87.62 523.03 88.13 525.12 89.15 520.76 94.69 518.11 96.64 512.35 102.81 508.81 105.16 503.38 107.02 501.79 105.64 499.82 105.76 498.56 104.76 495.41 104.73 495.62 103.16 492.92 102.32 492.57 100.45 494.33 96.94 492.71 95.82 489.73 95.02 489.86 93.49 491.24 92.62 490.71 90.99 489.26 90.98 488.32 92.51 488.41 94.94 487.15 95.69 485.76 94.28 486.91 91.66 486.37 89.48 483.07 87.74 482.71 86.67 484.24 84.33 483.42 83.63 481.15 84.24 480.11 85.45 478.81 84.67 480.41 81.16 480.89 78.05 477.44 76.4 475.71 77.61 474.01 75.88 474.13 73.41 Z"
       id="Owen"
       fill="#d2eab4"
       style="fill:#e38080;fill-opacity:1;stroke:#ffffff;stroke-opacity:1" /><path
       d="M 521.1 135.97 521.54 134.24 544.02 123.67 546.43 123.18 547.64 125.1 548.51 125.32 548.91 127.51 547.02 130.22 547.42 130.77 547.62 134.37 546.53 136.32 548.5 137.92 552.01 139.7 553.58 139.41 556.13 140.84 556.23 141.96 556.47 145.49 555.66 146.39 556.73 148.24 552.64 150.69 552.65 155.4 553.14 157.59 551.74 157.85 550.96 159.78 550.3 163.99 551.31 164.99 550.94 166.31 548.54 164.44 547.01 163.8 546.51 164.82 548.35 168.79 548.07 170.01 545.62 170.91 543.74 167.82 542.63 168.09 541.19 171.01 541.29 168.27 540.31 166.58 539.32 162.94 537.38 161.53 536.46 158.88 524.7 152.97 517.62 150.77 517.88 148.93 521.1 135.97 Z"
       id="Fayette"
       fill="#dbdaf1"
       style="fill:#574bdf;stroke:#ffffff;stroke-opacity:1;fill-opacity:1" /><path
       d="M 639.45 249.31 640.23 248.11 641.93 247.17 641.54 244.53 643.05 241.96 644.17 241.59 646.14 242.38 647.21 240.66 649.47 238.79 650.69 238.45 651.83 239.87 653.18 239.85 655.59 241.07 655.45 242.58 657.13 243.98 656.5 245.64 658.67 250.18 660.07 249.59 661.4 251.55 662.64 251.17 664.04 253.11 666.03 252.79 666.66 253.96 670.37 256.36 670.69 257.79 669.15 259.22 669.22 261.25 671.48 262.52 672.76 265.08 675.39 265.89 675.83 269.97 674.69 271.08 673.77 274.86 674.32 276.58 673.76 278.62 669.33 279.13 668.4 281.41 666.33 283.64 663.06 285.93 659.71 287.52 653.39 289.62 651.54 290.96 652.17 292.35 650.98 294.37 644.94 294.62 642.42 293.9 640.95 292.57 642.41 291.81 641.88 290.74 640.04 289.65 640.26 288.3 638.61 280.47 639.87 279.77 638.7 277.48 636.08 273.96 636.69 271.12 636.02 269.79 636.99 266.79 635.27 264.73 635.12 258.38 639.84 253.46 637.26 249.97 639.45 249.31 Z"
       id="Leslie"
       fill="#bed3f0"
       style="fill:#d75d5d;fill-opacity:1;stroke:#ffffff;stroke-opacity:1" /><path
       d="M 589.72 159.25 590.38 158.84 595.79 160.97 598.06 160.95 598.88 162.44 601.58 162.69 604.1 162.16 605.75 162.53 608.86 161.83 610.24 160.46 611.57 160.98 611.29 162.23 612.39 163.46 620.84 168.89 621.41 171.1 623.06 171.3 624.8 172.34 617.13 186.79 615.66 186.83 615.56 185.19 612.87 184.87 610.71 183.7 609.54 181.18 607.04 181.72 605.12 183.14 604.27 180.67 600.58 182.42 599.47 182.49 595.8 180.64 590.36 176.37 590.61 173.56 590.33 170.53 587.15 170 586.25 171.53 584.3 169.08 585.78 168.06 586.71 166.21 586.51 165 587.33 163.35 587.11 161 589.72 159.25 Z"
       id="Powell"
       fill="#bebcdd"
       style="fill:#7a97e3;stroke:#ffffff;stroke-opacity:1;fill-opacity:1" /><path
       d="M 680.7 279.04 682.68 279.98 685.21 277.9 687.74 276.57 687.94 275.16 685.64 272.94 687.28 271.47 688.94 268.44 687.8 266.86 686.7 263.89 689.18 258.3 688.87 257.23 691.08 255.59 692.75 253.15 694.42 254.15 695.22 256 697.15 253.77 699.88 252.02 702.24 251.49 703.79 250.31 704.11 249.11 705.67 248 705.7 246.67 707.99 244.81 710.04 244.35 711.33 243.01 713.26 243.93 714.46 243.4 716.98 243.53 720.44 242.35 721.44 243.33 723.94 244.35 723.68 246.13 724.59 247.11 726.97 247.94 728.83 246.78 729.9 245.5 731.39 245.1 734.57 247.63 735.19 249.49 737.14 250.41 738.27 251.65 735.5 253.49 732.19 256.21 731.33 257.38 729.43 257.75 726.88 260.06 726.05 259.97 722.19 262.15 722.24 266.76 721.87 268.35 722.44 270.31 722.08 272.4 720.26 272.55 719.87 274.68 718.69 274.44 716.36 277.02 712.12 277.7 709.86 280.43 708.94 280.28 707.36 281.77 699.87 276.62 697.13 278.45 693.07 279.69 691.24 281.84 689.6 281 686.58 281.98 677.9 285.27 677.5 282.99 679.06 280.53 680.28 280.31 680.7 279.04 Z"
       id="Letcher"
       fill="#c0bbdd"
       style="fill:#7a97e3;stroke:#ffffff;stroke-opacity:1;fill-opacity:1" /><path
       d="M 52.55 284.08 53.45 283.98 54.21 286.95 55.61 287.89 56.93 285.33 58.09 286.53 60.93 286.42 64.2 287.71 71.82 285.17 73.21 285.35 75.92 284.85 78.69 283.9 80.14 284.48 82.51 283.78 82.8 284.74 82.02 307.51 62.13 307.04 55.27 306.64 55.91 304.8 51.5 303.29 49.41 304.79 46.02 304.16 43.84 301.7 43.8 298.54 44.41 297.45 46.54 296.64 48.18 296.6 50.51 291.44 51.53 287.18 52.55 284.08 Z"
       id="Carlisle"
       fill="#a1b2e8"
       style="fill:#d75d5d;fill-opacity:1;stroke:#ffffff;stroke-opacity:1" /><path
       d="M 82.02 307.51 82.8 284.74 93.68 285.16 94.67 285.66 104.29 285.99 107.13 285.96 117.33 286.44 116.42 311.57 115.11 344.24 109.18 343.96 80.48 342.93 81.04 325.4 81.31 319.33 81.28 309.75 82.02 307.51 Z"
       id="Graves"
       fill="#a4d6a4"
       style="fill:#d75d5d;fill-opacity:1;stroke:#ffffff;stroke-opacity:1" /><path
       d="M 475.34 228.57 478.39 227.83 478.54 222.33 478.41 217.21 478.77 211.29 481.53 210.48 482.41 211.06 482.69 212.78 493.55 212.89 498.81 210.71 497.83 213.32 497.8 219.15 497.59 221.34 498.61 226.6 504.37 231.34 512.07 235.26 513.83 242.83 512.04 244.88 512.95 249.34 512.47 251.22 503.06 259.79 493.73 267.41 492.12 268.61 488.16 269.3 486.46 267.91 478.75 258.39 477.66 256.99 477.25 249.09 471.45 245.85 467.74 242.94 465.88 242.17 466.77 241.03 468.48 236.49 469.38 234.98 469.37 232.46 470.64 232.39 471.97 230.73 474.44 230.29 475.34 228.57 Z"
       id="Casey"
       fill="#bad3a2"
       style="fill:#d72f30;fill-opacity:1;stroke:#ffffff;stroke-opacity:1" /><path
       d="M 196.39 280.57 198.8 278.07 202.33 261.4 205.52 261.75 208.4 263.36 218.88 267.49 220.11 266.28 222.76 264.73 234.36 264.05 235.66 263.32 235.99 261.03 238.7 261.04 239.08 263.97 240.8 266.78 243.77 267.58 243.57 270.29 244.1 271.66 246.32 272.29 239.54 314.44 237.32 328.65 229.05 328.57 199.51 328.52 201.98 312.99 202.18 303.54 202.51 296.86 204.03 285.42 196.39 280.57 Z"
       id="Christian"
       fill="#b7d6dc"
       style="fill:#e38080;fill-opacity:1;stroke:#ffffff;stroke-opacity:1" /><path
       d="M 587.87 125 587.8 126.26 590.2 129.34 592.77 130.7 597.99 132.1 604.4 139.23 606.49 144.36 611.23 148.9 610.99 149.9 609.5 153.33 609.98 154.81 609.51 157.76 610.65 159.01 610.24 160.46 608.86 161.83 605.75 162.53 604.1 162.16 601.58 162.69 598.88 162.44 598.06 160.95 595.79 160.97 590.38 158.84 589.72 159.25 588.07 155.65 581.37 142.61 577.44 135.29 579.51 132.79 580.59 132.34 586.64 127.26 587.87 125 Z"
       id="Montgomery"
       fill="#c9f6bd"
       style="fill:#e38080;fill-opacity:1;stroke:#ffffff;stroke-opacity:1" /><path
       d="M 459.16 292.74 461.37 285.52 461.86 283.31 466 278.51 473.95 266.36 478.75 258.39 486.46 267.91 488.16 269.3 492.12 268.61 493.73 267.41 493.15 271.2 493.32 276.48 497.78 281.57 500.74 282.91 493.22 289.82 491.78 288.34 489.47 287.87 488.74 288.54 488.22 292.36 487.68 293.68 481.7 297.54 476.86 301.32 471.2 305.48 462.89 299.41 459.28 297.63 458.97 298.71 461.06 300.87 460.96 301.99 459.73 302.42 457.72 301.1 457.53 298.97 454.67 296.33 459.16 292.74 Z"
       id="Russell"
       fill="#a0b8c6"
       style="fill:#d75d5d;fill-opacity:1;stroke:#ffffff;stroke-opacity:1" /><path
       d="M 512.69 169.44 517.62 150.77 524.7 152.97 536.46 158.88 537.38 161.53 539.32 162.94 540.31 166.58 541.29 168.27 541.19 171.01 540.05 171.92 538.27 171.47 537.32 170.3 536.07 171.94 538.53 176.79 537.05 177 535.04 179.22 532.35 180.21 531.98 181.33 530.68 181.56 530.66 183.06 528.93 184.03 527.41 186.74 525.64 185.89 525.82 183.88 523.7 183.3 523.02 181.81 519.78 180.35 519.8 178.54 522.48 176.93 517.93 176.71 519.1 178.55 517.4 179.73 516.19 178.74 515.9 177.17 516.28 174.08 514.22 173.89 512.03 175.55 511.33 173.26 512 172.2 514.21 171.59 514.86 170.35 512.69 169.44 Z"
       id="Jessamine"
       fill="#9c97de"
       style="fill:#e38080;fill-opacity:1;stroke:#ffffff;stroke-opacity:1" /><path
       d="M 151.41 297.21 165.21 292.69 167.81 291.98 179.74 285.71 181.18 285.74 183.14 287.02 193 284.09 196.39 280.57 204.03 285.42 202.51 296.86 202.18 303.54 201.98 312.99 199.51 328.52 182.72 328.65 183.19 324.67 166.12 322.52 159.93 322.23 159.21 318.98 155.91 313.07 155.6 311.05 154.54 308.37 154.14 305.27 151.41 297.21 Z"
       id="Trigg"
       fill="#bdf0d8"
       style="fill:#d75d5d;fill-opacity:1;stroke:#ffffff;stroke-opacity:1" /><path
       d="M 143.08 281.94 146.41 279.66 144.66 275.88 144.89 273.66 145.86 272.27 144.39 268.9 145.87 267.2 145.97 265.1 146.69 262.56 148.57 260.4 148.66 262.72 150.4 263 152.01 262.35 151.71 261.02 153.48 259.98 154.91 259.98 157.33 258.97 158.92 256.41 164.5 257.19 171.21 271.44 181.18 285.74 179.74 285.71 167.81 291.98 165.21 292.69 151.41 297.21 149.11 292.74 148.56 288.93 146.92 286.36 144.62 284.31 143.08 281.94 Z"
       id="Lyon"
       fill="#c8b39d"
       style="fill:#e38080;fill-opacity:1;stroke:#ffffff;stroke-opacity:1" /><path
       d="M 360.89 291.62 366.55 274.98 370.66 276.02 372.58 261.09 379.31 262.43 381.74 262.57 388.3 263.59 393.48 263.24 399.23 261.68 405.31 260.8 403.72 263.36 401.87 264.93 402.42 268.68 404.06 268.66 403.73 274.07 404.13 279.55 404.66 282.29 405.83 303.85 402.35 304.53 398.7 306.45 380.78 319.4 380.15 316.92 378.11 314.67 375.12 313.92 372.96 312.86 374.71 311.82 372.46 308.04 371.01 308.48 371.42 306.24 372.52 305.3 370.8 303.42 370.18 302.06 371.01 299.1 370.22 297.12 371 295.87 368.16 296 367.05 297.73 365.28 296.7 363.49 294.32 364.21 292.19 362.95 292.18 361.82 295.23 359.89 294.27 361.53 292.91 360.89 291.62 Z"
       id="Barren"
       fill="#e99181"
       style="fill:#e27f7f;fill-opacity:1;stroke:#ffffff;stroke-opacity:1" /><path
       d="M 531.7 7.46 534.23 4.58 535.28 3.95 537.88 4.84 539.18 7.47 539.55 12.19 541.92 13.8 546.67 14.3 550.17 16.07 552.44 18.79 553.33 21.55 553.5 23.78 554.23 25.41 557.49 29.63 559.86 33.53 560.16 35.94 544.36 44.38 541.22 45.18 540.83 42.91 539.99 42.32 538.72 43.74 537.77 43.42 537.48 40.9 536.5 39.28 538.34 35.52 538.91 32.32 536.49 26.5 537.75 26.43 539.96 22.33 538.61 21.89 536.71 24.42 536.12 22.5 537.54 20.33 535.21 19.3 533.56 17.13 533.93 14.53 532.62 12.25 533.06 10.65 531.7 7.46 Z"
       id="Campbell"
       fill="#add8ca"
       style="fill:#7a97e3;fill-opacity:1;stroke:#ffffff;stroke-opacity:1" /><path
       d="M 479.37 165.87 480.23 166.53 481.76 165.05 483.83 164.02 484.68 162.73 485.26 160.06 486.91 159.82 487.02 158.66 489.42 157.57 491.88 158.2 492.64 159.61 494.55 159.4 497.52 157.86 503.58 155.35 503.75 155.89 501.17 157.89 503.59 159.86 501.07 161.05 500.52 162.42 501.79 162.91 503.79 162.63 503.16 164.47 503.83 166.27 506.84 165.95 507.57 167.88 506.04 170.12 506.97 171.35 509.1 170.93 511.57 169.42 512.69 169.44 514.86 170.35 514.21 171.59 512 172.2 511.33 173.26 512.03 175.55 513.26 178.46 512.22 181.5 514.51 182.42 513.55 183.42 513.3 185.92 513.7 187.34 510.78 187.36 509.27 189 504.2 188.51 502.73 190.18 482.78 193.56 480.16 193.76 481.06 185.67 482.53 170.68 481.53 170.09 479.37 165.87 Z"
       id="Mercer"
       fill="#b4cbdf"
       style="fill:#e38080;fill-opacity:1;stroke:#ffffff;stroke-opacity:1" /><path
       d="M 178.79 162.19 189.53 179.93 191.66 179.39 191.65 181 192.55 181.83 193.92 180.4 195.54 181.06 195.07 182.44 196.09 185.39 196.44 191.91 196.02 192.79 198.04 197.16 190.27 205.11 184.48 210.53 178.38 215.86 176.89 217.45 174.57 217.54 173.41 216.77 172.88 214.83 171.21 215.19 170.03 212.75 170.21 209.61 168.44 208.44 167.62 209.65 167.85 210.88 166.31 212.84 165.07 212.15 163.58 213.82 162.84 211.18 160.89 209.84 159.38 207.33 156.2 204.54 155.56 203.13 155.52 200.82 153.91 195.91 154.01 192.69 155.4 190.36 156.59 189.22 157.61 187.2 164.08 183.22 166.38 179.54 167.16 176.31 169.34 175.05 171.2 175.65 173.32 176.97 174.98 178.95 176.6 178.72 177.65 176.13 180.61 174.57 180.96 173.25 180.6 170.64 179.9 169.05 177.74 166.59 177.59 163.59 178.79 162.19 Z"
       id="Union"
       fill="#97e892"
       style="fill:#e38080;fill-opacity:1;stroke:#ffffff;stroke-opacity:1" /><path
       d="M 447.48 55.29 447.83 56.65 458.22 69.53 458.11 70.77 459.8 72.92 459.3 73.62 460.08 75.69 464.51 74.97 456.39 82.8 453.12 86.73 450.01 86.34 449.58 87.23 448.57 86.16 445.74 85.1 444.32 85.3 442.91 83.82 439.36 83.96 437.29 83.07 438.4 81.99 439.09 80.18 439.07 77.97 436.95 73.41 436.59 71.69 436.67 65.42 434.94 62.44 435.25 59.01 436.89 56.34 439.56 55.2 443.46 56.06 447.48 55.29 Z"
       id="Trimble"
       fill="#b8adf0"
       style="fill:#e38080;fill-opacity:1;stroke:#ffffff;stroke-opacity:1" /><path
       d="M 428.1 268.69 432.81 266.26 437.85 264.02 443.45 260.92 446.32 257.74 450.02 253.6 451.01 253.06 450.28 251.39 452.44 250.72 454.69 248.84 457.19 248.28 459.8 248.49 463.08 247.15 463.12 245.55 463.9 244.03 463.45 242.64 465.88 242.17 467.74 242.94 471.45 245.85 477.25 249.09 477.66 256.99 478.75 258.39 473.95 266.36 466 278.51 461.86 283.31 461.37 285.52 459.16 292.74 436.05 291.13 437.1 289.03 430.58 282.02 428.55 274.21 428.1 268.69 Z"
       id="Adair"
       fill="#c1ddd3"
       style="fill:#d75d5d;fill-opacity:1;stroke:#ffffff;stroke-opacity:1" /><path
       d="M 519.75 10.33 522.06 31.87 522.67 35.87 520.98 46.01 519.51 45.95 516.85 47.66 516.46 49.34 507.16 42.45 506.12 40.29 504.3 40.3 504.2 38.71 502.54 39.01 503.45 37.39 503.37 35.72 501.94 34.58 498.84 33.8 494.78 33.42 493.82 31.37 494.67 29.64 498.28 25.84 498.81 24.33 498.04 21.89 494.44 16.72 493.02 15.46 491.87 13.39 492.66 11.67 495.52 10.1 498.38 7.14 503.3 4.78 505.03 2.08 506.27 1 508.56 1.27 509.95 2.22 512.94 6.5 516.98 8.1 518.83 10.03 519.75 10.33 Z"
       id="Boone"
       fill="#bce5f6"
       style="fill:#e38080;fill-opacity:1;stroke:#ffffff;stroke-opacity:1" /><path
       d="M 222.97 196.45 225.35 194.23 228.95 193.5 230.81 193.63 232.09 191.9 247.21 200.21 258.14 205.15 259.95 206.51 264.44 207.71 268.42 207.27 270.4 208.6 269.22 209.76 263.49 218.98 262.4 220.2 263.27 221.52 263.26 224.88 263.71 227.49 262.4 228.06 256.26 227.7 252.22 231.75 243.17 230.35 241.92 229.21 239.78 229.42 239.68 228.14 237.48 225.91 236.82 220.55 237.29 218.6 236.52 217.62 236.95 215.13 237.8 214.22 237.36 212.34 236.11 211.47 236.87 210.01 235.3 206.85 234.82 205.73 233.07 204.28 230.48 203.82 226.05 203.57 224.17 202.59 222.47 199.08 222.97 196.45 Z"
       id="McLean"
       fill="#a9cfe6"
       style="fill:#e38080;fill-opacity:1;stroke:#ffffff;stroke-opacity:1" /><path
       d="M 436.05 291.13 459.16 292.74 454.67 296.33 457.53 298.97 457.72 301.1 459.73 302.42 460.96 301.99 457.77 316.5 452.63 332.01 448.6 332.41 437.81 333.03 431.39 323.59 434.09 318.75 433.93 317.88 429.22 318.27 427.71 315.03 427.01 314.8 426.58 312.59 423.58 313.12 421.69 312.25 420.89 306.91 422.47 306.27 423.16 304.26 421.1 301.74 420.61 299.65 422.53 300.23 424.62 302.6 427.12 301.11 430.23 300.41 433.71 296.95 436.05 291.13 Z"
       id="Cumberland"
       fill="#d8dfc4"
       style="fill:#d72f30;fill-opacity:1;stroke:#ffffff;stroke-opacity:1" /><path
       d="M 49.41 304.79 51.5 303.29 55.91 304.8 55.27 306.64 62.13 307.04 82.02 307.51 81.28 309.75 81.31 319.33 81.04 325.4 80.48 342.93 78.57 342.85 71.65 332.92 69.71 332.92 67.77 330.86 58.71 330.47 46.27 322.54 43.37 322.26 45.09 320.24 44.1 319.48 44.1 317.25 41.07 313.57 41.36 310.52 42.83 308.7 44.72 307.99 48.97 309.18 49.74 308.15 50.06 306.08 49.41 304.79 Z"
       id="Hickman"
       fill="#efd9d8"
       style="fill:#d75d5d;fill-opacity:1;stroke:#ffffff;stroke-opacity:1" /><path
       d="M 267.93 274.11 276.01 272.57 279.68 273.22 289.73 274.98 307.6 282.61 314.06 297.98 311.87 297.98 309.39 298.83 307.31 301.57 305.68 302.98 304.21 307.5 302.91 309.37 300.31 314.64 299.14 318.28 298.91 320.86 297.77 328.52 266.36 328.88 266.69 315.15 267.71 312.6 266.93 307.71 267.26 297.69 267.69 280.69 267.93 274.11 Z"
       id="Logan"
       fill="#b4c0d6"
       style="fill:#d75d5d;fill-opacity:1;stroke:#ffffff;stroke-opacity:1" /><path
       d="M 277.23 160.25 282.74 159.68 285.23 158.22 286.86 156.06 290.07 152.92 293.45 151.44 296.33 152.71 297.9 157.19 300.84 162.8 302.84 165.26 304.19 165.43 307.58 162.85 308.93 162.62 311.31 163.21 311.84 165.29 309.95 170.23 310.68 172.13 309.55 173 308.27 178.62 313.88 196.75 312.15 195.84 293.06 185.68 293.8 178.63 291.2 174.89 290.04 172.13 285.07 173.42 283.96 172.5 284.74 169.24 285.99 166.68 284.33 166.14 284.64 164.92 283.75 163.77 282.06 163 279.28 164.5 276.83 164.79 276.78 163.19 277.72 161.81 277.23 160.25 Z"
       id="Hancock"
       fill="#98bbec"
       style="fill:#e38080;fill-opacity:1;stroke:#ffffff;stroke-opacity:1" /><path
       d="M 493.73 267.41 503.06 259.79 512.47 251.22 529.47 235.62 535.11 239.08 541.13 245.52 543.17 247.39 556.62 260.39 557.84 261.97 557.37 262.95 558.06 265.68 557.75 267.39 558.88 268.49 558.42 270.15 556.67 270.41 555.31 271.79 554.23 273.77 555.04 274.32 555.13 276.6 556.14 277.69 553.62 278.74 555.58 280.97 555.21 282 552.05 283.24 552.36 285.66 550.99 287.3 549.92 286.89 548.44 288.15 544.83 289.02 528.01 299.71 526.74 297.7 525.12 297.97 523.53 295.94 517.21 284.92 515.06 284.73 511.81 286.87 507.67 288.05 506.22 285.36 500.74 282.91 497.78 281.57 493.32 276.48 493.15 271.2 493.73 267.41 Z"
       id="Pulaski"
       fill="#bdebce"
       style="fill:#d75d5d;fill-opacity:1;stroke:#ffffff;stroke-opacity:1" /><path
       d="M 116.42 311.57 142.66 312.39 153.25 312.8 155.91 313.07 159.21 318.98 159.93 322.23 160.11 324.64 161.08 326.82 162.36 332.15 163.5 340.35 162.85 343.85 161.17 346 153.33 345.62 131.84 344.78 115.11 344.24 116.42 311.57 Z"
       id="Calloway"
       fill="#a9ebbd"
       style="fill:#e38080;fill-opacity:1;stroke:#ffffff;stroke-opacity:1" /><path
       d="M 336.67 260.55 348.91 272.34 351.56 271.7 353.11 270.21 355.55 269.3 358.29 272.9 366.55 274.98 360.89 291.62 358.54 293.23 357.24 291.43 356.32 292.44 357.04 294.3 356.03 295.57 354.61 294.39 351.88 297.14 350.37 296.9 350.68 299.55 335.61 312.17 336.19 308.1 328.57 306.75 316.97 304.93 314.06 297.98 307.6 282.61 313.82 263.42 314.13 260.76 313.15 259.72 313.73 258.53 317.62 258.41 320.67 259.59 321.81 259.63 324.44 258.28 326.49 257.75 328.98 260.96 329.51 262.65 331.92 262.6 332.09 261.09 334.85 262.74 335.66 260.84 336.67 260.55 Z"
       id="Warren"
       fill="#dce8ca"
       style="fill:#7a97e3;fill-opacity:1;stroke:#ffffff;stroke-opacity:1" /><path
       d="M 246.32 272.29 247.78 273.4 246.27 275.26 247.21 276.48 261.09 276.15 267.93 274.11 267.69 280.69 267.26 297.69 266.93 307.71 267.71 312.6 266.69 315.15 266.36 328.88 260.64 328.9 237.32 328.65 239.54 314.44 246.32 272.29 Z"
       id="Todd"
       fill="#baec79"
       style="fill:#d75d5d;fill-opacity:1;stroke:#ffffff;stroke-opacity:1" /><path
       d="M 597.02 209.98 601.8 201.18 601.64 199.6 604.39 197.58 606.93 197.56 605.19 194.06 606.63 193.43 607.42 192.11 609.63 190.71 610.22 189.47 611.72 188.75 612.8 187.1 615.66 186.83 617.13 186.79 625.52 191.53 626.77 193.07 636.68 196.57 632.79 208.39 631.16 214.05 630.08 214.09 626.13 212.01 625.73 210.08 624.5 209.61 622.94 210.23 620.58 213.53 618.38 214.14 615.13 212.46 613.86 214.22 614.11 216 605.12 217.17 601.23 215 601.08 213.96 599.21 213.24 597.02 209.98 Z"
       id="Lee"
       fill="#afe6f4"
       style="fill:#e38080;fill-opacity:1;stroke:#ffffff;stroke-opacity:1" /><path
       d="M 482.32 107.62 491.7 102.39 493.16 104.95 495.41 104.73 498.56 104.76 499.82 105.76 501.79 105.64 503.38 107.02 508.81 105.16 509.18 112.33 510.08 124.05 510.63 125.73 496.26 132.96 496.28 136.17 493.98 138.8 491.87 139.26 490.69 138.5 486.66 137.19 485.68 135.96 481.53 134.64 479.84 134.72 480.21 133.08 481.86 130.56 481.47 128.58 482.08 121.97 482.25 115.57 486.52 108.02 482.32 107.62 Z"
       id="Franklin"
       fill="#e8e5d9"
       style="fill:#6675df;fill-opacity:1;stroke:#ffffff;stroke-opacity:1" /><path
       d="M 378.89 151.91 381.24 168.2 377.96 175.7 363 178.22 357.02 172.03 353.55 167.93 338.79 155.6 327.98 145.64 331.98 145.04 334 142.87 333.89 140.3 331.34 139.07 330.6 136.65 332.3 134.98 334.4 135.25 336.91 137.83 337.83 137.65 338.71 135.4 340.01 134.59 343.6 134.99 344.79 134.44 345.62 132.48 344.92 131.45 340.99 130.54 339.83 129.25 340.22 126.37 341.89 125.66 342.92 126.12 346.06 129.09 349.16 131.07 350.62 133.32 350.88 134.77 349.94 138.57 350.07 140.97 351.14 144.34 354.64 146.61 355.94 148.12 360.5 150.5 365.5 149.74 368 150.21 370.56 151.8 372.06 155.08 373.59 157.07 375.22 156.53 375.11 154.34 376.14 152.62 378.89 151.91 Z"
       id="Meade"
       fill="#cedbf8"
       style="fill:#e38080;fill-opacity:1;stroke:#ffffff;stroke-opacity:1" /><path
       d="M 449.58 87.23 450.01 86.34 453.12 86.73 456.39 82.8 464.51 74.97 474.13 73.41 474.01 75.88 475.71 77.61 477.44 76.4 480.89 78.05 480.41 81.16 478.81 84.67 480.11 85.45 481.15 84.24 483.42 83.63 484.24 84.33 482.71 86.67 483.07 87.74 486.37 89.48 486.91 91.66 485.76 94.28 487.15 95.69 488.41 94.94 488.32 92.51 489.26 90.98 490.71 90.99 491.24 92.62 489.86 93.49 489.73 95.02 492.71 95.82 494.33 96.94 492.57 100.45 492.92 102.32 495.62 103.16 495.41 104.73 493.16 104.95 491.7 102.39 482.32 107.62 452.86 104.86 451.56 102.79 448.49 98.85 447.78 93.73 446.3 91.58 449.58 87.23 Z"
       id="Henry"
       fill="#f1ded6"
       style="fill:#e38080;fill-opacity:1;stroke:#ffffff;stroke-opacity:1" /><path
       d="M 519.75 10.33 521.34 10.46 524.98 9.26 527.12 6.96 529.81 7.87 531.7 7.46 533.06 10.65 532.62 12.25 533.93 14.53 533.56 17.13 535.21 19.3 537.54 20.33 536.12 22.5 536.71 24.42 538.61 21.89 539.96 22.33 537.75 26.43 536.49 26.5 538.91 32.32 538.34 35.52 536.5 39.28 537.48 40.9 537.77 43.42 538.72 43.74 539.99 42.32 540.83 42.91 541.22 45.18 529.54 47.26 528.01 47.52 522.84 47.45 520.98 46.01 522.67 35.87 522.06 31.87 519.75 10.33 Z"
       id="Kenton"
       fill="#c1eb8a"
       style="fill:#7a97e3;fill-opacity:1;stroke:#ffffff;stroke-opacity:1" /><path
       d="M 380.78 319.4 398.7 306.45 402.35 304.53 405.83 303.85 419.1 304.99 420.24 305.4 420.89 306.91 421.69 312.25 423.58 313.12 426.58 312.59 427.01 314.8 427.71 315.03 429.22 318.27 433.93 317.88 434.09 318.75 431.39 323.59 437.81 333.03 432.33 333.51 412.32 333.13 399.27 332.58 396.03 332.62 381.17 331.75 382.31 329.71 383.53 328.8 383.66 327.41 380.72 320.29 380.78 319.4 Z"
       id="Monroe"
       fill="#c2def5"
       style="fill:#d72f30;fill-opacity:1;stroke:#ffffff;stroke-opacity:1" /><path
       d="M 568.03 77.88 569.62 78.41 570.7 77.81 572.89 75.57 573.88 73.56 575.26 72.33 578.58 72.01 579.41 71.32 582.22 73.68 583.69 73.58 585.46 72.37 587.88 73.76 588.76 80.29 590.76 83.97 592.02 85.55 587.98 89.36 586.58 91.79 587.03 92.58 583.95 93.5 583.18 91.87 581.91 92.52 577.38 90.4 575.93 90.77 574.41 90.19 573.97 88.97 570.96 87.2 569.56 87.97 568.22 84.74 565.93 85.35 566.39 80.71 567.9 79.8 568.03 77.88 Z"
       id="Robertson"
       fill="#d7b5b2"
       style="fill:#e38080;fill-opacity:1;stroke:#ffffff;stroke-opacity:1" /><path
       d="M 43.37 322.26 46.27 322.54 58.71 330.47 67.77 330.86 69.71 332.92 71.65 332.92 78.57 342.85 64.87 342.48 48.7 341.73 29.41 340.55 19.78 341.23 17.01 341.13 19.2 335.53 19.58 333.28 21.09 330.19 22.02 326.01 24.08 324.42 27.24 324.05 28.59 325.69 30.44 329.22 33.12 332.58 34.13 333.14 37.42 332.68 38.93 331.33 40.19 328.56 40.84 324.99 43.37 322.26 Z M 1 333.46 1.56 331.95 3.12 330.32 5.79 329.9 10.25 331.31 11.4 332.92 12.03 336.88 11.26 338.97 9.8 341.05 4.12 340.76 2.03 337.06 1 333.46 Z"
       id="Fulton"
       fill="#f8f5cf"
       style="fill:#e38080;fill-opacity:1;stroke:#ffffff;stroke-opacity:1" /><path
       d="M 176.89 217.45 178.38 215.86 184.48 210.53 190.27 205.11 198.04 197.16 207.46 196.84 222.97 196.45 222.47 199.08 224.17 202.59 226.05 203.57 230.48 203.82 233.07 204.28 234.82 205.73 235.3 206.85 222.23 217.49 212.26 220.59 195.79 230.62 188.99 234.7 189.23 232.94 190.37 230.95 188.67 230.49 185.51 231.35 184.24 230.73 184.35 229.08 185.95 228.02 185.68 225.43 182.64 227.08 179.77 228.25 177.93 226.69 177.11 226.82 176.17 224.57 176.41 222.87 175.7 219.37 176.89 217.45 Z"
       id="Webster"
       fill="#c6baa0"
       style="fill:#e38080;fill-opacity:1;stroke:#ffffff;stroke-opacity:1" /><path
       d="M 447.48 55.29 450.32 54.58 454.1 54.74 456.36 55.82 458.46 59.21 459.8 60.57 462.34 61.59 463.94 61.52 467.66 59.9 471.63 56.29 474.27 54.43 479.22 51.7 485.55 62.47 488.45 64.74 488.22 66.22 486.38 65.92 484.84 66.52 484.37 68.12 482.57 68.9 480.14 68.74 480.44 70.02 479.28 71.1 475.63 71.54 474.13 73.41 464.51 74.97 460.08 75.69 459.3 73.62 459.8 72.92 458.11 70.77 458.22 69.53 447.83 56.65 447.48 55.29 Z"
       id="Carroll"
       fill="#a2f1ba"
       style="fill:#e38080;fill-opacity:1;stroke:#ffffff;stroke-opacity:1" /><path
       d="M 498.81 210.71 508.2 205.36 509.23 205.71 511.65 204.94 515.31 202.12 518.42 201.4 518.4 199.2 519.87 199.53 519.02 201.33 521.12 203.56 522.61 204.59 537.95 217.31 540.1 217.51 540.71 218.4 538.8 225.15 535.11 239.08 529.47 235.62 512.47 251.22 512.95 249.34 512.04 244.88 513.83 242.83 512.07 235.26 504.37 231.34 498.61 226.6 497.59 221.34 497.8 219.15 497.83 213.32 498.81 210.71 Z"
       id="Lincoln"
       fill="#c9e4d7"
       style="fill:#d75d5d;stroke:#ffffff;stroke-opacity:1;fill-opacity:1" /><path
       d="M 452.63 332.01 457.77 316.5 460.96 301.99 461.06 300.87 458.97 298.71 459.28 297.63 462.89 299.41 471.2 305.48 476.86 301.32 477.43 304.68 480.91 308.09 483.31 314.72 481.94 318.41 482.19 320.03 481.64 322.84 483.25 324.31 483.16 325.91 484.03 326.92 484.05 328.96 483.39 329.58 483.97 332.03 486.54 333.14 481.28 332.68 473.73 332.33 463.25 332 452.63 332.01 Z"
       id="Clinton"
       fill="#debdab"
       style="fill:#d72f30;fill-opacity:1;stroke:#ffffff;stroke-opacity:1" /><path
       d="M 585.46 72.37 588.29 64.41 594.02 49.32 597.19 50.01 598.65 50.72 600.01 52.59 600.64 55.25 602.59 56.83 605.82 57.8 606.56 58.58 607.84 63.47 608.85 64.24 613.15 64.86 618.27 67.28 619.74 67.18 620.95 66.03 623.13 69.26 621.61 80.58 613.45 83.57 599.43 90.12 592.02 85.55 590.76 83.97 588.76 80.29 587.88 73.76 585.46 72.37 Z"
       id="Mason"
       fill="#9aeab2"
       style="fill:#e38080;fill-opacity:1;stroke:#ffffff;stroke-opacity:1" /><path
       d="M 414.38 227.73 413.54 225.79 414.61 224.39 415.71 224.14 416.77 221.21 419.24 222.69 420.01 221.76 422.08 221.43 421.75 224.88 421.99 226.39 433.12 235.34 438.05 243 442.1 250.3 442.23 251.83 440.95 251.98 440.68 253.88 444.3 253.97 446.32 257.74 443.45 260.92 437.85 264.02 432.81 266.26 428.1 268.69 421.38 267.8 417.04 266.66 414.04 264.3 411.36 259.14 412.13 250.28 411.78 245.24 410.21 243.49 411.44 235.69 413.04 233.37 414.92 231.68 414.38 227.73 Z"
       id="Green"
       fill="#d2d79d"
       style="fill:#d72f30;fill-opacity:1;stroke:#ffffff;stroke-opacity:1" /><path
       d="M 479.67 200 480.16 193.76 482.78 193.56 502.73 190.18 504.2 188.51 509.27 189 509.42 190.92 511.64 191.63 513.52 190.98 514.29 193.07 514.19 194.79 516.23 196.82 519.05 197.2 518.4 199.2 518.42 201.4 515.31 202.12 511.65 204.94 509.23 205.71 508.2 205.36 498.81 210.71 493.55 212.89 482.69 212.78 482.41 211.06 481.53 210.48 478.77 211.29 479.67 200 Z"
       id="Boyle"
       fill="#c2f0ed"
       style="fill:#7a97e3;fill-opacity:1;stroke:#ffffff;stroke-opacity:1" /><path
       d="M 437.93 136.36 438.41 132.54 447.26 135.97 458.25 140.05 471.86 146.82 471.08 148.15 469.31 149.06 469.63 150.33 468.03 151.98 465.2 153.39 465.06 155.45 450.84 157.97 443.17 159.68 441.05 159.75 438.32 157.17 434.41 155.65 431.73 153.13 429.37 150.22 433.76 139.28 435.56 138.47 436.99 138.52 437.93 136.36 Z"
       id="Spencer"
       fill="#c5db9f"
       style="fill:#d75d5d;fill-opacity:1;stroke:#ffffff;stroke-opacity:1" /><path
       d="M 297.77 328.52 298.91 320.86 299.14 318.28 300.31 314.64 302.91 309.37 304.21 307.5 305.68 302.98 307.31 301.57 309.39 298.83 311.87 297.98 314.06 297.98 316.97 304.93 328.57 306.75 336.19 308.1 335.61 312.17 334.71 319.13 335.26 319.43 334.63 322 334.41 326.68 334.9 328.64 324.74 328.32 318.76 330.75 316.07 328.24 302.99 328.52 297.77 328.52 Z"
       id="Simpson"
       fill="#c4e6f3"
       style="fill:#e27f7f;fill-opacity:1;stroke:#ffffff;stroke-opacity:1" /><path
       d="M 405.31 260.8 411.36 259.14 414.04 264.3 417.04 266.66 421.38 267.8 428.1 268.69 428.55 274.21 430.58 282.02 437.1 289.03 436.05 291.13 433.71 296.95 430.23 300.41 427.12 301.11 424.62 302.6 422.53 300.23 420.61 299.65 421.1 301.74 423.16 304.26 422.47 306.27 420.89 306.91 420.24 305.4 419.1 304.99 405.83 303.85 404.66 282.29 404.13 279.55 403.73 274.07 404.06 268.66 402.42 268.68 401.87 264.93 403.72 263.36 405.31 260.8 Z"
       id="Metcalfe"
       fill="#c5e3cb"
       style="fill:#e27f7f;fill-opacity:1;stroke:#ffffff;stroke-opacity:1" /><path
       d="M 117.33 286.44 117.43 278.7 117.76 275.9 121.38 274.38 123.78 272.46 130.59 270.84 132.98 271.26 135.69 272.6 139.64 277.23 140.41 278.65 143.08 281.94 144.62 284.31 146.92 286.36 148.56 288.93 149.11 292.74 151.41 297.21 154.14 305.27 154.54 308.37 155.6 311.05 155.91 313.07 153.25 312.8 142.66 312.39 116.42 311.57 117.33 286.44 Z"
       id="Marshall"
       fill="#deedd0"
       style="fill:#d75d5d;fill-opacity:1;stroke:#ffffff;stroke-opacity:1" /><path
       d="M 722.13 80.36 725.08 83.06 727.58 84.27 728.64 86.17 729.08 89.09 729.9 91.11 730.09 96.56 729.78 101.21 732.07 103.33 732.61 105.25 731.68 106.98 732.55 111.75 731.45 114.18 729.53 114.03 728.44 111.6 726.33 111.56 719.67 112.44 719.04 113.65 717.24 114.9 713.27 116.22 710.75 114.97 709.97 115.13 710.86 101.76 711.79 99.48 707.03 98.14 707.66 95.62 709.58 94.32 709.85 92.97 711.01 92.64 711.77 90.15 722.13 80.36 Z"
       id="Boyd"
       fill="#ecdddb"
       style="fill:#7a97e3;fill-opacity:1;stroke:#ffffff;stroke-opacity:1" /><path
       d="M 529.54 47.26 541.22 45.18 544.36 44.38 560.16 35.94 560.02 38.73 560.41 42.15 559.86 42.83 561.14 53.13 563.27 72.25 564.49 73.13 563.52 74.29 543.51 77.41 542.26 76.9 540.72 80.3 538.66 80.6 538.18 81.37 535.73 79.87 533.08 66.63 529.54 47.26 Z"
       id="Pendleton"
       fill="#94c2e0"
       style="fill:#d75d5d;stroke:#ffffff;stroke-opacity:1;fill-opacity:1" /><path
       d="M 384.27 151.25 386.5 149.06 386.96 147.95 387.48 143.93 388.63 140.26 388.74 138.84 388.28 134.38 388.37 130.75 388.79 129.09 391.24 125.26 394.12 122.83 395.5 120.5 395.8 117.14 396.52 115.67 397.74 114.9 400.89 114.1 402.4 114.49 403.57 116.27 405.64 116.81 411.56 113.19 412.59 112.29 414.47 109.46 416.18 104.2 416.26 102.07 433.79 114.48 440.34 117.29 438.41 132.54 437.93 136.36 424.65 142.23 408.57 140.49 391.55 146.45 387.83 149.22 387.72 150.5 385.18 152.08 384.27 151.25 Z"
       id="Jefferson"
       fill="#cacee8"
       style="fill:#574bdf;fill-opacity:1;stroke:#ffffff;stroke-opacity:1" /><path
       d="M 556.23 141.96 577.44 135.29 581.37 142.61 588.07 155.65 589.72 159.25 587.11 161 587.33 163.35 586.51 165 586.71 166.21 585.78 168.06 584.3 169.08 586.25 171.53 582.36 172.11 581.97 171.08 578.59 173.43 578.08 169.65 577.21 168.67 574.39 169.77 573.07 167.89 568.96 168.51 568.47 166.93 566.96 166.41 565.15 167.59 563.34 167.42 561.67 165.44 558.78 166.29 559.19 164.49 558 161.54 555.14 163.29 551.31 164.99 550.3 163.99 550.96 159.78 551.74 157.85 553.14 157.59 552.65 155.4 552.64 150.69 556.73 148.24 555.66 146.39 556.47 145.49 556.23 141.96 Z"
       id="Clark"
       fill="#a3e1c5"
       style="fill:#7a97e3;fill-opacity:1;stroke:#ffffff;stroke-opacity:1" /><path
       d="M 109.2 268.66 109.22 269.71 110.91 271.09 113.22 274.1 114.88 275.53 117.76 275.9 117.43 278.7 117.33 286.44 107.13 285.96 104.29 285.99 94.67 285.66 93.68 285.16 82.8 284.74 82.51 283.78 71.38 247.87 71.28 247.85 73.18 248.06 78 250.1 81.55 251.95 84.59 253.09 87.63 255.79 92.11 259.19 96.74 259.94 101.17 262.24 104.63 263.68 106.88 265.55 109.2 268.66 Z"
       id="McCracken"
       fill="#f4d1cd"
       style="fill:#e38080;fill-opacity:1;stroke:#ffffff;stroke-opacity:1" /><path
       d="M 433.79 114.48 436.17 112.62 438.08 113.46 439.1 112.22 442.26 111.47 445.8 112.11 448.61 111.17 452.86 104.86 482.32 107.62 486.52 108.02 482.25 115.57 482.08 121.97 481.47 128.58 481.86 130.56 480.21 133.08 479.84 134.72 478.2 136.01 476.69 140.62 476.9 141.78 474.94 144.11 473.74 146.31 471.86 146.82 458.25 140.05 447.26 135.97 438.41 132.54 440.34 117.29 433.79 114.48 Z"
       id="Shelby"
       fill="#c7e4b4"
       style="fill:#e38080;fill-opacity:1;stroke:#ffffff;stroke-opacity:1" /><path
       d="M 163.58 213.82 165.07 212.15 166.31 212.84 167.85 210.88 167.62 209.65 168.44 208.44 170.21 209.61 170.03 212.75 171.21 215.19 172.88 214.83 173.41 216.77 174.57 217.54 176.89 217.45 175.7 219.37 176.41 222.87 176.17 224.57 177.11 226.82 177.93 226.69 179.77 228.25 182.64 227.08 185.68 225.43 185.95 228.02 184.35 229.08 184.24 230.73 185.51 231.35 188.67 230.49 190.37 230.95 189.58 231.52 163.64 248.92 162.71 249.7 159.71 250.87 160.63 252.2 159.66 252.87 160.21 255.86 158.92 256.41 157.33 258.97 154.91 259.98 153.48 259.98 151.71 261.02 152.01 262.35 150.4 263 148.66 262.72 148.57 260.4 149.24 259.46 148.42 256.99 145.88 255.64 148.08 252.18 148.53 250.92 148.09 248.84 146.33 243.83 141.43 237.9 138.75 235.46 137.66 231.93 138.29 229.86 136.43 227.35 135.83 227.72 132.61 227 132.22 226.17 134.94 223.31 137.14 221.61 140.41 220.13 143.19 219.66 146.34 219.66 151.55 218.96 155.77 218.04 161.34 218 162.84 216.35 163.58 213.82 Z"
       id="Crittenden"
       fill="#89a5e2"
       style="fill:#d75d5d;fill-opacity:1;stroke:#ffffff;stroke-opacity:1" /><path
       d="M 437.29 83.07 439.36 83.96 442.91 83.82 444.32 85.3 445.74 85.1 448.57 86.16 449.58 87.23 446.3 91.58 447.78 93.73 448.49 98.85 451.56 102.79 452.86 104.86 448.61 111.17 445.8 112.11 442.26 111.47 439.1 112.22 438.08 113.46 436.17 112.62 433.79 114.48 416.26 102.07 418.27 96.02 419.69 94.12 421.59 92.9 427.9 91.89 430.56 90.5 432.37 87.85 433.84 84.9 437.29 83.07 Z"
       id="Oldham"
       fill="#89b2ec"
       style="fill:#e38080;fill-opacity:1;stroke:#ffffff;stroke-opacity:1" /><path
       d="M 479.22 51.7 482.44 49.52 486.95 49.88 488.48 49.6 493.15 47.29 498.23 48.54 500.61 48.57 500.9 47.48 499.29 44.11 498.98 42.54 499.64 41.41 502.54 39.01 504.2 38.71 504.3 40.3 506.12 40.29 507.16 42.45 516.46 49.34 504.11 51.07 503.65 56.94 500.86 58.08 499.07 58.16 497.63 60.1 496.09 59.58 493.2 62.59 491.56 62.56 491.42 63.76 489.38 63.25 488.45 64.74 485.55 62.47 479.22 51.7 Z"
       id="Gallatin"
       fill="#b5c4e4"
       style="fill:#e38080;fill-opacity:1;stroke:#ffffff;stroke-opacity:1" /><path
       d="M 560.41 42.15 562.26 44.97 563.76 45.57 568.12 46.29 572.98 48.26 576.83 49.34 579.6 49.28 586.29 46.98 589.87 47.37 591.65 48.92 594.02 49.32 588.29 64.41 585.46 72.37 583.69 73.58 582.22 73.68 579.41 71.32 578.58 72.01 575.26 72.33 573.88 73.56 572.89 75.57 570.7 77.81 569.62 78.41 568.03 77.88 566.21 77.34 565.17 78.13 562.97 78.39 563.69 76.66 563.52 74.29 564.49 73.13 563.27 72.25 561.14 53.13 559.86 42.83 560.41 42.15 Z"
       id="Bracken"
       fill="#c4e3ac"
       style="fill:#d75d5d;fill-opacity:1;stroke:#ffffff;stroke-opacity:1" /><path
       d="M 516.46 49.34 516.85 47.66 519.51 45.95 520.98 46.01 522.84 47.45 528.01 47.52 529.54 47.26 533.08 66.63 535.73 79.87 534.86 84.36 533.69 83.87 531.19 84.43 527.47 86.51 525.12 89.15 523.03 88.13 520.35 87.62 519.35 85.31 517.08 81.4 514.83 79.01 515.36 78.5 504.97 70.29 503.65 56.94 504.11 51.07 516.46 49.34 Z"
       id="Grant"
       fill="#f1ebdb"
       style="fill:#d75d5d;fill-opacity:1;stroke:#ffffff;stroke-opacity:1" /></g></svg>