<svg
   width="810"
   height="739"
   viewBox="0 0 810 739"
   stroke-linecap="round"
   stroke-linejoin="round"
   xmlns:inkscape="http://www.inkscape.org/namespaces/inkscape"
   xmlns:sodipodi="http://sodipodi.sourceforge.net/DTD/sodipodi-0.dtd"
   xmlns="http://www.w3.org/2000/svg"
   xmlns:svg="http://www.w3.org/2000/svg"
   xmlns:rdf="http://www.w3.org/1999/02/22-rdf-syntax-ns#"
   xmlns:cc="http://creativecommons.org/ns#"
   xmlns:dc="http://purl.org/dc/elements/1.1/">
  <metadata
     id="metadata959">
    <rdf:RDF>
      <cc:Work
         rdf:about="">
        <dc:format>image/svg+xml</dc:format>
        <dc:type
           rdf:resource="http://purl.org/dc/dcmitype/StillImage" />
      </cc:Work>
    </rdf:RDF>
  </metadata>
  <defs
     id="defs957" />
  <sodipodi:namedview
     pagecolor="#ffffff"
     bordercolor="#666666"
     borderopacity="1"
     objecttolerance="10"
     gridtolerance="10"
     guidetolerance="10"
     inkscape:pageopacity="0"
     inkscape:pageshadow="2"
     inkscape:window-width="1920"
     inkscape:window-height="1009"
     id="namedview955"
     showgrid="false"
     inkscape:zoom="1.0918928"
     inkscape:cx="301.31163"
     inkscape:cy="347.56159"
     inkscape:window-x="-8"
     inkscape:window-y="-8"
     inkscape:window-maximized="1"
     inkscape:current-layer="Louisiana"
     inkscape:document-rotation="0"
     inkscape:showpageshadow="2"
     inkscape:pagecheckerboard="0"
     inkscape:deskcolor="#d1d1d1" />
  <g
     transform="translate(5,5)"
     stroke="white"
     stroke-width="1"
     style="fill:#e27f7f;fill-opacity:1">
    <path
       d="M 790.31 528.41 792.66 530.98 796.17 537.21 797.76 542.2 799 548.59 799 556.6 797 568.17 791.81 579.23 792.32 573.68 795.4 567.87 796.33 562.66 795.22 561.16 797.02 558.46 797.32 551.03 795.82 546.78 795.99 541.59 793.86 534.69 790.31 528.41 Z M 717.56 528.05 721.15 526.93 723.49 522.21 739.16 512.58 736.41 516.47 735.01 517.01 734.87 520.7 736.23 525.54 743.04 527.31 743.63 530.38 742.04 532.29 739.1 532.02 737.57 533.34 733.7 532.32 733.5 528.88 731.24 527.57 727.91 531.79 722.81 531.4 720.4 530.02 717.89 530.63 717.56 528.05 Z M 638.3 539.37 639.1 543.69 641.3 549.3 644.3 551.51 648.81 551.48 655.37 549.17 658.11 547 660.4 548.83 655.44 551.78 655.84 555.83 662.05 561.69 668.23 563.65 672.96 563.51 678.84 560.52 679.67 558.84 679.37 553.83 680.95 551.65 680.95 548.73 682.64 545.94 682.56 543.42 681.07 540.83 684.18 539.34 688.09 536.28 694.6 532.28 693.73 528.2 696.2 525.7 699.96 528.4 704.03 532.78 706.3 530.96 710.13 529.44 711.54 532.44 707.93 533.63 705.14 535.75 704.11 533.66 701.89 534.68 699.91 539.16 703.69 540.34 703.65 543.33 705.3 545.24 709.28 546.7 712 548.99 712.81 555.22 713.77 557.73 719.23 555.02 721.77 552.43 726.87 543.11 728.1 540.13 732.52 539.6 732.58 542.92 735.84 544.04 733.31 550.47 727.59 551.26 722.12 555.78 719.22 561.07 722.66 559.53 726.1 559.75 733.69 558.62 730.16 561.89 728.36 565.13 725.71 562.62 722.37 564.55 720.55 569.81 718.41 565.17 711.83 566.98 712.53 570.15 715.16 569.29 715.77 572.29 719.29 576.59 722.08 576.8 726.03 573.99 726.32 579.69 724.24 581.18 719.86 577.51 716.6 576.99 714.53 578.03 713.16 576.08 710.27 575.86 709.27 579.51 704.84 584.7 705 589.69 705.98 592.33 703.13 597.05 704.61 599.67 699.71 600.57 698.78 596.79 700.1 595.58 699.26 592.19 696.49 588.53 694.58 588.91 692.32 587.22 690.32 587.46 691.33 591.77 689.46 598.12 692.6 599.77 693.57 603.52 689.88 600.75 687.24 600.57 683.37 598.47 674.46 595.83 669.42 590.93 665.76 589.69 664.46 585.81 662.39 583.23 660.16 582.44 651 582.81 649.79 579.77 646.09 575.3 642.85 574.91 638.36 576.42 636.83 576.01 635.41 572.47 632.69 569.37 630.33 563.26 631.59 560.95 628.63 554.8 625.89 553.27 621.09 553.3 614.51 549.6 617.85 541.85 620.04 541.06 623.55 543.26 627.37 542.05 629.51 540.01 632.53 539.4 634.56 542.23 638.03 541.28 638.3 539.37 Z"
       id="St.-Bernard"
       fill="#b3c4db"
       style="fill:#e27f7f;fill-opacity:1" />
    <path
       d="M 134.4 463.97 144.51 463.99 144.52 461.45 152.41 461.72 189.03 462.26 189.41 453.29 211.46 453.59 211.19 454.8 212.99 459.63 216.38 464.13 214.81 471.59 211.91 472.3 211.56 478.58 212.86 481.52 211.29 483.73 212.17 497.25 211.51 499.26 213.69 502.32 216.93 504.41 216.88 507.83 213.69 509.72 214.28 511.86 212.1 513.87 211.39 519.21 212.54 521.64 211.41 523.72 209.39 527.34 203.91 527.48 202.12 529.49 194.07 533.24 190.98 532.85 179.74 532.85 154.07 532.53 154.21 524.71 171 524.93 168.66 519.89 168.31 516.52 170.85 514.59 170.3 511.84 154.43 511.53 154.57 493.15 149.4 493.1 149.68 472.04 134.29 471.7 134.33 467.61 134.4 463.97 Z"
       id="Jefferson-Davis"
       fill="#b8e0da"
       style="fill:#d72f30;fill-opacity:1" />
    <path
       d="M 264.02 514.47 264.9 514.87 269.24 510.4 269.98 507.78 269.78 503.25 275.65 500.58 275.62 497.82 280.87 498.01 280.88 492.84 283.49 492.9 283.48 490.3 286.15 490.34 286.16 487.81 293.42 482.36 294.94 480.66 295.29 476.93 299.49 473.83 304.23 476.9 305.68 475.08 307.94 476.31 309.83 475.6 315.2 477.15 314.86 481.82 313.25 483.44 314.91 486.46 315.86 491.89 311.7 494.67 314.29 498.91 316.77 499.03 314.42 503.39 311.5 503.55 311 508.58 313.74 509.35 315.35 507.88 319.82 507.72 322.12 511.34 322.43 513.59 318.02 519.71 315.33 528.05 313.21 534.38 297.6 527.75 295.95 522.89 294.45 521.53 294.03 518.09 288.1 520.24 276.61 515.4 272.88 516.41 270.83 515.4 267.98 515.95 264.78 515.52 264.02 514.47 Z"
       id="Lafayette"
       fill="#b1e486"
       style="fill:#d75d5d;fill-opacity:1" />
    <path
       d="M 40.55 465.9 44 461.75 47.19 459.94 47.24 456.31 44.67 451.99 46.24 446.8 42.24 443.17 43.85 438.28 43.31 435.63 45.54 433.31 50.93 432.24 50.05 426.71 50.41 423.96 54.83 418.83 57.41 418.37 60.21 414.67 59.61 413.45 61.71 410.48 62.25 405.21 64.79 402.46 67.59 395.83 71 390.27 68.76 388.47 70.42 386.89 70.25 383.93 70.92 382.4 75.79 382.12 78.28 384.31 82.51 385.83 91.29 381.84 135.23 382.53 135.24 383.48 151.22 383.38 158.98 383.77 159.16 391.86 158.2 433.42 134.95 433.05 134.4 463.97 134.33 467.61 95.31 467.03 95.7 451.52 80.07 451.17 79.8 466.76 40.55 465.9 Z"
       id="Beauregard"
       fill="#cbdc93"
       style="fill:#d72f30;fill-opacity:1" />
    <path
       d="M 211.41 523.72 218.16 522.89 220.25 520.77 225.44 521.12 229.81 526.23 235.36 529.35 242.08 531.66 249.8 528.68 256.75 522.44 258.04 518.97 259.55 518.61 264.02 514.47 264.78 515.52 267.98 515.95 270.83 515.4 272.88 516.41 276.61 515.4 288.1 520.24 294.03 518.09 294.45 521.53 295.95 522.89 297.6 527.75 313.21 534.38 310.49 542.6 308.68 543.69 309.17 546.18 311.85 570.41 309.76 572.87 310.99 575.78 301.98 579.57 294.54 583.51 289.53 586.95 285.08 591.02 284.27 589.31 287.2 587.39 288.36 584.47 287.08 582.27 283.13 584.53 280.99 586.85 276.02 584.4 275.15 585.71 276.49 589.31 281.25 593.86 284.11 594.71 286.19 594.02 291.34 594.12 291.44 595.19 286.41 599.06 286.28 600.56 290.94 609.59 294.3 607.66 298.21 610.06 295.24 614.62 291.06 613.79 284.52 614.18 275.9 617.38 267.65 622.12 263.22 623.12 257.1 623.57 242.64 620.38 234.8 617.85 224.94 616.26 218.13 614.3 211.86 613.49 212.75 554.43 212.76 533.32 194.07 533.24 202.12 529.49 203.91 527.48 209.39 527.34 211.41 523.72 Z"
       id="Vermilion"
       fill="#e4c9a0"
       style="fill:#d72f30;fill-opacity:1" />
    <path
       d="M 83.31 2.78 125.54 3.64 124.79 57.25 132.45 57.33 132.41 65.01 133.77 66.75 133.26 80.67 134.75 86.92 134.16 88.19 135.23 95.18 137.79 101.12 137.57 103.83 124.09 103.67 124.01 111.51 103.57 111.16 93.27 110.92 93.54 95.42 92.75 95.38 93.86 48.64 90.86 46.63 89.54 43.91 91.78 40.64 92.41 35.87 90.78 33.2 93.21 31.86 89.49 26.49 88.72 23.59 90.29 21.5 89.02 19.11 87.13 20.09 83.41 14.33 82.61 8.46 84.1 3.7 83.31 2.78 Z"
       id="Webster"
       fill="#94bbeb"
       style="fill:#d75d5d;fill-opacity:1" />
    <path
       d="M 66.54 141.1 88.44 141.58 94.58 142.03 95.58 141.89 126.96 142.44 127.58 144.9 127.25 150.24 130.12 152.74 130.75 158.05 135.8 166.29 134.04 167.89 134.58 170.04 136.81 171.6 137.93 175.78 135.34 179.28 134.74 182.79 139.62 189.44 122.48 189.09 122.12 201.36 120 199.6 118 202.7 115.59 204.11 112.38 202.25 110.65 203.58 105.32 201.93 104.67 195.98 103.01 195.28 102.13 190.66 98 187.69 97.11 185.95 91.8 185.61 88.33 179.13 85.98 177.93 85.78 173.08 83.01 172.39 81.2 168.33 77.14 164.66 80.04 161.21 80.09 152.1 78.35 149.26 75.09 149.32 69.64 146.81 69.08 144.29 66.54 141.1 Z"
       id="Red-River"
       fill="#d8e9e9"
       style="fill:#d75d5d;fill-opacity:1" />
    <path
       d="M 373.94 207.32 374.87 205.5 378.81 201.92 381.57 201.62 383.63 199.05 382.76 192.05 383.13 189.23 385.61 188.28 385.78 184.77 383.83 182.86 385.13 178.5 385.13 174.86 386.94 170.25 384.57 166.06 384.78 160.93 386.16 160.27 386.4 150.59 412.38 150.66 415.97 147.68 421.02 147.37 425.43 149.39 428.34 145.3 433.15 143.1 436.74 143.25 440.66 142.4 442.56 144.2 442.14 149.18 440.7 148.77 436.09 151.71 434.54 159.15 436.31 163.1 444.09 164.44 448.57 162.85 452.87 164.57 456.25 165.21 455.08 169.17 448.84 172.57 448.98 177.7 446.02 178.04 443.66 176.29 441.5 173.05 438.44 172.42 436.51 174.62 439.01 178.38 446.51 179.98 449.48 183.63 447.34 186.59 443.22 188.92 436.11 189.73 432.5 193.57 431.77 198.06 433.29 201.51 430.59 202.76 425.47 208.49 420.5 211.01 420.67 213.05 423.85 216.24 421.37 220.47 419.15 220.11 417.22 217.04 416.61 211.46 411.39 212.42 408.7 214.53 406.6 222.24 405.69 228.93 407.25 229.57 411.69 228.95 417.74 227.08 421.22 227.98 421.17 230.2 419.33 231.79 409.76 231 405.77 231.32 403.46 233.97 403.8 231.42 397.07 230.07 395.55 230.85 378.52 230.66 374.41 224.77 373.41 221.74 374.92 217.31 374.69 210.96 373.94 207.32 Z"
       id="Tensas"
       fill="#cdec98"
       style="fill:#ffc8cd;fill-opacity:1" />
    <path
       d="M 1.84 147.05 15.63 147.44 23.89 142.11 29.32 137.75 30.23 132.61 31.33 130.8 37.19 127.71 37.87 124.49 39.67 122.76 43.34 121.62 47.04 122.3 48.29 124.99 51.53 126.75 54.59 125.52 55.61 126.8 59.02 126.76 62 129.14 63.21 131.66 65.29 132.91 66.71 136.21 66.54 141.1 69.08 144.29 69.64 146.81 75.09 149.32 78.35 149.26 80.09 152.1 80.04 161.21 77.14 164.66 81.2 168.33 83.01 172.39 85.78 173.08 85.98 177.93 88.33 179.13 91.8 185.61 97.11 185.95 98 187.69 102.13 190.66 103.01 195.28 104.67 195.98 101.27 195.83 98.07 198.4 94.32 195.94 91.73 199.05 91.42 211.17 69.6 210.65 25.12 209.99 25.03 210.11 24.68 206.85 21.81 203.57 22.55 201.04 18.71 199.49 17.81 197.86 14.12 197.99 13.35 195.9 11.08 195.95 10 192.66 8.2 190.59 4.81 183.8 1 181.95 1.84 147.05 Z"
       id="De-Soto"
       fill="#d5bca5"
       style="fill:#d75d5d;fill-opacity:1" />
    <path
       d="M 161.87 236.5 177.44 236.79 215.35 237.06 215.76 221.52 254.64 222.03 257.26 229.45 255.21 231.59 255.71 234.1 253.6 235.2 252.99 238.88 254.94 239.87 253.97 244.07 254.52 247.34 253.85 249.78 255.99 252.09 253.61 253.61 254.74 256.23 257.3 257.66 262.78 258.83 262.24 261.71 263.97 263.5 263.38 266.13 266.89 268.72 267.7 271.9 266.41 274.11 268.81 276.03 273.03 274.89 276.92 278.07 279.44 278.76 266.72 281.58 263.4 281.99 220.5 291.82 213.03 293.63 208.96 294.01 207.01 291.91 204.95 292.45 203.52 290.55 205.18 283.36 201.85 282.82 203.08 275.53 200.07 270.96 193.69 265.57 194.37 263.55 189.81 259.98 186.99 256.42 181.72 255.87 177.5 252.99 172.58 252.22 171.31 250.89 172.18 245.2 169.18 244.23 168.48 242.1 163.21 241.61 163.93 237.88 161.87 236.5 Z"
       id="Grant"
       fill="#dbe5d2"
       style="fill:#c21b18;fill-opacity:1" />
    <path
       d="M 479.69 557.85 495.18 557.38 495.11 554.88 502.22 557.9 504.79 557.44 505.7 559.26 509.92 557.79 511.36 559.95 515.13 560.53 518.37 559.52 521.96 560.15 531.08 559.7 534.71 561.15 536.88 564.73 539.48 564.65 542.43 567.76 543.12 573.86 545.99 577 550.26 580.28 554.14 580.65 559.24 583.25 561 587.17 560.89 592.07 563.33 594.9 581.59 594.96 586.7 595.18 588.53 596.91 590.55 596.38 592.92 600.98 592.05 602.97 592.28 608.22 593.61 613.3 591.88 614.4 591.44 616.97 588.32 617.7 587.41 619.58 590.21 621.3 591.44 624.19 594.54 628.67 596.02 632.89 602.61 635.61 604.89 634.79 609.84 636.63 611.6 639.95 614.24 641.32 612.35 647.58 612.78 650.81 612.14 653.93 612.9 656.14 611.68 658.34 612.29 663.48 615.18 663.99 614.84 666.42 612.71 667.36 608.88 665.06 606.01 664.89 600.99 670.43 602.37 674.98 605.01 676.75 606.49 680.02 608.02 680.39 603.88 685.31 604.17 687.78 591.54 697.08 589.06 699.27 583.45 702.15 579.51 700.49 581.64 698.05 581.59 694.77 578.53 692.17 576.4 686.15 577.6 682.26 574.87 680.3 569.97 669.73 567.71 669.34 564.23 666.49 562.7 663.64 559.21 665.82 559.88 670.86 556.14 670.97 558.16 667.84 559.19 664.12 557.63 660.26 558.67 655.94 557.72 652.64 554.93 649.74 552.56 648.73 546.47 641.73 544.98 637.83 538.81 633.33 531.86 623.86 529.13 623.18 528.15 618.99 523.87 616.54 520.88 611.89 515.16 610.39 511.61 604.81 507.78 600.5 504.37 598.45 501.79 598.25 498.24 594.87 494.88 585.75 492.28 585.41 492.12 580.99 488.74 580.76 488.74 582.75 486.21 584.31 486.65 585.99 480.36 586.1 480.68 591.25 461.08 591.62 464.94 586.33 470.2 577.87 473.73 571.16 475.99 562.85 479.75 562.77 479.69 557.85 Z"
       id="Lafourche"
       fill="#9a94d1"
       style="fill:#d75d5d;fill-opacity:1" />
    <path
       d="M 389.18 548.94 422.62 546.26 423.79 549.86 426.58 553.12 426.21 555.7 430.11 559.48 431.13 565.69 433.57 568.35 438.86 570.1 441.71 570.07 444.92 571.91 447.76 576.33 446.59 581.48 448.28 584.49 447.38 587.77 445.65 588.4 446.67 594.44 444.78 593.82 441.39 590.08 437.43 590.13 434.15 589.3 428.84 585.29 426.65 585.69 415.94 582.86 407.63 582.58 402.35 579.54 404.34 570.55 400.1 563.62 398.66 558.75 389.17 550.42 389.18 548.94 Z M 345.66 452.81 354.08 452.91 356.5 456.71 358.15 457.03 363.46 462.69 363.53 465.11 365.29 467.8 365.78 471.19 365.12 474.17 362.18 476.44 365.66 478.38 365.33 482.65 366.32 486.23 371.09 492.07 371.38 495.6 375.26 498.29 383.65 498.6 388.72 500.57 386.5 504.6 389.22 508.1 389.8 514.8 390.85 517.94 389.18 520.96 390.45 523 402.02 523.05 403.68 524.4 405.1 530.78 386.84 530.9 385.57 533.86 383.24 535.29 369.41 535.3 367.57 529.16 364.75 528.41 360.4 521.96 357.39 522.53 353.57 519.65 349.97 519.41 344 521.87 342.86 525.23 338.82 529.2 335.79 533.26 326.96 529 323.84 530.85 322.12 528.12 315.33 528.05 318.02 519.71 322.43 513.59 322.12 511.34 319.82 507.72 315.35 507.88 313.74 509.35 311 508.58 311.5 503.55 314.42 503.39 316.77 499.03 314.29 498.91 311.7 494.67 315.86 491.89 314.91 486.46 313.25 483.44 314.86 481.82 315.2 477.15 309.83 475.6 310.96 473.28 311.49 468.73 313.41 468.21 317.82 471.01 328.23 467.07 332.92 468.87 336.91 471.18 357.47 471.17 355.11 469.92 350.78 460.94 348.65 461.09 345.96 455.08 345.66 452.81 Z"
       id="St.-Martin"
       fill="#e8ead8"
       style="fill:#d72f30;fill-opacity:1" />
    <path
       d="M 675.07 621.6 678.76 620.87 680.23 619.47 684.54 619.57 680.73 623.52 679.34 626.43 677.05 624.76 675.07 621.6 Z M 615.24 558.54 618.16 559.59 618.43 556.82 622.79 557.19 626.46 558.86 629.27 563.49 630.33 563.26 632.69 569.37 635.41 572.47 636.83 576.01 638.36 576.42 642.85 574.91 646.09 575.3 649.79 579.77 651 582.81 660.16 582.44 662.39 583.23 664.46 585.81 665.76 589.69 669.42 590.93 674.46 595.83 683.37 598.47 687.24 600.57 684.24 599.48 681.56 600.27 679.88 602.33 675.77 603.71 673.87 602.31 669.8 603.61 673.65 606.34 677.62 610.6 674.49 610.61 671.35 605.71 667.4 605.51 668.06 612.31 671.28 612.49 672.63 614.49 669.27 616.51 666.05 616.76 667.25 621.28 670.36 622.19 670.37 623.89 673.07 627.24 677.91 629.61 684.04 628.76 683.7 632.1 688.88 637.93 689.69 641.27 692.04 644.85 688.26 644.63 689.14 647.7 693.23 648.43 699.73 644.92 704.74 647.23 713.17 647.02 716.82 648.57 720.28 652.73 723.05 652.74 724.92 649.8 731.46 653.51 733.59 658.28 736.47 661.5 741.77 654.3 744.63 655.44 747.4 661.53 751.29 663.57 753.02 668.05 755.33 670.26 753.15 674.02 755.43 677.39 754.43 679.29 762.37 680.64 769.31 676.68 772.5 681.73 770.64 683.53 766.13 682.18 765.55 684.67 761.04 684.67 756.17 686.72 758.53 690.43 763.47 691.21 767.49 690.84 763.43 698.85 761.48 695.58 757.57 694.36 757.17 698.57 755.72 701.95 750.99 702.59 750.94 707.91 749.35 711.34 751.9 716.64 739.99 711.39 740.39 707.29 739.41 703.94 736.27 700.47 734.64 700.73 733.54 705.15 729.84 706.11 724.95 712.5 722.13 715.02 715.36 723.53 711.21 728 709.06 727.74 711.48 723.74 711.95 720.88 716.43 715.7 719.27 710.54 719.17 708.04 720.51 705.5 724.14 705.47 726.48 699.91 726.71 694.24 727.63 691.9 730.28 691.16 729.77 687.23 730.5 684.79 727.54 680.36 723.87 679.94 722.35 681.92 722.84 684.3 721.97 689.35 719.11 692.78 711.5 693.96 707.12 690.35 703.97 683.81 698.29 677.98 689.87 674.37 679.04 671.44 676.2 668.73 673.71 664.99 668.72 665.33 660.24 662.79 642.11 660.41 643.23 656.24 644.71 653.96 648.41 654.21 650.17 658.63 653.47 657.16 654.92 654.68 660.14 653.23 665.93 652.98 672.38 649.8 673.49 650.37 676.11 655.07 680.4 653.28 678.25 647.73 673.8 646.07 668.8 647.4 664.88 647.05 661.54 647.87 653.53 647.76 653.24 646.23 649.93 644 646.27 645.96 644.46 643.23 641.73 642.19 642.94 636.75 645.92 635.28 642.72 632.74 638.6 633.6 638.43 636.32 635.46 639.97 634.33 638.13 629.92 637.61 627.62 639.18 625.95 635.79 620.88 635.72 620.49 622.61 618.95 619.92 620.1 614.37 618.97 607.06 616.7 606.74 614.48 597.73 612.34 595.51 610.58 591.83 606.39 586.4 606.61 583.87 605.03 580.57 607.39 578.22 605.6 573.74 606.02 570.46 612.33 566.13 615.24 558.54 Z"
       id="Plaquemines"
       fill="#bbea90"
       style="fill:#e27f7f;fill-opacity:1" />
    <path
       d="M 395.24 8.11 420.79 8.3 419.58 11.23 420.25 13.78 418.52 17.93 415.75 18.81 413.73 24.59 413.48 31.89 410.25 32.97 408.6 38.38 409.61 40.85 408.84 52.4 403.99 61.34 403.63 64.25 400.89 63.64 400.11 65.67 401.36 70.16 401.19 72.92 399.66 76.24 400.45 79.03 396.56 80.22 393.74 83.4 371.07 83.33 371 68.24 364.89 68.2 367.23 65.96 366.94 63.17 364.71 61.96 366.17 59.05 367.91 58.56 370.99 53.73 371.18 49.54 369.78 47.69 372.16 44.95 371.91 43.39 374.55 40.16 375.56 34.91 380.4 30.93 383.88 30.66 386.4 28.57 385.86 26.64 389.24 21.67 388.65 20.65 392.17 15.26 394.02 14.23 395.24 8.11 Z"
       id="West-Carroll"
       fill="#cde2b7"
       style="fill:#d72f30;fill-opacity:1" />
    <path
       d="M 639.14 421.77 615.54 422.08 575.62 414.17 574.46 404.71 572.55 402.99 571.94 399.68 569.71 397.55 570.18 394.77 568.45 389.71 566.25 386.12 565.96 382.58 563.96 380.64 561.38 380.05 561.16 363.26 625.94 362.39 651.97 361.98 655.04 361.41 655.8 363.44 654.65 368.2 651.55 372.33 653.38 376.66 651.6 379.85 649.03 380.63 649.92 386.02 647.48 388.3 646.55 392.14 647.61 392.97 643.1 398.99 640.34 404.21 641.51 408.17 641.1 411.2 638.42 414.37 639.97 415.73 638.3 420.98 639.14 421.77 Z"
       id="Washington"
       fill="#c4e4e2"
       style="fill:#e27f7f;fill-opacity:1" />
    <path
       d="M 329.88 587.31 332.05 585.26 352.17 568.38 365.65 550.82 389.18 548.94 389.17 550.42 398.66 558.75 400.1 563.62 404.34 570.55 402.35 579.54 407.63 582.58 415.94 582.86 426.65 585.69 428.84 585.29 434.15 589.3 437.43 590.13 441.39 590.08 444.78 593.82 446.67 594.44 446.66 602.06 445.87 603.99 449.39 607.3 441.05 610.33 436.85 613.36 433.75 610.66 429.51 613.72 427.32 616.28 427.59 618.84 425.66 620.88 421.83 621.92 420.04 624.59 421.06 627.25 419.86 633.49 416.75 633.74 410.44 632.37 408.06 630.4 407.66 627.36 403.59 626.3 401.9 627.43 396.44 626.51 396.01 622.76 392.64 621.68 385.34 622.89 382.06 624.52 378.94 618.11 379.24 614.75 376.31 605.72 372.67 605.03 365.23 606.94 363.55 604.7 365.73 599.45 365.44 597.29 366.71 590.82 365.01 587.03 358.04 586.1 351.72 587.69 348.12 585.35 342.59 586.16 333.16 590.6 330.35 592.72 326.25 591.32 329.67 588.84 329.88 587.31 Z"
       id="St.-Mary"
       fill="#cee8ef"
       style="fill:#d75d5d;fill-opacity:1" />
    <path
       d="M 313.21 534.38 315.33 528.05 322.12 528.12 323.84 530.85 326.96 529 335.79 533.26 338.82 529.2 342.86 525.23 344 521.87 349.97 519.41 353.57 519.65 357.39 522.53 360.4 521.96 364.75 528.41 367.57 529.16 369.41 535.3 383.24 535.29 385.57 533.86 386.84 530.9 405.1 530.78 420.48 530.69 422.5 534.15 427.4 536.67 425.6 541 421.98 541.17 422.62 546.26 389.18 548.94 365.65 550.82 352.17 568.38 332.05 585.26 329.88 587.31 326.41 585.67 326.14 584.15 329.95 580.11 332.78 580.82 334.4 579.6 334.88 576.41 333.69 571.3 328.79 571.77 325.79 570.16 321.94 570.94 320.63 572.99 317.19 573.43 311.85 570.41 309.17 546.18 308.68 543.69 310.49 542.6 313.21 534.38 Z M 302.35 615.72 306.48 611.24 310.01 609.29 312.73 610.4 316.63 610.02 318.78 606.74 322.34 605.25 324.14 606.89 328.02 606.63 334.55 611.42 337.26 611.9 337.86 613.95 340.66 613.01 343 616.49 347.48 616.55 348.06 618.66 351.7 619.88 348.26 622.59 343.59 625.29 342.22 628.8 343.13 631.39 340.34 632.67 337.65 631.81 334.85 634.27 330.99 633.3 328.53 629.04 326.09 628.97 320.35 626.3 314.45 622.79 308.33 620.48 303.1 617.29 302.35 615.72 Z"
       id="Iberia"
       fill="#c7d5e6"
       style="fill:#d72f30;fill-opacity:1" />
    <path
       d="M 103.57 111.16 124.01 111.51 124.09 103.67 137.57 103.83 137.79 101.12 135.23 95.18 134.16 88.19 134.75 86.92 133.26 80.67 178.01 81.25 177.92 104.54 193.34 104.81 193.46 128.14 193.31 143.72 191.22 147.13 189.18 147.86 189.07 152.77 186.26 157.15 186.86 159.06 168.19 158.72 130.75 158.05 130.12 152.74 127.25 150.24 127.58 144.9 126.96 142.44 95.58 141.89 94.58 142.03 97.71 139.41 97.98 133.38 95.15 129.98 98.13 121.73 98.89 118.43 95.65 116.86 96.2 112.9 101.13 113.55 103.57 111.16 Z"
       id="Bienville"
       fill="#bce4ec"
       style="fill:#e27f7f;fill-opacity:1" />
    <path
       d="M 527.58 363.63 561.16 363.26 561.38 380.05 563.96 380.64 565.96 382.58 566.25 386.12 568.45 389.71 570.18 394.77 569.71 397.55 571.94 399.68 572.55 402.99 574.46 404.71 575.62 414.17 576.48 417.15 576.09 422.18 577.58 425.76 576.45 429.96 577.75 434.78 577.48 438.34 578.08 475.95 575.27 478.2 568.61 488.25 566.51 487.57 561.77 487.96 558.19 490.37 553.36 490.26 550.45 488.1 551.68 485.53 550.3 483.94 543.57 481.25 542.69 479.87 542.08 477.55 538.46 476.6 538.48 472.65 536.32 471.31 536.37 468.76 531.37 464.3 530.84 457.92 528.23 454.5 528.01 425.62 528.19 423.15 527.79 394.64 527.58 363.63 Z"
       id="Tangipahoa"
       fill="#f3d7d4"
       style="fill:#e27f7f;fill-opacity:1" />
    <path
       d="M 39.4 1.75 39.86 4.93 38.4 7.07 39.68 11.98 37.78 14.67 40.95 17.33 38.01 22.56 38.02 25.69 40.99 28.61 41.3 32.07 42.97 34.42 40.25 41.24 42.08 41.1 43.2 43.78 41.92 47.98 37.01 52.16 36.48 55.44 40.08 53.82 42.39 54.14 43.09 56.36 42.03 62.37 46.98 63.91 43.69 66.33 47.41 71.01 46.33 75.58 46.4 78.57 49.04 78.05 48.41 81.64 45.51 82.98 46.31 87.48 47.95 91.24 55.17 95.98 54.39 97.54 56.82 101.63 55.49 103.51 58.32 104.88 55.62 107.88 57.29 113.73 59.89 111 64.15 113.35 65.33 119 66.86 121.44 71.42 121.6 72.26 125.24 74.44 124.55 77.39 125.35 79.84 127.93 81.73 132.29 80.23 135.01 85.1 136.48 87.09 138.37 88.44 141.58 66.54 141.1 66.71 136.21 65.29 132.91 63.21 131.66 62 129.14 59.02 126.76 55.61 126.8 54.59 125.52 51.53 126.75 48.29 124.99 47.04 122.3 43.34 121.62 39.67 122.76 37.87 124.49 37.19 127.71 31.33 130.8 30.23 132.61 29.32 137.75 23.89 142.11 15.63 147.44 1.84 147.05 3.85 58.89 5.24 1 39.4 1.75 Z"
       id="Caddo"
       fill="#cee9e7"
       style="fill:#ffb2b2;fill-opacity:1" />
    <path
       d="M 532.47 701.67 545 706.06 544.5 707.37 535.78 704.14 532.47 701.67 Z M 419.86 633.49 421.06 627.25 420.04 624.59 421.83 621.92 425.66 620.88 427.59 618.84 427.32 616.28 429.51 613.72 433.75 610.66 436.85 613.36 441.05 610.33 449.39 607.3 461.08 591.62 480.68 591.25 480.36 586.1 486.65 585.99 486.21 584.31 488.74 582.75 488.74 580.76 492.12 580.99 492.28 585.41 494.88 585.75 498.24 594.87 501.79 598.25 504.37 598.45 507.78 600.5 511.61 604.81 515.16 610.39 520.88 611.89 523.87 616.54 528.15 618.99 529.13 623.18 531.86 623.86 538.81 633.33 544.98 637.83 546.47 641.73 552.56 648.73 554.93 649.74 557.72 652.64 558.67 655.94 557.63 660.26 559.19 664.12 558.16 667.84 556.14 670.97 555.93 662.89 551.66 659.52 550.95 656.59 549.25 655.96 546.15 658.1 547.52 660.91 543.29 666.14 539.21 663.88 535.03 664.26 531.61 667.46 528.05 662.52 524.87 664.31 524.5 666.92 526.4 669.95 525.69 674.46 529.67 675.77 528.52 677.38 525.22 675.53 522.75 679.99 519.04 680.18 516.94 687.66 512.84 687.28 510.02 695.97 507.37 697.53 505.52 694.07 503.56 694.32 502.17 697.34 499.26 697.28 497.68 699.15 495.46 699.14 493.25 701.6 493.05 706.23 488 706.54 485.59 705.09 483.03 699.43 479.75 696.6 478.12 692.98 475.42 692.03 468.69 685.31 465.03 687.5 460.74 687.19 458.21 685.06 458.2 682.71 456.44 681.08 452.35 685.74 447.65 684.28 442.21 679.27 434.5 678.91 428.94 678.18 417.57 673.09 410.22 664.73 416.41 663.56 419.62 659.55 419.43 657.74 421.11 654.44 424.87 652.88 425 655.34 431.4 664.33 434.7 661.52 436.12 663.66 435.58 668.84 436.66 673.42 442.29 674.45 444.08 672.61 441.71 668.52 443.88 664.13 441.67 657.94 438.96 657.27 437.33 654.41 434.78 653.95 431.54 651.81 431.25 649.37 428.23 648.03 429.4 643.81 427.97 641.07 422.49 639.55 420.95 634.04 419.86 633.49 Z"
       id="Terrebonne"
       fill="#e8c7b1"
       style="fill:#d75d5d;fill-opacity:1" />
    <path
       d="M 378.52 230.66 395.55 230.85 397.07 230.07 403.8 231.42 403.46 233.97 400.9 237.85 400.44 241.96 401.1 249.76 400.3 253.98 397.25 255.54 390.77 253.97 385.64 249.53 382.75 252.73 382.76 255.48 384.85 258.33 387.51 260.03 391.72 259.79 397 258.11 399.85 259.41 399.25 263.02 392.85 268.29 388.33 269.93 386.83 269.24 382.85 269.83 382.48 278.23 383.2 285.17 385.22 289.4 389.47 293.77 389.4 298.13 388.42 299.26 384.58 299.25 382.78 298.31 380.3 294.76 377.86 287.24 375.31 288.87 373.3 293.18 374.72 296.99 377.62 297.23 377.75 302.38 383.67 307.79 383.84 312.25 382.36 315.15 376.97 317.31 373.84 317.61 364.22 316.46 361.72 318.57 363.18 322.35 366.11 323.84 369.68 326.95 371.44 329.59 371.59 332.27 370.36 334.94 366.59 339.65 365.93 343.19 367.63 345.42 374.81 351.49 375.98 354.34 375.29 357.03 371.31 360.87 364.2 364.01 360.28 369.15 360.93 364.9 363 360.16 361.99 356.94 360.03 355.96 355.11 356.94 350.96 356.03 353.04 349.99 352.14 347.33 354.05 345.52 352.21 343.14 351.75 340.01 354.68 335 356.6 335.18 358.14 330.56 356.06 328.09 353.45 326.84 351.35 328.5 348.84 327.7 345.79 324.45 342.88 324.48 337.79 321.79 337.11 319.19 334.27 316.59 335.89 314.6 335.07 311.51 333.26 311.96 330.05 310.19 329.26 307.73 329.92 300.95 332.72 297.16 334.76 296.62 338.19 298.12 341.2 297.42 343.11 295.55 341.76 293.81 336.99 293.68 332.67 291.2 331.1 288.65 329.89 281.14 331.18 278.66 331.16 275.85 332.65 274.7 335.29 275.66 337.9 282.63 338.05 285.23 341.96 285.59 344.71 287.06 348.94 287.36 351.15 286.07 351.61 283.72 350.06 281.29 342.83 280.85 339.83 279.91 339.68 276.46 342.1 274.76 343.16 272.48 342.76 269.7 337.72 265.45 335.7 262.32 335.64 258.91 338.8 251.94 343.43 248.84 345.15 249.64 346.41 253.46 349.27 254.99 354.03 249.9 352.99 243.29 354.71 239.24 355.83 233.52 357.97 232.04 360.67 234.58 364.71 234.64 368.01 231.73 369.84 228.86 372.58 229.93 374.33 233.42 377.99 235.81 379.95 233.15 378.52 230.66 Z"
       id="Concordia"
       fill="#f4ddd3"
       style="fill:#e27f7f;fill-opacity:1" />
    <path
       d="M 247.8 97.96 247.99 82.48 264.52 82.66 265.9 81.75 269.24 83.01 276.91 80.76 277.56 77.59 289.72 68.98 289.33 66.67 292.44 66.73 296.78 64.46 300.75 58.02 303.86 60.96 305.53 59.95 308.11 62.04 314.86 61.13 315.4 64.64 321.83 71.94 321.78 76.68 319.15 80.5 321.31 85.08 322.26 89.31 324.27 91.48 324.73 95.02 323.38 96.68 320.48 99.04 317.37 108.06 312.68 112.96 309.52 118.86 308.41 124.55 308.72 126.38 307.1 133.54 304.87 137.15 294.02 137.15 294.02 140.37 287.04 140.3 284.55 137.08 263.01 136.83 263.11 129.09 247.64 113.5 247.8 97.96 Z"
       id="Ouachita"
       fill="#b6a8f0"
       style="fill:#e27f7f;fill-opacity:1" />
    <path
       d="M 307.87 305.91 308.1 277.12 308.07 259.11 308.32 222.46 308.69 222.46 308.86 199.24 324.3 199.31 324.2 191.51 326.42 191.47 331.85 193.86 332.63 196.57 336.4 201.07 338.16 200.5 340.07 202.34 339.99 205.67 342.97 207.55 346.48 207 350.12 207.62 351.71 205.52 354.03 205.1 357.79 200.14 359.58 199.83 363.06 191.82 370.78 191.86 370.65 207.32 373.94 207.32 374.69 210.96 374.92 217.31 373.41 221.74 374.41 224.77 378.52 230.66 379.95 233.15 377.99 235.81 374.33 233.42 372.58 229.93 369.84 228.86 368.01 231.73 364.71 234.64 360.67 234.58 357.97 232.04 355.83 233.52 354.71 239.24 352.99 243.29 354.03 249.9 349.27 254.99 346.41 253.46 345.15 249.64 343.43 248.84 338.8 251.94 335.64 258.91 335.7 262.32 337.72 265.45 342.76 269.7 343.16 272.48 342.1 274.76 339.68 276.46 339.83 279.91 342.83 280.85 350.06 281.29 351.61 283.72 351.15 286.07 348.94 287.36 344.71 287.06 341.96 285.59 338.05 285.23 337.9 282.63 335.29 275.66 332.65 274.7 331.16 275.85 331.18 278.66 329.89 281.14 331.1 288.65 332.67 291.2 336.99 293.68 341.76 293.81 343.11 295.55 341.2 297.42 338.19 298.12 334.76 296.62 332.72 297.16 329.92 300.95 329.26 307.73 330.05 310.19 333.26 311.96 335.07 311.51 335.89 314.6 334.27 316.59 331.13 316.94 328.89 314.02 322.93 311.14 320.19 311.47 317.18 315.51 318.84 321.46 315.74 320.15 312.97 323.75 309.78 322.99 310.83 319.56 308.61 317.92 308.18 314.75 305.52 313.52 306.08 311.38 308.82 307.36 307.87 305.91 Z"
       id="Catahoula"
       fill="#e7d5a7"
       style="fill:#d75d5d;fill-opacity:1" />
    <path
       d="M 416.04 426.09 417.31 421.05 420.17 420.54 421.01 417.48 422.98 416.24 484.79 413.54 485.5 415.56 480.57 419.39 475.35 426 473.22 427.89 469.7 433.03 465.94 435.34 463.72 439.83 465.3 440.38 466 443.5 464.79 445.82 464.73 449.26 466.66 451.73 466.33 453.86 463.07 459.26 463.77 461.67 465.85 463.55 464.46 465.72 468.16 468.91 466.04 470.67 467.73 472.33 469.6 471.21 471.45 476.14 476.35 477.1 478.46 479.89 476.49 480.72 471.13 480.79 465.68 479.65 460.62 481.26 458.6 484.17 454.11 485.2 447.53 484.35 444.08 485.76 441.43 485.64 439.98 483.89 438.13 481.07 431.91 479.7 427.59 480.84 425.56 480.15 424.69 477.83 425.85 474.69 428.71 471.37 431.08 466.92 431.68 463.33 431.46 451.37 429.6 448.51 421.41 451.67 419.3 451.76 418.62 449.3 423.96 446.24 424.42 443.17 420.73 439.74 414.79 439.65 413.34 435.89 415.4 433.19 416.78 429.28 416.04 426.09 Z"
       id="East-Baton-Rouge"
       fill="#f1c9ad"
       style="fill:#a5b0ff;fill-opacity:1" />
    <path
       d="M 475.35 426 528.01 425.62 528.23 454.5 530.84 457.92 531.37 464.3 536.37 468.76 536.32 471.31 538.48 472.65 538.46 476.6 542.08 477.55 542.69 479.87 538.9 480.88 531.75 487.17 530.06 487.32 527.37 491.26 525.96 494.78 526.31 498.71 527.96 500.7 527.19 503.14 524.53 503.72 518.54 501.68 516.11 499.64 511.31 504.29 512.2 505.82 510.41 508.92 508.32 509.74 505.08 507.28 504.59 504.36 500.48 498.22 497.61 498.51 494.08 494.47 494.97 491.34 490.77 491.86 488.72 488.99 487.86 484.57 481.59 480.02 478.46 479.89 476.35 477.1 471.45 476.14 469.6 471.21 467.73 472.33 466.04 470.67 468.16 468.91 464.46 465.72 465.85 463.55 463.77 461.67 463.07 459.26 466.33 453.86 466.66 451.73 464.73 449.26 464.79 445.82 466 443.5 465.3 440.38 463.72 439.83 465.94 435.34 469.7 433.03 473.22 427.89 475.35 426 Z"
       id="Livingston"
       fill="#a5a7e4"
       style="fill:#d75d5d;fill-opacity:1" />
    <path
       d="M 484.79 413.54 486.25 412.64 484.79 409.27 485.6 405.6 485.36 400.53 486.86 396.92 485.37 394.18 485.89 390.95 483.39 388.29 484.73 383.24 483.76 381.54 483.75 377.53 482.44 374.11 485.25 370.34 485.57 366.53 488.08 363.91 527.58 363.63 527.79 394.64 528.19 423.15 528.01 425.62 475.35 426 480.57 419.39 485.5 415.56 484.79 413.54 Z"
       id="St.-Helena"
       fill="#c6edcf"
       style="fill:#ffb2b2;fill-opacity:1" />
    <path
       d="M 346.93 360.52 352.44 362.68 355.14 360.34 359.94 363.03 360.93 364.9 360.28 369.15 362.95 376.5 360.51 382.52 360.33 388.71 362.6 391.39 365.93 392.23 369.32 391.23 373.06 391.18 374.75 392.87 376.45 390.77 375.36 384.62 373.46 382.83 367.68 381.33 367.58 378.53 374.65 378.33 377.56 378.79 381.81 383.43 382.69 388.52 379.02 400.95 376.29 403.26 372.13 404.21 370.56 408.16 374.13 410.85 376.93 411.66 383.53 409.99 387.05 409.81 392.65 410.73 400.82 406.94 403.33 406.72 406.18 410.18 407.54 413.29 409.45 422.42 410.95 424.47 414.18 426 412.64 429.03 405.68 436.92 405.72 440.26 400.58 440.41 399.09 444.98 398.03 445.46 398.06 450.55 387.79 450.63 387.26 453.06 380.92 453.23 372.17 455.64 372.18 453.09 354.08 452.91 345.66 452.81 348.78 451.03 349.26 448.89 345.58 441.39 346.47 434.1 345.96 432.55 348.08 429 347.26 424.34 349.35 422.72 349.2 416.44 345.55 409.76 345.82 406.37 343.92 401.89 338.04 397.31 339.41 394.14 336.85 390.74 338.95 385.95 338.71 367.74 342.01 366.35 343.24 363.38 346.93 360.52 Z"
       id="Pointe-Coupee"
       fill="#abe3a6"
       style="fill:#e27f7f;fill-opacity:1" />
    <path
       d="M 262.85 160.12 263.01 136.83 284.55 137.08 287.04 140.3 294.02 140.37 294.02 137.15 304.87 137.15 311.07 137.27 310.03 140.47 310.24 144.53 313.33 148.04 309.03 150.59 309.96 152.59 312.65 152.09 314.05 156.81 317.37 155.52 320.1 157.11 323.45 156.45 326.25 157.69 325.83 159.57 325.87 161.97 329.61 166.01 328.85 168 324.34 172.65 321.03 173.04 324.41 178.48 324.5 181.93 325.76 184.58 324.59 187.19 326.42 191.47 324.2 191.51 324.3 199.31 308.86 199.24 262.43 198.86 262.85 160.12 Z"
       id="Caldwell"
       fill="#8e94e1"
       style="fill:#d72f30;fill-opacity:1" />
    <path
       d="M 325.83 159.57 327.49 156.6 335.55 154.38 337.19 148.6 343.7 144.16 344.85 140.91 344.12 137.33 345.96 132.48 346.16 127.04 351.1 127.37 355.1 125.39 355.52 121 357.61 120.71 358.51 118.38 361.64 118.08 365.14 114.61 389.02 114.69 389.12 118.32 392.74 121.26 390.59 124.37 388.4 123.62 389.73 130.32 384.86 130.88 384.95 134.27 382.29 133.05 381.05 134.97 381.87 141.74 378.95 140.68 376.8 142.15 379.03 144.35 380.01 150.42 386.4 150.59 386.16 160.27 384.78 160.93 384.57 166.06 386.94 170.25 385.13 174.86 385.13 178.5 383.83 182.86 385.78 184.77 385.61 188.28 383.13 189.23 382.76 192.05 383.63 199.05 381.57 201.62 378.81 201.92 374.87 205.5 373.94 207.32 370.65 207.32 370.78 191.86 363.06 191.82 359.58 199.83 357.79 200.14 354.03 205.1 351.71 205.52 350.12 207.62 346.48 207 342.97 207.55 339.99 205.67 340.07 202.34 338.16 200.5 336.4 201.07 332.63 196.57 331.85 193.86 326.42 191.47 324.59 187.19 325.76 184.58 324.5 181.93 324.41 178.48 321.03 173.04 324.34 172.65 328.85 168 329.61 166.01 325.87 161.97 325.83 159.57 Z"
       id="Franklin"
       fill="#c6a2a0"
       style="fill:#d75d5d;fill-opacity:1" />
    <path
       d="M 25.03 210.11 25.12 209.99 69.6 210.65 91.42 211.17 90.91 234.35 106.57 234.68 106.14 265.88 121.46 266.21 120.97 296.95 97.56 296.61 89.35 311.96 75.7 311.64 75.06 315.95 72.35 318.03 72.87 323.52 72.29 327.79 66.74 331.24 64.98 329.33 64.02 324.12 65.33 320.82 62.45 319.18 63.1 314.17 61.89 312.26 58.65 312.28 56.28 310.39 55.19 307.69 52.12 305.36 55.13 300.15 55.03 291.42 49.96 285.98 51.87 282.17 50.16 279.94 47.44 279.79 43.34 277.01 44.55 274.4 46.74 273.5 48.98 268.94 45.94 269.17 44.57 266.72 38.79 266.86 32.85 260.91 32.67 259.02 30.18 253.6 33.37 250.56 33.86 247.79 32.4 241.62 35.81 238.37 37.38 235.49 34.01 234.23 34.6 231.2 31.26 227.12 33.28 222.45 31.61 220.95 30.97 217.92 25.69 214.02 25.03 210.11 Z"
       id="Sabine"
       fill="#a0abe9"
       style="fill:#d72f30;fill-opacity:1" />
    <path
       d="M 202.41 5.39 277.49 7.08 300.51 7.4 298.76 16.4 299.26 20.58 299.13 27.81 298.07 29.75 298.94 32.82 302.25 37.7 300.74 40.55 302.7 45.3 301.1 51.07 302.64 55.56 300.75 58.02 296.78 64.46 292.44 66.73 289.33 66.67 289.72 68.98 277.56 77.59 276.91 80.76 269.24 83.01 265.9 81.75 264.52 82.66 247.99 82.48 248.14 66.97 232.56 66.72 232.64 58.65 228.66 58.28 224.85 52.83 221.5 51.54 218.54 52.06 215.01 50.83 201.76 50.64 202.41 5.39 Z"
       id="Union"
       fill="#9fc4c7"
       style="fill:#d72f30;fill-opacity:1" />
    <path
       d="M 72.29 327.79 72.87 323.52 72.35 318.03 75.06 315.95 75.7 311.64 89.35 311.96 97.56 296.61 120.97 296.95 152.07 297.6 158.18 298.25 159.75 300.68 162.33 303.28 167.46 303.38 167.46 304.76 172.63 304.78 175.16 306.11 175.11 311.25 177.69 311.28 177.64 313.81 180.13 313.86 180.13 317.61 182.65 317.8 182.36 360.54 182.92 360.53 182.68 381.62 182.6 384.25 166.66 384.15 158.98 383.77 151.22 383.38 135.24 383.48 135.23 382.53 91.29 381.84 82.51 385.83 78.28 384.31 75.79 382.12 70.92 382.4 70.25 383.93 67.97 381.09 69.19 379.29 71.82 378.88 70.47 376 74.7 374.13 75.5 371.84 74.69 368.16 69.02 364.86 69.85 362.78 67.74 360.62 69.7 358.32 73.73 359.26 76.5 354.35 75.09 351.59 77 349.83 74.95 347.54 71.98 346.7 70.99 343.41 74.01 340.44 72.78 333.08 75.22 328.05 72.29 327.79 Z"
       id="Vernon"
       fill="#d5d6f7"
       style="fill:#d72f30;fill-opacity:1" />
    <path
       d="M 597.87 534.98 599.91 535.21 609.08 533.81 611.31 533.93 618.96 530.49 622.08 528.31 626.88 523.68 634.11 513.29 637.1 512.62 637.91 517.09 640.4 521.63 641.95 522.74 647.93 521.02 653.92 514.29 654.98 512.16 654.8 508.24 659.16 510.92 664.37 508.31 669.01 511.08 673.62 511.77 668.87 518.34 665.25 520.84 664.68 526.05 659.15 527.34 657.32 530.14 659.82 534.41 657.35 535.58 651.95 531.45 644.18 531.56 639.99 535.95 638.3 539.37 638.03 541.28 634.56 542.23 632.53 539.4 629.51 540.01 627.37 542.05 623.55 543.26 620.04 541.06 617.85 541.85 614.51 549.6 621.09 553.3 625.89 553.27 628.63 554.8 631.59 560.95 630.33 563.26 629.27 563.49 626.46 558.86 622.79 557.19 618.43 556.82 618.16 559.59 615.24 558.54 608.3 550.89 605.37 554.44 600.34 556.35 595.99 555.65 595.04 554.63 594.75 549.48 597.05 544.42 597.87 534.98 Z"
       id="Orleans"
       fill="#c7f1bc"
       style="fill:#584cde;fill-opacity:1" />
    <path
       d="M 254.64 222.03 255.51 219.77 258.14 218.2 261.06 208.09 260.68 205.78 262.37 204.44 262.43 198.86 308.86 199.24 308.69 222.46 308.32 222.46 308.07 259.11 308.1 277.12 307.87 305.91 303.44 302.86 298.64 305.56 295.9 304.14 297.18 302.05 296.46 298.9 290.82 296.28 288.59 293.06 286.5 291.71 283.76 282.74 284.81 280.69 279.44 278.76 276.92 278.07 273.03 274.89 268.81 276.03 266.41 274.11 267.7 271.9 266.89 268.72 263.38 266.13 263.97 263.5 262.24 261.71 262.78 258.83 257.3 257.66 254.74 256.23 253.61 253.61 255.99 252.09 253.85 249.78 254.52 247.34 253.97 244.07 254.94 239.87 252.99 238.88 253.6 235.2 255.71 234.1 255.21 231.59 257.26 229.45 254.64 222.03 Z"
       id="LaSalle"
       fill="#ccdfe7"
       style="fill:#d72f30;fill-opacity:1" />
    <path
       d="M 265.83 369.57 276.82 369.71 275.64 364.98 273.16 340.13 273.58 306.43 275.61 304.48 281.69 305.48 282.17 308.33 286.67 310.02 289.87 309.3 295.9 304.14 298.64 305.56 303.44 302.86 307.87 305.91 308.82 307.36 306.08 311.38 305.52 313.52 308.18 314.75 308.61 317.92 310.83 319.56 309.78 322.99 312.97 323.75 315.74 320.15 318.84 321.46 317.18 315.51 320.19 311.47 322.93 311.14 328.89 314.02 331.13 316.94 334.27 316.59 337.11 319.19 337.79 321.79 342.88 324.48 345.79 324.45 348.84 327.7 351.35 328.5 353.45 326.84 356.06 328.09 358.14 330.56 356.6 335.18 354.68 335 351.75 340.01 352.21 343.14 354.05 345.52 352.14 347.33 353.04 349.99 350.96 356.03 346.93 360.52 343.24 363.38 342.01 366.35 338.71 367.74 338.95 385.95 336.85 390.74 293.22 390.18 276.08 390.29 272.22 390.32 272.21 382.54 265.79 374.73 265.83 369.57 Z"
       id="Avoyelles"
       fill="#cad1f8"
       style="fill:#d75d5d;fill-opacity:1" />
    <path
       d="M 159.75 300.68 164.97 300.77 165 297.05 170.17 297.04 170.2 293.22 174.01 293.29 174.04 290.75 176.62 290.77 176.63 288.19 180.39 288.21 180.44 285.6 185.58 284.35 185.57 281.88 188.25 281.83 190.81 279.37 193.48 278.16 193.52 276.42 200.07 270.96 203.08 275.53 201.85 282.82 205.18 283.36 203.52 290.55 204.95 292.45 207.01 291.91 208.96 294.01 213.03 293.63 220.5 291.82 263.4 281.99 266.72 281.58 279.44 278.76 284.81 280.69 283.76 282.74 286.5 291.71 288.59 293.06 290.82 296.28 296.46 298.9 297.18 302.05 295.9 304.14 289.87 309.3 286.67 310.02 282.17 308.33 281.69 305.48 275.61 304.48 273.58 306.43 273.16 340.13 275.64 364.98 276.82 369.71 265.83 369.57 258.18 369.81 256.53 366.57 254.5 366.09 249.47 362.95 246.3 364.43 245.56 366.89 238.47 370.97 235.31 371.56 235.49 376.37 234.18 379.2 229.24 381.83 224.86 380.16 221.92 381.35 217.25 381.34 217.27 380.82 198.44 380.64 198.41 381.95 182.68 381.62 182.92 360.53 182.36 360.54 182.65 317.8 180.13 317.61 180.13 313.86 177.64 313.81 177.69 311.28 175.11 311.25 175.16 306.11 172.63 304.78 167.46 304.76 167.46 303.38 162.33 303.28 159.75 300.68 Z"
       id="Rapides"
       fill="#f1c1ac"
       style="fill:#d75d5d;fill-opacity:1" />
    <path
       d="M 276.08 390.29 293.22 390.18 336.85 390.74 339.41 394.14 338.04 397.31 343.92 401.89 345.82 406.37 345.55 409.76 349.2 416.44 349.35 422.72 347.26 424.34 348.08 429 345.96 432.55 346.47 434.1 345.58 441.39 349.26 448.89 348.78 451.03 345.66 452.81 345.96 455.08 348.65 461.09 350.78 460.94 355.11 469.92 357.47 471.17 336.91 471.18 332.92 468.87 328.23 467.07 317.82 471.01 313.41 468.21 311.49 468.73 310.96 473.28 309.83 475.6 307.94 476.31 305.68 475.08 304.23 476.9 299.49 473.83 295.29 476.93 294.94 480.66 293.42 482.36 286.16 487.81 286.29 483.92 283.69 483.9 283.7 478.74 281.06 478.76 281.07 463.31 270.66 463.26 270.63 455.55 232.49 455.15 233.94 453.28 236.95 452.57 237.78 447.37 239.32 445.7 244.61 444.94 267.97 445.15 268.06 439.92 275.87 440.01 275.93 431.31 277.1 429.9 277.68 424.42 281.98 421.31 282.13 404.64 276.86 401.62 276.19 400.12 276.08 390.29 Z"
       id="St.-Landry"
       fill="#a0eaa0"
       style="fill:#e27f7f;fill-opacity:1" />
    <path
       d="M 458.6 484.17 460.62 481.26 465.68 479.65 471.13 480.79 476.49 480.72 478.46 479.89 481.59 480.02 487.86 484.57 488.72 488.99 490.77 491.86 494.97 491.34 494.08 494.47 497.61 498.51 500.48 498.22 504.59 504.36 505.08 507.28 508.32 509.74 510.41 508.92 512.2 505.82 511.31 504.29 516.11 499.64 518.54 501.68 517.03 511.39 474.95 521.01 472.05 524.41 471.88 525.94 467.55 529.27 464.32 529.58 461.07 527.12 453.35 528.65 450.44 526.68 448.2 527.56 448.24 530.04 445.62 530.05 445.52 521.94 448.09 521.9 448.03 513.92 450.57 512.64 451.13 508.9 458.86 484.69 458.6 484.17 Z"
       id="Ascension"
       fill="#e9dec5"
       style="fill:#ffb2b2;fill-opacity:1" />
    <path
       d="M 39.4 1.75 83.31 2.78 84.1 3.7 82.61 8.46 83.41 14.33 87.13 20.09 89.02 19.11 90.29 21.5 88.72 23.59 89.49 26.49 93.21 31.86 90.78 33.2 92.41 35.87 91.78 40.64 89.54 43.91 90.86 46.63 93.86 48.64 92.75 95.38 93.54 95.42 93.27 110.92 103.57 111.16 101.13 113.55 96.2 112.9 95.65 116.86 98.89 118.43 98.13 121.73 95.15 129.98 97.98 133.38 97.71 139.41 94.58 142.03 88.44 141.58 87.09 138.37 85.1 136.48 80.23 135.01 81.73 132.29 79.84 127.93 77.39 125.35 74.44 124.55 72.26 125.24 71.42 121.6 66.86 121.44 65.33 119 64.15 113.35 59.89 111 57.29 113.73 55.62 107.88 58.32 104.88 55.49 103.51 56.82 101.63 54.39 97.54 55.17 95.98 47.95 91.24 46.31 87.48 45.51 82.98 48.41 81.64 49.04 78.05 46.4 78.57 46.33 75.58 47.41 71.01 43.69 66.33 46.98 63.91 42.03 62.37 43.09 56.36 42.39 54.14 40.08 53.82 36.48 55.44 37.01 52.16 41.92 47.98 43.2 43.78 42.08 41.1 40.25 41.24 42.97 34.42 41.3 32.07 40.99 28.61 38.02 25.69 38.01 22.56 40.95 17.33 37.78 14.67 39.68 11.98 38.4 7.07 39.86 4.93 39.4 1.75 Z"
       id="Bossier"
       fill="#cfdbb3"
       style="fill:#d72f30;fill-opacity:1" />
    <path
       d="M 393.74 83.4 396.56 80.22 400.45 79.03 399.66 76.24 401.19 72.92 401.36 70.16 400.11 65.67 400.89 63.64 403.63 64.25 403.99 61.34 408.84 52.4 409.61 40.85 408.6 38.38 410.25 32.97 413.48 31.89 413.73 24.59 415.75 18.81 418.52 17.93 420.25 13.78 419.58 11.23 420.79 8.3 435.59 8.42 434.52 11.66 430.25 16.08 430.62 17.66 428.61 20.54 428.61 23.02 431.02 25.74 436.54 26.96 438.77 25.96 440.82 21.6 439.83 17.57 440.86 15.6 440.18 12.79 444.5 11.13 447.47 13.38 448.43 19.24 450.78 22.21 450.84 26.72 449.93 28.92 444.69 34.31 441.36 34.91 438.8 37.07 436.31 42.48 435.9 47.21 437.03 48.18 435.77 53.33 438.04 55.02 442.1 54.83 451.47 57.53 452.42 58.46 451 61.89 448.43 63.99 442.86 67.03 439.96 71.2 437.7 72.95 438.69 79.45 440.33 81.66 442.83 82.81 448.71 80.04 453.17 78.88 454.87 73.68 456.76 71.88 458.49 72.95 460.2 76.13 459.96 78.4 455.23 83.77 450.12 86.81 444.5 86.88 444.46 88.13 440.67 91.2 391.88 91.22 394.33 90.32 395.9 87.21 393.74 83.4 Z"
       id="East-Carroll"
       fill="#dbf1e7"
       style="fill:#a5b0ff;fill-opacity:1" />
    <path
       d="M 434.58 364.11 451.05 364.12 488.08 363.91 485.57 366.53 485.25 370.34 482.44 374.11 483.75 377.53 483.76 381.54 484.73 383.24 483.39 388.29 485.89 390.95 485.37 394.18 486.86 396.92 485.36 400.53 485.6 405.6 484.79 409.27 486.25 412.64 484.79 413.54 422.98 416.24 421.01 417.48 420.17 420.54 417.31 421.05 416.04 426.09 414.14 425.31 414.88 421.87 413.31 418.26 413.96 415.76 416.87 413.85 418.72 407.14 420.64 406.98 421.8 404.47 424.78 401.69 424.45 398.6 426.29 397.56 425.64 395.04 427.96 387.98 428.17 383.11 429.95 382.94 429.76 378.44 432.99 375.05 431.67 370.6 433.93 367.81 434.58 364.11 Z"
       id="East-Feliciana"
       fill="#b1d9cd"
       style="fill:#ffb2b2;fill-opacity:1" />
    <path
       d="M 211.46 453.59 213.79 449.8 213.16 447.15 215.34 446.09 218.92 439.85 216.68 437.04 216.92 395.3 217.25 381.34 221.92 381.35 224.86 380.16 229.24 381.83 234.18 379.2 235.49 376.37 235.31 371.56 238.47 370.97 245.56 366.89 246.3 364.43 249.47 362.95 254.5 366.09 256.53 366.57 258.18 369.81 265.83 369.57 265.79 374.73 272.21 382.54 272.22 390.32 276.08 390.29 276.19 400.12 276.86 401.62 282.13 404.64 281.98 421.31 277.68 424.42 277.1 429.9 275.93 431.31 275.87 440.01 268.06 439.92 267.97 445.15 244.61 444.94 239.32 445.7 237.78 447.37 236.95 452.57 233.94 453.28 232.49 455.15 211.19 454.8 211.46 453.59 Z"
       id="Evangeline"
       fill="#8cd4d9"
       style="fill:#d75d5d;fill-opacity:1" />
    <path
       d="M 211.19 454.8 232.49 455.15 270.63 455.55 270.66 463.26 281.07 463.31 281.06 478.76 283.7 478.74 283.69 483.9 286.29 483.92 286.16 487.81 286.15 490.34 283.48 490.3 283.49 492.9 280.88 492.84 280.87 498.01 275.62 497.82 275.65 500.58 269.78 503.25 269.98 507.78 269.24 510.4 264.9 514.87 264.02 514.47 259.55 518.61 258.04 518.97 256.75 522.44 249.8 528.68 242.08 531.66 235.36 529.35 229.81 526.23 225.44 521.12 220.25 520.77 218.16 522.89 211.41 523.72 212.54 521.64 211.39 519.21 212.1 513.87 214.28 511.86 213.69 509.72 216.88 507.83 216.93 504.41 213.69 502.32 211.51 499.26 212.17 497.25 211.29 483.73 212.86 481.52 211.56 478.58 211.91 472.3 214.81 471.59 216.38 464.13 212.99 459.63 211.19 454.8 Z"
       id="Acadia"
       fill="#e8e1ac"
       style="fill:#d72f30;fill-opacity:1" />
    <path
       d="M 323.38 96.68 325.32 94.93 325.7 91.41 327.3 89.95 330.41 93.77 334.51 94.48 334.75 90.06 337.74 88.21 338.81 85.47 343.7 86.92 344.96 88.18 349.5 86.96 350.25 82.25 352.49 79.09 354.59 77.78 359.69 78.14 363.45 73.05 364.89 68.2 371 68.24 371.07 83.33 393.74 83.4 395.9 87.21 394.33 90.32 391.88 91.22 390.19 91.82 387.59 100.19 389.19 108.36 387.51 109.5 387.47 113.22 389.02 114.69 365.14 114.61 361.64 118.08 358.51 118.38 357.61 120.71 355.52 121 355.1 125.39 351.1 127.37 346.16 127.04 345.96 132.48 344.12 137.33 344.85 140.91 343.7 144.16 337.19 148.6 335.55 154.38 327.49 156.6 325.83 159.57 326.25 157.69 323.45 156.45 320.1 157.11 317.37 155.52 314.05 156.81 312.65 152.09 309.96 152.59 309.03 150.59 313.33 148.04 310.24 144.53 310.03 140.47 311.07 137.27 304.87 137.15 307.1 133.54 308.72 126.38 308.41 124.55 309.52 118.86 312.68 112.96 317.37 108.06 320.48 99.04 323.38 96.68 Z"
       id="Richland"
       fill="#f5e3cd"
       style="fill:#d75d5d;fill-opacity:1" />
    <path
       d="M 612.14 653.93 615.14 654.5 617.94 651.55 621.17 654.58 620.31 656.7 612.9 656.14 612.14 653.93 Z M 608.02 680.39 610.13 679.04 611.54 680.87 616.88 675.7 617.72 673.24 620.14 670.82 625.57 670.48 624.23 672.58 614.46 678.96 610.17 683.86 604.17 687.78 603.88 685.31 608.02 680.39 Z M 573.11 531.82 576.68 532.08 583.84 535.01 588.22 536.28 595.94 536.69 597.87 534.98 597.05 544.42 594.75 549.48 595.04 554.63 595.99 555.65 600.34 556.35 605.37 554.44 608.3 550.89 615.24 558.54 612.33 566.13 606.02 570.46 605.6 573.74 607.39 578.22 605.03 580.57 606.61 583.87 606.39 586.4 610.58 591.83 612.34 595.51 614.48 597.73 616.7 606.74 618.97 607.06 620.1 614.37 618.95 619.92 620.49 622.61 620.88 635.72 618.67 637.34 621.23 641.38 619.47 645.33 616.16 650.03 612.78 650.81 612.35 647.58 614.24 641.32 611.6 639.95 609.84 636.63 604.89 634.79 602.61 635.61 596.02 632.89 594.54 628.67 591.44 624.19 590.21 621.3 587.41 619.58 588.32 617.7 591.44 616.97 591.88 614.4 593.61 613.3 592.28 608.22 592.05 602.97 592.92 600.98 590.55 596.38 588.53 596.91 586.7 595.18 581.59 594.96 585.49 584.53 590 574.99 590.79 572.46 579.45 564.84 578.97 561.6 575.04 557.28 574.2 554.32 573.07 545.31 573.11 531.82 Z"
       id="Jefferson"
       fill="#c8e9c4"
       style="fill:#ffb2b2;fill-opacity:1" />
    <path
       d="M 168.19 158.72 186.86 159.06 200.29 159.34 262.85 160.12 262.43 198.86 262.37 204.44 260.68 205.78 261.06 208.09 258.14 218.2 255.51 219.77 254.64 222.03 215.76 221.52 215.35 237.06 177.44 236.79 161.87 236.5 162.68 232.6 162.16 228.4 163.03 224.58 165.24 223.29 166.3 219.92 165.68 216.73 167.5 215.21 166.43 210.28 172.52 211.22 173.31 203.85 174.61 202.53 174.34 199.74 175.91 195.79 176.18 188.42 173.48 185.93 176.07 182.93 174.57 178.2 174.49 175.29 172.26 171.73 173.2 169.02 170.24 165.07 168.19 158.72 Z"
       id="Winn"
       fill="#f1f2cb"
       style="fill:#d75d5d;fill-opacity:1" />
    <path
       d="M 360.28 369.15 364.2 364.01 396.78 364.15 434.58 364.11 433.93 367.81 431.67 370.6 432.99 375.05 429.76 378.44 429.95 382.94 428.17 383.11 427.96 387.98 425.64 395.04 426.29 397.56 424.45 398.6 424.78 401.69 421.8 404.47 420.64 406.98 418.72 407.14 416.87 413.85 413.96 415.76 413.31 418.26 414.88 421.87 414.14 425.31 410.95 424.47 409.45 422.42 407.54 413.29 406.18 410.18 403.33 406.72 400.82 406.94 392.65 410.73 387.05 409.81 383.53 409.99 376.93 411.66 374.13 410.85 370.56 408.16 372.13 404.21 376.29 403.26 379.02 400.95 382.69 388.52 381.81 383.43 377.56 378.79 374.65 378.33 367.58 378.53 367.68 381.33 373.46 382.83 375.36 384.62 376.45 390.77 374.75 392.87 373.06 391.18 369.32 391.23 365.93 392.23 362.6 391.39 360.33 388.71 360.51 382.52 362.95 376.5 360.28 369.15 Z M 346.93 360.52 350.96 356.03 355.11 356.94 360.03 355.96 361.99 356.94 363 360.16 360.93 364.9 359.94 363.03 355.14 360.34 352.44 362.68 346.93 360.52 Z"
       id="West-Feliciana"
       fill="#c9dfd9"
       style="fill:#ffb2b2;fill-opacity:1" />
    <path
       d="M 456.25 165.21 452.87 164.57 453.38 158.69 454.56 155.64 457.11 157.76 460.44 157.84 459.11 163.32 456.25 165.21 Z M 389.02 114.69 387.47 113.22 387.51 109.5 389.19 108.36 387.59 100.19 390.19 91.82 391.88 91.22 440.67 91.2 444.46 88.13 444.5 86.88 450.12 86.81 449.35 89.62 453 92.42 457.92 94.16 461.47 96.35 462.11 100.05 460.08 101.05 454.98 99.59 453.05 97.87 449.44 91.97 446.59 89.2 445.46 93.37 443.15 97.9 443.26 100.91 446.39 105.23 452.77 108.82 456.28 109.68 461.65 106.6 463.96 107.27 465.79 109.6 464.6 113.48 461.65 114.93 460.09 121.28 462.79 124.18 473.99 126.32 476.18 123.67 478.53 123.09 473.44 132.69 468.68 136.27 466.21 133.9 464.4 133.98 463.39 138.63 465.45 141.77 463.81 143.36 463.3 149.21 460.49 151.84 460.41 147.02 455.66 143.75 453.83 143.82 451.59 147.82 448.22 146.45 444.49 149.7 442.14 149.18 442.56 144.2 440.66 142.4 436.74 143.25 433.15 143.1 428.34 145.3 425.43 149.39 421.02 147.37 415.97 147.68 412.38 150.66 386.4 150.59 380.01 150.42 379.03 144.35 376.8 142.15 378.95 140.68 381.87 141.74 381.05 134.97 382.29 133.05 384.95 134.27 384.86 130.88 389.73 130.32 388.4 123.62 390.59 124.37 392.74 121.26 389.12 118.32 389.02 114.69 Z"
       id="Madison"
       fill="#e0e6ec"
       style="fill:#ffb2b2;fill-opacity:1" />
    <path
       d="M 575.62 414.17 615.54 422.08 639.14 421.77 641.75 424.59 642.54 427.53 642.26 432.52 643.54 433.58 644.82 439.07 647.36 438.53 646.74 442.45 648.96 443.12 650.79 448.29 654.78 451.38 657.52 452.3 658.9 454.78 663.95 459.32 664.8 466 664.02 467.45 667.41 473.54 668.22 476.14 672.49 479.13 673.09 483.56 671.01 484.83 669.9 487.68 672.39 489.7 672.39 493.73 674.82 495.39 674.73 498.91 677.2 500.9 680.43 506.15 682.08 507.17 681.84 510.7 679.56 512.46 673.62 511.77 669.01 511.08 664.37 508.31 659.16 510.92 654.8 508.24 652.19 504.94 647.18 501.77 638.99 499.88 636.48 495.37 632.3 494.3 626.11 495.61 622.5 493.5 619.3 494.28 617.54 492.85 618.02 490.49 616.67 486.22 613.99 483.85 609.25 482.3 607.23 479.07 600.87 475.48 597.67 475.32 586.34 471.59 583.15 472.01 578.08 475.95 577.48 438.34 577.75 434.78 576.45 429.96 577.58 425.76 576.09 422.18 576.48 417.15 575.62 414.17 Z"
       id="St.-Tammany"
       fill="#abea9a"
       style="fill:#ffb2b2;fill-opacity:1" />
    <path
       d="M 300.51 7.4 366.68 7.97 395.24 8.11 394.02 14.23 392.17 15.26 388.65 20.65 389.24 21.67 385.86 26.64 386.4 28.57 383.88 30.66 380.4 30.93 375.56 34.91 374.55 40.16 371.91 43.39 372.16 44.95 369.78 47.69 371.18 49.54 370.99 53.73 367.91 58.56 366.17 59.05 364.71 61.96 366.94 63.17 367.23 65.96 364.89 68.2 363.45 73.05 359.69 78.14 354.59 77.78 352.49 79.09 350.25 82.25 349.5 86.96 344.96 88.18 343.7 86.92 338.81 85.47 337.74 88.21 334.75 90.06 334.51 94.48 330.41 93.77 327.3 89.95 325.7 91.41 325.32 94.93 323.38 96.68 324.73 95.02 324.27 91.48 322.26 89.31 321.31 85.08 319.15 80.5 321.78 76.68 321.83 71.94 315.4 64.64 314.86 61.13 308.11 62.04 305.53 59.95 303.86 60.96 300.75 58.02 302.64 55.56 301.1 51.07 302.7 45.3 300.74 40.55 302.25 37.7 298.94 32.82 298.07 29.75 299.13 27.81 299.26 20.58 298.76 16.4 300.51 7.4 Z"
       id="Morehouse"
       fill="#ddefea"
       style="fill:#e27f7f;fill-opacity:1" />
    <path
       d="M 202.41 5.39 201.76 50.64 186.37 50.45 186.2 59.01 184.31 59.46 180.1 64.85 181.25 71.33 180.22 77.38 178.08 78.49 178.01 81.25 133.26 80.67 133.77 66.75 132.41 65.01 132.45 57.33 124.79 57.25 125.54 3.64 150.67 4.07 184.56 4.87 202.41 5.39 Z"
       id="Claiborne"
       fill="#b1dec6"
       style="fill:#e27f7f;fill-opacity:1" />
    <path
       d="M 201.76 50.64 215.01 50.83 218.54 52.06 221.5 51.54 224.85 52.83 228.66 58.28 232.64 58.65 232.56 66.72 248.14 66.97 247.99 82.48 247.8 97.96 216.68 97.5 216.71 105.19 193.34 104.81 177.92 104.54 178.01 81.25 178.08 78.49 180.22 77.38 181.25 71.33 180.1 64.85 184.31 59.46 186.2 59.01 186.37 50.45 201.76 50.64 Z"
       id="Lincoln"
       fill="#cbe8db"
       style="fill:#e27f7f;fill-opacity:1" />
    <path
       d="M 427.4 536.67 445.62 530.05 448.24 530.04 448.2 527.56 450.44 526.68 453.35 528.65 461.07 527.12 464.32 529.58 467.55 529.27 467.63 534.77 470.25 534.72 470.29 545.02 475.62 544.9 475.65 552.59 479.58 552.48 479.69 557.85 479.75 562.77 475.99 562.85 473.73 571.16 470.2 577.87 464.94 586.33 461.08 591.62 449.39 607.3 445.87 603.99 446.66 602.06 446.67 594.44 445.65 588.4 447.38 587.77 448.28 584.49 446.59 581.48 447.76 576.33 444.92 571.91 441.71 570.07 438.86 570.1 433.57 568.35 431.13 565.69 430.11 559.48 426.21 555.7 426.58 553.12 423.79 549.86 422.62 546.26 421.98 541.17 425.6 541 427.4 536.67 Z"
       id="Assumption"
       fill="#b0d0de"
       style="fill:#e27f7f;fill-opacity:1" />
    <path
       d="M 410.95 424.47 414.14 425.31 416.04 426.09 416.78 429.28 415.4 433.19 413.34 435.89 414.79 439.65 420.73 439.74 424.42 443.17 423.96 446.24 418.62 449.3 419.3 451.76 421.41 451.67 429.6 448.51 431.46 451.37 431.68 463.33 431.08 466.92 428.71 471.37 425.85 474.69 424.69 477.83 425.56 480.15 427.59 480.84 431.91 479.7 438.13 481.07 439.98 483.89 413.96 484.06 412.66 480.12 409.98 478.57 405.91 473.12 401.16 471.24 401.17 468.79 392.17 457 391.09 457.83 387.26 453.06 387.79 450.63 398.06 450.55 398.03 445.46 399.09 444.98 400.58 440.41 405.72 440.26 405.68 436.92 412.64 429.03 414.18 426 410.95 424.47 Z"
       id="West-Baton-Rouge"
       fill="#dedfee"
       style="fill:#ffb2b2;fill-opacity:1" />
    <path
       d="M 40.55 465.9 79.8 466.76 80.07 451.17 95.7 451.52 95.31 467.03 134.33 467.61 134.29 471.7 149.68 472.04 149.4 493.1 154.57 493.15 154.43 511.53 170.3 511.84 170.85 514.59 168.31 516.52 168.66 519.89 171 524.93 154.21 524.71 154.07 532.53 133.75 532.24 133.78 529.7 109.49 529.49 104.15 529.27 71.79 528.77 42.37 528.07 43.2 525.14 42.16 520.68 45.52 517.46 46.61 510.59 43.31 500.4 45.35 494.95 45.13 490.37 45.84 486.05 39.84 483.43 37.05 476.26 38.38 470.78 38.19 467.95 40.55 465.9 Z"
       id="Calcasieu"
       fill="#f1dcdb"
       style="fill:#e27f7f;fill-opacity:1" />
    <path
       d="M 354.08 452.91 372.18 453.09 372.17 455.64 380.92 453.23 387.26 453.06 391.09 457.83 392.17 457 401.17 468.79 401.16 471.24 405.91 473.12 409.98 478.57 412.66 480.12 413.96 484.06 439.98 483.89 441.43 485.64 444.08 485.76 447.53 484.35 454.11 485.2 458.6 484.17 458.86 484.69 451.13 508.9 450.57 512.64 448.03 513.92 448.09 521.9 445.52 521.94 445.62 530.05 427.4 536.67 422.5 534.15 420.48 530.69 405.1 530.78 403.68 524.4 402.02 523.05 390.45 523 389.18 520.96 390.85 517.94 389.8 514.8 389.22 508.1 386.5 504.6 388.72 500.57 383.65 498.6 375.26 498.29 371.38 495.6 371.09 492.07 366.32 486.23 365.33 482.65 365.66 478.38 362.18 476.44 365.12 474.17 365.78 471.19 365.29 467.8 363.53 465.11 363.46 462.69 358.15 457.03 356.5 456.71 354.08 452.91 Z"
       id="Iberville"
       fill="#e9a987"
       style="fill:#ffb2b2;fill-opacity:1" />
    <path
       d="M 158.98 383.77 166.66 384.15 182.6 384.25 182.68 381.62 198.41 381.95 198.44 380.64 217.27 380.82 217.25 381.34 216.92 395.3 216.68 437.04 218.92 439.85 215.34 446.09 213.16 447.15 213.79 449.8 211.46 453.59 189.41 453.29 189.03 462.26 152.41 461.72 144.52 461.45 144.51 463.99 134.4 463.97 134.95 433.05 158.2 433.42 159.16 391.86 158.98 383.77 Z"
       id="Allen"
       fill="#cbdae2"
       style="fill:#d72f30;fill-opacity:1" />
    <path
       d="M 517.03 511.39 518.54 501.68 524.53 503.72 525.22 507.72 526.82 509.4 531.48 510.77 539.28 509.98 543.9 507.87 549.03 500.91 549.95 495.19 553.67 491.54 553.36 490.26 558.19 490.37 561.77 487.96 566.51 487.57 568.61 488.25 565.04 491.89 561.43 497.05 552.95 502.51 550.53 507.04 549.28 512.73 550.4 520.58 553.27 526.02 546.77 534.82 542.82 534.35 533.25 537.78 531.45 540.32 531.56 546.46 534.2 546.46 534.71 561.15 531.08 559.7 521.96 560.15 518.37 559.52 515.13 560.53 513.68 557.27 513.37 544.27 509.96 534.56 514.21 531.9 512.67 524.23 515.31 523.82 517.03 511.39 Z"
       id="St.-John-the-Baptist"
       fill="#c4dabe"
       style="fill:#a5b0ff;fill-opacity:1" />
    <path
       d="M 91.42 211.17 91.73 199.05 94.32 195.94 98.07 198.4 101.27 195.83 104.67 195.98 105.32 201.93 110.65 203.58 112.38 202.25 115.59 204.11 118 202.7 120 199.6 122.12 201.36 122.48 189.09 139.62 189.44 134.74 182.79 135.34 179.28 137.93 175.78 136.81 171.6 134.58 170.04 134.04 167.89 135.8 166.29 130.75 158.05 168.19 158.72 170.24 165.07 173.2 169.02 172.26 171.73 174.49 175.29 174.57 178.2 176.07 182.93 173.48 185.93 176.18 188.42 175.91 195.79 174.34 199.74 174.61 202.53 173.31 203.85 172.52 211.22 166.43 210.28 167.5 215.21 165.68 216.73 166.3 219.92 165.24 223.29 163.03 224.58 162.16 228.4 162.68 232.6 161.87 236.5 163.93 237.88 163.21 241.61 168.48 242.1 169.18 244.23 172.18 245.2 171.31 250.89 172.58 252.22 177.5 252.99 181.72 255.87 186.99 256.42 189.81 259.98 194.37 263.55 193.69 265.57 200.07 270.96 193.52 276.42 193.48 278.16 190.81 279.37 188.25 281.83 185.57 281.88 185.58 284.35 180.44 285.6 180.39 288.21 176.63 288.19 176.62 290.77 174.04 290.75 174.01 293.29 170.2 293.22 170.17 297.04 165 297.05 164.97 300.77 159.75 300.68 158.18 298.25 152.07 297.6 120.97 296.95 121.46 266.21 106.14 265.88 106.57 234.68 90.91 234.35 91.42 211.17 Z"
       id="Natchitoches"
       fill="#f7e0c1"
       style="fill:#e27f7f;fill-opacity:1" />
    <path
       d="M 553.27 526.02 558.44 529.83 563.04 531.09 568.35 530.55 573.11 531.82 573.07 545.31 574.2 554.32 575.04 557.28 578.97 561.6 579.45 564.84 590.79 572.46 590 574.99 585.49 584.53 581.59 594.96 563.33 594.9 560.89 592.07 561 587.17 559.24 583.25 554.14 580.65 550.26 580.28 545.99 577 543.12 573.86 542.43 567.76 539.48 564.65 536.88 564.73 534.71 561.15 534.2 546.46 531.56 546.46 531.45 540.32 533.25 537.78 542.82 534.35 546.77 534.82 553.27 526.02 Z"
       id="St.-Charles"
       fill="#d2eab4"
       style="fill:#e27f7f;fill-opacity:1" />
    <path
       d="M 193.34 104.81 216.71 105.19 216.68 97.5 247.8 97.96 247.64 113.5 263.11 129.09 263.01 136.83 262.85 160.12 200.29 159.34 186.86 159.06 186.26 157.15 189.07 152.77 189.18 147.86 191.22 147.13 193.31 143.72 193.46 128.14 193.34 104.81 Z"
       id="Jackson"
       fill="#dbdaf1"
       style="fill:#d75d5d;fill-opacity:1" />
    <path
       d="M 42.37 528.07 71.79 528.77 104.15 529.27 109.49 529.49 133.78 529.7 133.75 532.24 154.07 532.53 179.74 532.85 190.98 532.85 194.07 533.24 212.76 533.32 212.75 554.43 211.86 613.49 208.77 611.56 206.36 612.01 192.54 606.83 189.25 604.59 186.88 604.18 162.73 591.89 157.98 589.68 142.76 584.26 125.51 579.59 114.13 578.09 109.05 578.46 99.28 580.54 92.47 579.7 79.95 579.01 73.95 579.23 47.33 582.42 38.38 584.12 32.09 586.21 26.73 588.74 23.35 591.1 21.54 588.09 20.41 584.16 17.2 582.38 16.17 577.88 14.28 575.74 13.91 572.42 23.23 568.61 28.43 567.56 31.29 563.97 34.21 557.41 35.35 548.96 36.55 545.82 35.67 541.96 32.71 540.91 37.02 534.57 39.44 533.06 39.84 530.71 42.37 528.07 Z"
       id="Cameron"
       fill="#bed3f0"
       style="fill:#d72f30;fill-opacity:1" />
    <path
       d="M 467.55 529.27 471.88 525.94 472.05 524.41 474.95 521.01 517.03 511.39 515.31 523.82 512.67 524.23 514.21 531.9 509.96 534.56 513.37 544.27 513.68 557.27 515.13 560.53 511.36 559.95 509.92 557.79 505.7 559.26 504.79 557.44 502.22 557.9 495.11 554.88 495.18 557.38 479.69 557.85 479.58 552.48 475.65 552.59 475.62 544.9 470.29 545.02 470.25 534.72 467.63 534.77 467.55 529.27 Z"
       id="St.-James"
       fill="#bebcdd"
       style="fill:#ffb2b2;fill-opacity:1" />
  </g>
</svg>