<svg
   xmlns:dc="http://purl.org/dc/elements/1.1/"
   xmlns:cc="http://creativecommons.org/ns#"
   xmlns:rdf="http://www.w3.org/1999/02/22-rdf-syntax-ns#"
   xmlns:svg="http://www.w3.org/2000/svg"
   xmlns="http://www.w3.org/2000/svg"
   xmlns:sodipodi="http://sodipodi.sourceforge.net/DTD/sodipodi-0.dtd"
   xmlns:inkscape="http://www.inkscape.org/namespaces/inkscape"
   width="810"
   height="810"
   viewBox="0 0 810 810"
   stroke-linecap="round"
   stroke-linejoin="round"
   sodipodi:docname="2024_United_States_Senate_election_in_Maine_results_by_congressional_district.svg"
   inkscape:version="0.92.3 (2405546, 2018-03-11)">
  <metadata
     id="metadata2501">
    <rdf:RDF>
      <cc:Work
         rdf:about="">
        <dc:format>image/svg+xml</dc:format>
        <dc:type
           rdf:resource="http://purl.org/dc/dcmitype/StillImage" />
      </cc:Work>
    </rdf:RDF>
  </metadata>
  <defs
     id="defs538" />
  <sodipodi:namedview
     id="namedview536"
     pagecolor="#ffffff"
     bordercolor="#000000"
     borderopacity="0.25"
     inkscape:showpageshadow="2"
     inkscape:pageopacity="0.0"
     inkscape:pagecheckerboard="0"
     inkscape:deskcolor="#d1d1d1"
     showgrid="false"
     inkscape:zoom="1.4625249"
     inkscape:cx="412.95805"
     inkscape:cy="220.97714"
     inkscape:window-width="1883"
     inkscape:window-height="1953"
     inkscape:window-x="1911"
     inkscape:window-y="0"
     inkscape:window-maximized="0"
     inkscape:current-layer="Maine Towns"
     inkscape:pageshadow="0" />
  <g
     transform="translate(5,5)"
     stroke="white"
     stroke-width="1">
    <g
       style="fill:#d9d9d9;fill-opacity:1">
      <path
         id="Maine-2"
         transform="translate(-5,-5)"
         d="m 372.66016,6 -12.33985,18.150391 -13.25976,19.439453 -45.72071,67.070316 -6.80078,10.07031 -8.34961,12.23047 -0.83984,1.33984 -5.40039,7.83984 -0.34961,0.58985 -2.74023,18.34961 -0.43946,3.32031 -0.38086,2.90039 -3.70898,25.28906 -2.35938,1.0293 -0.50976,-0.20898 -0.79102,0.25 -0.32031,-0.26954 -0.85938,0.21876 -0.50976,0.79101 0.0293,1.16992 -1,1.26953 -0.25977,0.91993 -0.55078,-0.0606 -1.29883,0.91016 -0.25977,0.46093 v 1.21875 l -0.27148,0.45117 -0.83008,-0.0898 -0.57812,1.28906 -0.91016,0.66016 -0.96094,-0.43945 -0.61914,0.0801 -0.56054,0.61915 -0.75,-0.32032 -1.16016,0.8711 -0.0703,0.40039 -0.83985,0.3789 -0.84961,1.24024 -0.0195,0.41015 -1.43164,1.67969 -0.16992,0.41016 0.3418,0.83008 -0.13086,0.90039 0.49023,0.86914 -0.38086,0.85156 0.0508,1.72852 -0.79101,0.24023 -0.2793,0.57031 -0.75,0.35938 -1.33008,0.37109 -0.17968,1.20899 -0.89063,0.9414 0.0195,0.44922 -1.06836,1.69922 -0.77148,2.28125 0.39062,0.99023 -0.48046,0.49024 -0.66016,2.56836 -0.78906,1.11132 -0.15039,1.16993 -0.73047,0.61914 0.39062,0.57031 -1.81054,2.66016 -0.88868,0.95898 0.34961,0.53125 -0.12109,0.49023 0.61133,0.5293 0.97851,1.41016 1.45117,1 0.16993,0.81054 0.60937,0.25 1.19141,1.29883 0.4082,0.75 0.83008,0.33008 0.4414,0.91016 -0.35156,0.39062 -0.50976,2.48047 -0.94922,1.92969 -0.4707,1.37891 0.33007,0.71093 -0.19922,1.17969 -2.31054,-0.49023 -0.74024,0.42968 -0.83984,-0.0293 0.0801,0.50976 -0.61914,0.50977 -0.44141,1.51953 -0.95898,0.45117 -0.16016,0.48047 0.0391,1.18945 -0.21875,0.51953 -0.84961,1.14063 0.47852,0.57031 1.7207,0.11914 1.08008,-0.36914 0.65039,0.36914 -0.0996,1.50977 -1.1914,0.93945 -0.14844,0.49024 -1.08008,1.00976 -0.36133,1.02148 0.41016,0.41993 -0.58985,0.6289 -1.75,1.30078 0.68946,0.54883 0.13086,0.81055 0.56054,0.28125 0.0996,1.05859 0.32031,0.96094 1.25977,0.2793 0.62891,0.99023 -1.01953,1.04102 -0.66016,0.10937 -1.04883,0.91016 -0.29101,1.54883 0.041,0.93164 -0.64062,0.42968 0.48046,0.35938 0.94922,-0.53906 0.83985,0.34961 1.10937,-0.0508 1.67188,-0.65039 0.5,1.00976 0.58984,-0.33008 1.09961,0.67188 -0.20117,0.32812 0.58984,0.86133 0.31055,-0.46094 1.58008,2.05078 -0.0898,0.82032 -1.43945,1.04883 -0.32031,0.57031 -1.0293,1.08984 0.67969,1.01953 -0.2207,1.31055 0.63085,0.42969 0.0996,0.96093 -0.79101,0.70899 -0.70899,0.98047 0.83008,0.48047 -0.43945,0.51953 -1.28125,0.93945 -0.10938,0.51172 -0.76953,0.62891 -0.53125,0.73046 -1.71875,1.35938 -0.62109,0.17969 -0.38867,0.64062 -1.3711,0.58985 -1.32031,0.23046 -0.25,0.23047 -1.58008,0.28907 -0.18945,0.43945 -0.66016,0.4707 -1.27929,2.06055 -1.54102,0.21875 0.31055,0.54101 -0.80078,0.60938 -1.51953,1.54101 -0.0391,0.91016 -1.05078,0.96875 -0.18945,0.76953 0.2793,0.94141 -0.47071,0.46875 -1.03906,-0.25 -1.10938,0.41016 0.2793,0.81054 -0.0898,1.08008 0.57031,0.0293 0.23047,0.87109 0.39844,0.54883 -0.25,0.63086 0.25,0.49023 -0.11914,1.5 0.59961,0.69922 0.70117,0.29102 0.94922,1.16992 -0.0195,0.37891 -0.75,0.83984 0.0801,0.49023 0.54883,0.72071 0.75,0.20898 -0.85937,1.13086 -0.8711,-0.0996 -0.0293,0.94922 -0.34961,0.68945 -1.58008,0.58008 -0.64063,0.48047 -1.42968,0.64062 -0.15039,0.5293 -1.00977,0.5 -1.58008,-0.01 -0.63867,-0.45899 -1.16016,0.12891 -0.49023,0.82031 -1.16016,1.13086 -0.74023,0.33984 -2.14063,1.75 -0.0703,0.31836 -0.93945,0.41016 -1.09961,1.25 -0.0703,0.40039 -0.91016,0.63086 -0.51953,-0.69141 -0.41992,-0.0781 -0.89063,0.71875 -0.74023,0.0996 -0.67969,-0.3086 -0.69922,0.19922 -0.67969,0.71094 0.21875,0.36914 -0.34961,0.9707 -1.35937,1.20899 -0.53125,0.87109 -0.43945,0.16992 -0.0703,0.62891 -0.70898,0.86133 -0.33985,0.73828 -0.52148,0.0117 -0.60937,0.46875 -0.61915,0.13086 -0.24023,0.66992 -1.14062,1.09961 -0.33008,0.78906 -1.93946,0.30078 -1.17968,0.55078 -1.25977,2.62891 -0.57031,0.46094 -0.01,0.49023 -0.50976,0.59961 -1.11133,0.90039 0.041,0.36914 -0.83984,1 -0.65039,0.2793 -0.64062,1.32031 0.63085,0.91016 0.79883,0.79101 -0.84961,0.16992 -0.45898,0.35938 -0.66992,1.18945 -0.41016,0.34961 -0.51172,1.26172 0.13086,0.54883 -0.83984,0.33984 -0.64063,1.46094 -0.72851,0.2793 -0.63086,0.59961 -0.23047,0.83008 0.26953,0.79101 1.16992,0.68945 0.0508,0.71094 -0.81054,1.41016 0.0898,0.43945 1.13086,1.23047 1.06055,0.33984 0.91992,0.76953 -0.0898,1.41016 0.28907,0.56055 1.06054,0.31836 0.0899,1.7207 0.7793,-0.0293 1.49023,1.04883 1.54101,0.30078 1.13868,2.33008 0.74023,0.71875 0.53125,0.18164 0.47852,0.92969 -0.5,0.93945 -0.44922,0.11914 -0.041,0.6211 0.57032,0.86914 0.85156,0.24023 0.29883,0.58985 -0.25,0.41015 -1.33008,0.41992 -0.62891,1.59961 0.5293,0.95117 -2.08008,1.14063 -1.19922,-0.19141 -0.041,-1.40039 -2.09961,-1.5 -0.69922,-0.14844 -0.47071,0.34961 -1.16992,0.17969 -0.26953,-0.41992 -0.80078,0.18945 -0.90039,0.49024 -1.29883,-0.83985 -0.91016,-0.73046 -0.10156,-0.92969 -1.60937,-1.32031 -0.0293,-1.62891 -0.67969,-0.33985 -0.75,-0.96093 -1.2207,0.34961 -0.33008,-0.41016 -0.56054,-0.0293 -1.13868,-0.42968 -0.83984,0.80078 -0.45117,-0.28125 -0.78907,0.25 -0.54101,1.55078 -1.13867,0.30859 -0.19141,0.86133 -0.83008,1.21875 -0.79883,0.73047 0.18946,1.64062 0.80078,0.12891 0.5293,0.61133 0.11914,0.65039 0.75976,1.21875 0.44141,2.07031 -0.76953,0.40039 -0.20117,0.84961 -0.5293,0.23047 0.58008,0.86914 -0.0508,0.57031 -0.75,0.47071 -0.42969,0.76953 0.0391,1.14062 0.31055,0.79883 0.43945,0.46094 0.5918,-0.041 0.22851,1.36133 -0.28906,1.59961 -0.67969,0.49023 0.26953,0.58985 -0.0703,0.62891 -0.49023,0.67968 -0.83008,-0.0781 -1.60938,0.82812 0.74024,0.6211 -0.25977,1.91992 -0.4414,0.5 -0.51953,1.34961 -1.19922,1.01953 -0.0996,1.23047 0.33984,0.62109 -0.24023,1.45899 0.90039,1.04101 0.5,0.3086 -0.3418,0.54101 -0.58984,-0.0703 -1.24024,0.60937 -0.34961,0.33008 -2.24023,-0.88867 -0.44922,0.13867 -0.82031,-0.29883 -0.98047,-0.77148 -0.69922,-0.87891 0.42969,-1.45117 -0.40039,-0.46875 -0.0195,-0.65039 -1.00977,-0.53906 0.18945,-0.70117 -0.33984,-0.68946 -0.43945,-0.21093 -0.6211,-1.22852 -0.64844,-0.38086 0.37891,-1.34961 0.84961,-1.62109 -0.20898,-0.74024 -0.75,-0.89844 0.25976,-1.16015 -1.16992,-0.53125 -0.33008,-0.64844 -1.16015,-0.32031 -0.17969,-0.54102 -0.57031,-0.43945 -0.36915,-0.78906 -0.50976,-1.61133 -1.10156,0.41016 -0.76953,0.75976 -0.75977,-0.21875 -1.55078,0.23828 -0.45899,-0.44922 -0.2207,-0.64062 -0.82031,-0.37891 -0.88867,-0.91015 -0.75,-0.33008 -0.27149,0.69922 0.21094,0.61132 -0.0195,0.96876 0.76953,0.52148 0.31055,0.6582 -0.83008,1.56055 -1.61133,0.80078 -0.2793,-0.17969 -0.83007,0.47852 -0.24024,0.46094 -1.25,-0.54102 -0.68945,-0.0488 -0.57031,0.37891 -0.84961,-0.47852 -0.58985,0.17969 -1.24023,0.86914 -1.29102,0.39063 0.77149,10.42968 0.41015,11.74024 0.33008,6.57031 1.0293,24.76953 0.20898,2.55078 0.45117,10.63868 0.33985,6.20117 0.50976,9.08007 0.55078,11.94922 0.17969,3.97071 0.0703,3.40039 0.5586,14.3789 0.38086,17.35938 0.35937,10.33984 0.23047,4.69141 0.32031,10.41992 0.24024,7.78906 0.21875,5.45117 0.12109,6.92969 0.16016,5.08008 0.0801,2.58008 v 2.36914 l 0.58007,24 0.0703,3.15039 0.27929,9.2207 0.32032,14.42969 0.17968,7.78906 0.0293,5.33008 0.20117,8.37109 0.0391,8.37891 0.80078,-0.25976 0.50976,0.33007 0.57031,0.98047 0.91993,0.10938 0.38867,-0.41016 0.85156,0.54102 0.66992,-0.33008 0.66016,-0.70117 0.83984,-0.21875 0.71875,0.41015 1.05078,-0.041 0.45899,-0.71875 1.16992,-0.81055 0.25,-0.34961 1.73047,-0.23047 1.29101,-0.82031 0.61915,-0.17969 0.5,-0.5 0.60937,0.45899 0.82031,0.28125 1.04102,-0.0801 0.0195,0.45898 h 1.11914 l 1.58008,-0.91015 1.38086,0.23047 0.19922,0.32031 0.88086,-0.0898 0.68945,-0.68945 1.53125,0.59961 0.61914,0.0606 0.99023,-0.90039 1.11915,-0.22071 -0.0586,-0.58984 0.23828,-1.08984 -0.68945,-1.60938 -0.67969,-0.11133 -0.30078,-0.40039 0.0215,-1.05859 0.32032,-0.83008 -0.36133,-1.08984 -0.83984,-0.70117 0.41992,-0.42969 0.71093,-0.11914 -0.67968,-0.73047 2.16992,-1.86914 0.11914,1.00976 1.83984,-1.58984 0.1211,1.01953 2.77929,-2.53125 h -0.76953 l -0.60156,-0.47852 -0.4082,-3.27148 0.43945,-0.46875 0.26953,-0.80078 2.93946,-2.5293 -2.25977,-3.14062 4.14062,-2.79883 -5.32031,-7.89063 -3.11914,-4.55078 -1.18164,0.21094 -0.23828,-0.66016 0.0488,-1.10937 -7.11914,-1.73047 -1.31055,-1.81055 0.0293,-1.06054 -0.33985,-1.09961 -0.0391,-0.96875 -0.66992,-0.45117 0.49023,-1.16993 0.64844,-0.30078 -0.0801,-1.28906 4.69141,3.26953 10.54883,-7.44922 0.66015,-0.43945 4.56055,-3.04102 0.44922,0.89063 3.2207,-2.36133 6,-4.13867 2.08008,3.0293 0.0703,-0.0606 0.36914,0.0606 0.74024,0.76953 0.80078,2.91015 0.0293,0.79102 0.39062,1.17969 -0.32031,0.7207 -0.9707,1.11914 -0.47852,1.30078 -0.45117,0.59961 0.24023,0.7793 -0.16992,1.25976 0.32031,0.22071 -0.33984,1.08984 -0.45117,0.61914 0.11132,0.82031 -0.48046,0.66016 0.39062,0.51953 -0.49023,0.87109 0.42968,0.7793 -0.0293,0.56055 0.63867,1.16992 0.28125,0.98047 0.60937,0.69922 0.22071,1.30078 0.91992,1.12891 0.61914,0.49023 0.13086,0.75977 1.30859,0.42968 1.09961,-1.53906 1.15039,1.36914 1.3711,2.0918 4.53906,-6.35156 0.48047,0.33007 0.36914,-0.52929 2.86133,1.8789 0.0488,1.03125 3.98046,3.00977 0.46094,-0.59961 5.51953,4.05859 0.46875,-0.34961 0.39063,-1.95898 4.03125,2.96875 4.84961,-7.03906 1.46875,-2.00977 7.91992,8.01953 3.07031,3.25977 3.7207,3.92969 -0.42968,0.7207 0.84961,0.35937 10.09961,6.75 0.34961,0.23047 3.02148,-4.5 1.47852,0.98047 5.98046,-8.75977 -0.35937,-0.66015 -1.23047,-1.12109 -0.21094,-0.66016 -0.45898,-0.2793 0.13086,-0.56054 0.88867,-0.66016 0.0508,-0.78906 0.75977,0.4707 0.66992,-0.65039 -0.41016,-0.67969 0.2793,-0.28125 -0.5,-1.16015 -0.0391,-0.69922 0.59961,-0.38086 -0.41016,-0.58008 0.24023,-0.92969 0.6211,-0.11914 0.53906,-1.06055 -0.2793,-1.25 0.25977,-1.33984 2.50976,-13.09961 -0.89062,-0.16016 0.0801,-0.46093 -2,-0.44922 1.13086,-4.85938 0.58007,0.0488 0.45899,-1.96875 1.48047,0.31836 0.64062,-2.44922 3.25,0.7793 2.68946,-11.0586 1.24023,-5.23046 1.81055,-0.58008 1.59961,0.36914 1.10937,0.52148 1.71094,0.35938 -0.19141,0.60937 1.80078,0.41993 -0.16015,0.30078 3.75,0.82031 -0.93946,0.91992 1.25977,0.53906 -0.18945,0.86133 6.02929,-0.7207 -0.21093,0.88086 -0.69922,2.93945 0.18945,-0.0195 0.55078,1.39844 -0.56054,0.41015 -0.0195,0.80078 -1.41992,1.54883 -0.85937,0.75 -0.91016,0.31055 -0.61133,1.17969 -0.42968,0.4707 -1.11915,2.16016 -0.88085,0.4707 11.73046,2.55859 -0.041,-1.67968 0.36133,-0.78907 0.5,-0.29101 0.30859,-0.74024 0.30078,-2 -0.33984,-1.66015 -0.73047,-1.06836 -0.33008,-1.07032 0.33008,-2.27148 -0.28906,-0.98828 0.44922,-0.0801 0.59961,-0.65039 1.48046,0.25977 0.90039,-0.16993 1.34961,-0.73046 0.18946,-0.95899 4.38086,0.94922 0.16015,-0.64062 0.85938,0.16015 0.98047,0.46094 -0.0996,0.41015 1.17968,0.25 1.72071,-8.45117 0.16992,-0.82031 3.03906,-14.63867 -13.2207,-2.75977 0.25,-0.57031 -0.34961,-1.23047 0.0898,-1.15039 0.38086,-1.24023 0.64063,-1.16992 0.79883,-0.50977 1.65039,-2.88867 0.55078,-1.80078 0.14844,-0.99024 0.67968,-1.5 0.47071,-1.33984 0.45117,-3.29102 -0.10156,-0.59961 0.25976,-1.32031 0.65039,-2.26953 -5.5293,-1.21875 0.17969,-1.04102 6.07031,-7.78906 0.42969,-1.24023 -0.5293,-0.41016 0.50977,-2.14062 -0.40039,-0.31055 0.21094,-0.91016 0.36914,-0.22851 7.61914,1.57031 0.93164,-0.66992 0.71875,-0.26172 0.42969,-1.20899 -0.33008,-1.12109 -0.16016,-1.08984 0.36133,-1.13868 1.2793,-2.40039 0.0996,-0.98046 -1.0586,-1.25 -0.61132,-0.94922 -0.89844,-0.89063 -0.82032,-1.16015 -0.9707,-0.45899 -0.49023,-0.4707 -0.66992,-1.64063 -0.83985,-1.21875 -0.16992,-2.12109 -0.36914,-1.19922 -0.0312,-1.36133 -0.0195,-0.28906 3.74023,-0.7793 15.24024,-2.90039 1.66015,0.35938 -0.35156,1.67969 0.7207,0.13085 -0.5,2.68946 -0.7207,0.15039 0.25,2.74023 4.15039,0.73047 -0.41015,1.44922 -0.34961,0.43945 -0.70899,-0.17968 -0.74023,1.29101 0.01,1.51953 8.58985,1.10938 -0.51954,2.73047 -1.4707,8.24023 -0.88086,4.94922 5.66016,1.09961 -1.3086,7.1914 -0.17968,1.41993 -1.36133,6.99023 -6.32031,-1.15039 -7.58985,21.58984 9.14063,1.87891 -2.05078,3.20117 1.80078,-1.89062 2.63086,0.55078 0.85937,-1.20117 0.64063,-0.88868 -0.58008,-0.61132 0.85937,-1.18946 0.70899,0.42969 0.30078,-0.41992 6.16016,6.09961 9.83007,-10.12891 3.17969,3.12891 7.33008,7.4414 2.16016,2.11915 6.39062,6.48046 10.03906,-0.82031 1.91016,1.84961 1.42969,-1.45898 1.49023,-3.04102 0.0801,-0.66015 -0.36914,-0.83985 0.75,-1.45898 -0.3418,-0.70117 1.05078,-0.51954 1.63086,-0.15039 0.31836,0.58985 2.11133,-2.42969 0.57031,-1.08984 0.53907,-1.73047 0.54101,-2.83985 0.17969,-2.83007 -0.99024,-2.24024 -1.51953,-2.21875 -1.48047,-0.91016 -0.5,0.0703 -0.63085,-1.27149 0.75,-1 -1.71876,-4.14844 -0.5,-0.58984 0.75,-0.56055 0.69922,0.53907 1.88086,-0.0293 0.72852,-0.41016 1.08984,-0.14062 0.99024,-0.36914 0.82031,0.36914 0.62109,-1.04883 0.85938,-0.81055 0.5293,-1.19922 0.0898,-1.03124 0.65039,-0.97852 0.70117,0.5 0.54883,-0.13086 0.54101,0.59961 0.85938,-0.19922 0.49023,0.25 0.66016,0.98047 0.17969,1.25976 0.85937,1.74024 1.16016,-0.3418 0.0996,-0.4082 1.21094,-1.40039 0.70898,-0.89063 0.87109,-0.66992 1.11915,-0.56054 1.5,-1.14844 0.25976,-0.76172 0.95117,-0.51953 1.34961,-0.20899 -0.25976,-0.79101 -1.57032,0.45117 -0.1289,-0.60156 -1.15039,-1.72852 0.0488,-0.63086 0.86132,-1.00976 0.56836,-0.23047 1.11133,-0.89063 0.58008,0.11133 0.10937,-0.81055 0.43946,-0.83007 -0.43946,-0.67969 -0.0703,-0.7793 0.33008,-0.31055 0.0606,-1.63085 0.44922,-0.11915 0.64062,-0.16992 0.41016,1.01953 1.10937,1.40039 0.78125,2.19922 0.13867,0.41993 0.16016,2.1914 -0.70899,1.97852 -0.38085,1.87109 0.14062,0.7793 0.41016,0.68945 -0.041,1.41016 -1.0293,-1.04883 -1.05078,0.76953 -0.0703,1.85938 -0.1582,0.66015 -1.31055,0.82031 -0.62109,0.88086 0.0898,1 -0.31836,0.49024 -0.33008,1.77929 0.46875,0.90039 0.55078,-0.041 0.2793,0.50977 -0.13867,0.64062 -0.64063,-0.0195 -0.41015,0.40039 0.0703,1.75 0.13867,0.41992 1.19141,0.0391 0.0488,0.44922 0.0215,1.03125 -0.71094,1.15039 0.16016,0.75 -0.24023,1.16992 -0.58985,0.64844 0.041,1.16016 -0.19141,0.32031 -0.29883,1.64063 0.14844,0.57031 0.61133,0.80859 -1,1.01172 -0.0801,0.8086 0.16016,0.78124 0.51953,0.42969 0.40039,-0.21093 1.13867,0.25976 2.06055,0.2207 0.53125,-0.41015 0.36914,-1.44922 0.91015,-0.25 0.84961,0.10937 0.98047,-1.10937 0.51953,-0.83008 1.43946,0.01 0.80078,-0.25 0.65039,-0.43946 0.76953,0.41016 0.01,0.67969 1,0.93945 3.71093,2.21094 -0.0703,0.56836 0.56055,1.08008 0.51953,0.48046 0.58008,0.0801 0.74023,-0.98047 1.01953,1.09961 0.76953,0.47071 1.2793,0.0195 0.39063,0.45117 3.06054,0.78906 0.31055,0.81055 1.34961,0.86914 1.57031,0.10156 1.86914,1.92969 0.43946,0.70898 1.11132,0.95117 0.56836,0.24024 1.98047,1.16992 0.84961,-0.0508 0.29102,0.44922 -0.41993,0.61133 0.0195,0.66992 2.25,1.21875 1.51953,0.1914 0.16992,-0.73046 -0.16992,-0.84961 -0.74024,-0.75 -0.23828,-1.48047 -0.41992,-0.83008 -1.23047,-0.69922 -1.37109,-0.0703 -0.10938,-0.81055 -0.34961,-0.75 0.12891,-1.08984 0.33008,-0.18946 0.53125,0.89844 0.54883,0.0117 0.10156,0.66992 0.59961,0.61914 1.08984,-0.0508 0.61914,0.5 0.84961,0.0801 0.0117,-1.08984 -1.27148,-1.91992 -0.0293,-0.95899 -0.4707,-0.84961 0.16015,-0.9414 0.33985,-0.43946 -0.42969,-0.43945 0.0605,-0.69141 -0.99023,0.1211 -0.0293,0.7207 0.34961,0.80859 -1.76953,-0.0898 -0.16016,-1.00977 -0.65039,-0.55078 -1.01953,-1.25976 -0.41015,-1.69922 0.50976,-1.5293 0.0391,-1.40039 0.91992,-1.29101 0.10156,-0.91016 0.55859,-0.62891 0.49024,-0.95117 -0.19922,-1.29883 -0.45117,-1.66992 -1.18946,-0.42969 0.0899,-0.91992 -0.82031,-1.01172 -0.25,-1.6289 0.15039,-0.83008 0.51953,-0.67969 0.75,-0.16992 2.64062,1 0.85938,-0.14063 0.58984,-0.91992 0.24024,-0.81054 0.81054,-0.94922 1.15039,0.27929 0.74024,-0.45898 0.53906,-1.66992 0.17969,-1.54102 0.54101,-0.0586 0.31055,-1.38086 v -0.93946 l 0.46875,-1.17968 0.36133,-0.40039 0.70898,0.52929 0.14063,0.92969 -0.42969,0.16016 0.14844,2.4707 -0.58008,0.10938 0.61133,2.91015 0.46875,1.7793 -0.20899,0.49023 -0.63086,0.31055 -0.40039,1.09961 -0.0391,0.96094 0.61914,1.6289 2.11133,-0.11914 0.01,-1.23047 -0.32031,-0.84961 -0.01,-1.24023 0.78906,-1.73047 -0.16992,-0.78906 0.0312,-1.41016 -0.96094,-2.42969 -0.75,-1.13085 1.11133,-0.57032 0.5,-0.66992 -0.0215,-1.20898 -0.72851,-1.52149 -0.44141,-0.38867 -0.16015,-0.66016 -0.10938,-2.38085 -0.56055,-0.85938 0.77149,-0.65039 0.96875,0.13086 0.45117,0.45898 1.87891,0.66993 0.51953,0.01 -0.0293,-1.31836 0.96094,-1.40039 0.51953,-0.0801 0.13867,2.43946 -0.0898,1.06054 0.36132,0.98047 -0.64062,0.5 -0.25,2.41992 0.48047,2.70899 -0.51953,1.76953 -0.25,3.14062 0.57812,0.80078 -0.52929,1.41016 0.41015,0.79883 1.15039,0.0801 1.08008,-0.58008 0.49023,-1.25 0.67969,-0.38867 1.40039,-1.71094 0.16992,-1.66992 -0.27148,-1.41016 1.26172,0.40039 0.50976,0.50977 0.45899,1.03906 0.66016,0.32031 0.74023,1.40039 0.0508,0.75 0.34961,0.81055 0.79883,0.25977 0.2207,0.59961 -0.24023,1.48046 -0.91992,0.60938 -0.49024,-0.31055 -0.10937,-0.5 -1.10938,0.5 v 1.55078 l -0.54101,0.25 -0.60938,-0.7207 -0.33984,0.80078 -1.13086,0.79102 0.12109,0.4082 0.22852,0.77148 -0.10938,1 -1.18945,1.32032 -0.48047,0.0781 -0.89062,2.0918 0.041,0.86914 -0.58008,0.66016 0.61914,0.4707 0.34961,-1.01172 0.54102,-0.28906 0.34961,0.59961 -0.33008,1.39062 0.0606,0.34961 -0.30078,0.91992 -2.37891,1.76954 0.0391,2.49023 0.63086,0.62109 -0.15039,1.01953 0.50977,0.95899 0.99023,-0.38867 0.99023,0.76953 -0.52929,0.55078 -0.0508,0.72852 -0.84961,-0.0195 1.16015,1.64063 0.83008,0.75 -0.33984,0.75976 0.35937,0.5 1.2793,0.65039 0.66016,0.85938 1.48046,-0.46094 1.07032,0.73047 0.58007,0.96094 -0.5,1.04883 0.64844,0.99023 0.5,-0.20898 0.0605,-1.23047 1.05078,-0.50977 1.11914,1.33008 0.49024,1.16992 0.74023,0.26953 0.44922,-0.59961 1.25,-0.0703 1.24023,-0.61914 0.31055,-0.62109 0.0391,-0.76953 0.85156,-0.10938 0.39844,-1.10156 0.83008,-0.66016 0.14063,-0.84961 -0.34961,-0.35937 -0.39063,-1.54102 -0.44922,-0.86914 -0.56054,-0.49023 -0.65039,0.10937 -0.71876,-0.22851 0.47852,-1.33985 -1.08008,-1.58008 -0.29883,-0.21093 0.33985,-1.12891 1.2207,-0.39062 1.16016,0.66992 0.53906,1.01953 1.98047,0.01 0.0391,-0.41016 0.64063,-0.41992 0.89062,0.41992 0.94922,0.0508 0.74023,-0.83008 0.67969,0.75 0.69922,-1.30078 0.43164,-0.0684 L 505.75,568 l 0.65039,0.19922 0.83984,-0.44922 0.75,-1.5293 0.43946,0.47852 1.56054,-0.94922 0.18946,-0.78906 0.42969,-0.71094 0.48046,0.44922 0.58985,-0.0898 -0.11914,-1.86915 0.83007,-1.95117 0.69922,0.55078 0.46094,-0.52929 -0.26172,-0.65039 0.16016,-1 -0.33008,-0.72071 0.24024,-0.61914 -0.66016,-0.73047 -0.42969,-1.32031 0.0605,-1.00976 -0.34961,-1.16993 -0.61133,-0.82031 -0.38867,-1 -0.66016,-1.19922 -0.87109,-1.05078 -0.69922,0.01 -0.82031,0.36132 -0.18946,-0.58007 -1.10937,-0.82032 -1.8418,-1.89062 -1.35937,-0.92969 -0.01,-0.5293 0.86914,-0.42968 -0.22851,-1.75 -0.38086,-0.5918 -2.70899,-1.08984 -0.75976,0.29101 -1.19141,0.87891 -1.32031,0.11133 -0.62891,-0.84961 -0.33984,0.23828 -0.44141,-0.67969 -0.88867,-0.66992 -0.88086,0.0195 -1.66015,1.69141 v 1.47851 l -0.57032,0.11133 -0.10937,0.75977 -1.20899,-0.041 -0.30078,-1.04883 -0.90039,0.25 -0.91015,-0.0605 -0.46876,-0.65039 0.18946,-0.75977 0.4707,-0.79883 0.91992,-0.77148 0.0488,-1.81836 0.16016,-0.64063 1.08984,0.91992 1.89063,0.43946 0.0195,-0.75977 0.7207,-1.49023 1.13867,0.73047 0.61133,0.0996 1.01953,0.71093 0.46094,0.61914 1.18945,-0.1289 0.37891,-0.30078 0.66992,0.0605 0.5,-0.78125 0.8418,-0.32031 -1.20117,-0.78906 -0.58985,0.58984 -1.35937,-2.24023 0.19922,-0.50977 0.9707,0.13086 0.43945,0.5 0.86914,-0.35156 0.85156,0.1914 0.38868,-0.42968 0.25,-1.07032 -0.0391,-1.39062 0.24024,-0.0898 1.01953,0.73046 1.28906,1.95899 1.30078,0.9707 0.50977,0.61914 0.71094,-0.3789 -0.17969,-0.90039 -0.43164,-0.43946 -0.23828,-1.05078 0.46875,-0.56054 0.26953,-0.85938 -0.33984,-1.13086 1,-0.0195 v -1.11914 l 0.70117,-2.42969 0.0703,-0.99023 0.0195,-0.25 h 1.24023 l 0.38868,0.88867 -0.35938,0.89062 0.48047,1.6211 0.20899,1.31836 0.55078,0.82031 0.68945,0.15039 0.0996,0.98047 0.83008,1.25976 -1.14844,-0.0293 -0.62109,0.6289 3,0.23047 1.20117,-0.62109 -0.16016,-0.67969 1.04883,-0.2793 -0.83008,-0.42968 -0.60937,0.0195 -0.32032,-0.90039 0.42969,-0.45899 0.44141,-1.2207 -0.11133,-0.73047 0.54101,-0.21875 0.79883,0.48828 0.56055,0.72071 0.67969,0.33984 0.23047,0.87109 -0.0703,0.66992 -0.57031,0.25 0.74024,0.60938 0.98046,0.43945 1.32032,-0.58007 0.83007,1.9414 -0.0898,1.11914 -0.41016,0.39063 0.01,2.46875 0.56055,3.33008 0.78906,2 -0.38086,1.16015 0.19141,1.32031 0.86914,1.04102 0.55078,0.0801 0.19922,0.56836 -0.5293,0.65039 0.40039,1.53125 1.10938,1.51953 0.6289,-0.16992 v -0.88086 l -0.85937,-1.84961 0.10937,-0.51953 1.17188,0.66992 0.83984,-0.41992 0.41992,2.19922 -0.39062,0.55078 0.34961,4.45898 0.67969,1.03125 0.53124,1.11914 0.86915,0.64063 0.83007,-1.04102 0.58008,1.2207 0.56055,-0.70117 0.18945,-1.61914 -0.38086,-1.03906 -0.0391,-1.48047 0.74023,-0.75 0.41993,-0.13086 0.77929,0.5 0.25,0.66992 0.41016,-0.1289 0.0508,-1.08008 -0.41016,-0.86133 0.33985,-0.79883 -0.0898,-0.68945 0.82032,-1.28125 0.59961,-0.53906 v -0.77149 L 532.90039,547.7793 532.5,547.66992 532.19922,546.5 l 0.86133,0.42969 0.84961,0.041 0.10937,-1.73047 0.83008,0.33985 0.70117,1.16015 0.58984,1.47071 1.41016,2.01953 0.58008,-0.0508 0.33008,-1.18946 0.73828,-0.76953 1.4707,-0.65039 -0.7793,-0.66992 0.38868,-0.32031 -0.33008,-0.89063 -0.68945,0.14063 -0.28907,-0.35938 0.17969,-1.46093 -0.53125,-0.31055 -0.30859,-1.41992 -0.81055,-2.14844 0.15039,-1 -0.76953,0.5293 -0.49024,-0.0703 -0.87109,-0.67968 -0.13867,-0.59961 -0.76172,-0.61133 -0.35937,0.43164 -0.98047,-0.18164 -0.41992,-0.86914 -0.91993,-0.58008 -0.1289,-1.4707 -0.27149,-0.95899 -0.0293,-1.15039 0.42968,-0.01 0.41016,0.67968 0.75977,0.0996 0.33984,0.36133 -0.0293,1.23828 0.4707,0.6211 0.5586,0.27929 0.41016,-0.36914 1.17968,0.84961 0.86133,-1.81054 0.44922,-0.46876 1.49023,0.41993 0.19922,0.53906 1.36133,2.41016 -0.0801,1.21093 0.35938,1.19922 0.38086,2.10938 0.95898,1.99023 1.28125,1.16016 0.73828,-0.32031 -0.20898,-0.70899 0.32031,-0.86133 -0.28125,-0.34961 0.13086,-1.20898 0.33008,-0.9707 -0.26953,-1.2793 -0.40039,-0.16016 -0.31055,-0.98047 1.34961,-0.0996 0.12109,-0.52929 -0.0703,-2.01172 0.94922,0.36133 0.99023,1.60937 -0.19922,1.9707 0.15039,0.53907 -0.42968,0.91992 0.31836,0.62109 0.0898,1.24024 -0.11914,0.9082 0.36914,0.23047 0.45117,1.58984 0.78907,2.02149 0.25976,-0.0215 0.35156,-1.51953 0.71875,-0.81054 -0.49023,-0.68946 0.29101,-1.50976 0.33985,-0.55078 -0.0996,-1.63868 0.29883,-1.06054 -0.33985,-0.54102 0.73047,-1.85937 0.63086,-0.43946 -0.60156,-0.65039 -0.54883,-1.42969 -0.0312,-0.91015 -0.76953,-1.60938 0.51953,-0.46093 0.70117,-0.16993 0.48047,0.6211 0.58984,1.72851 0.69922,1.04102 0.23047,-0.31055 -0.0195,-0.90039 0.68945,-0.33008 0.0195,-0.71875 0.67968,-0.21093 0.47071,-1.12891 0.19922,-1.93164 -0.37891,-0.31836 0.0195,-1.69141 -0.41016,-0.5 -0.4707,-1.65039 -0.86914,-0.63867 -0.0703,-0.54101 1.08008,-0.11915 0.75,-0.41015 0.31054,-0.89063 -0.38086,-0.3789 1.14063,-1.48047 -0.58985,-1.79102 -0.59961,-0.58984 0.36915,-0.96875 h 1.02929 l 1.35156,0.61914 0.0488,0.81055 1.15039,0.84961 -0.26953,1.08984 0.58008,0.33984 1.08984,-0.21875 0.62891,-0.041 0.0606,2.14062 0.29101,1.18946 1.16992,0.82031 0.7793,-0.0508 0.66992,0.75 0.75,0.11132 -0.4707,-1.49023 -0.17969,-1.5 0.0215,-1.03125 0.6582,-1.13867 0.11133,-0.75977 1.5,-0.2207 0.94922,0.25 0.42969,1.40039 0.98046,1.35938 -0.01,0.75 0.39062,1.80078 0.01,0.91992 0.2793,0.45898 -0.33008,0.50977 -0.0293,1.56055 1.19922,0.16992 1.40039,-0.44922 0.53906,0.10937 0.74024,0.74024 0.49023,-0.16016 0.50977,-0.98047 -0.16016,-0.47851 0.99024,-1.27149 -0.16993,-1.76953 0.0312,-0.93945 -0.55078,-0.55078 0.76953,-1.07031 0.72071,-0.18946 0.32031,-0.45898 0.7793,-0.18164 0.66015,0.53125 0.46094,-0.80078 1.11914,0.0898 1.00977,0.26953 0.48046,1.99024 0.97071,-0.14844 0.26953,-0.36133 0.57031,0.26953 2.96875,-0.17969 1.16016,-0.49023 0.9707,0.0312 0.5293,-0.5 0.58984,0.25976 1.49024,0.0996 0.67968,-0.34961 1.03125,-0.0996 -0.0605,-0.58984 0.61914,-0.81055 -0.76953,-2.04101 -0.58008,-0.92969 -0.68946,-0.66992 0.58008,-1.25977 -0.0801,-0.81054 0.18946,-0.78907 0.54101,-0.7207 0.21875,-1.62891 0.74024,-1.74023 -0.73047,-1.75977 0.28125,-0.91015 0.79883,0.49023 0.01,-1.46093 0.33008,-0.31055 0.99024,-0.93945 0.92968,0.65039 0.29102,1.45898 0.34961,-0.54883 -0.15039,-0.80078 0.82031,-0.84961 0.13086,-1.16992 2.12891,-0.74023 1.06054,0.66015 0.54102,0.71094 0.21875,1.93945 -0.57031,0.56055 0.80078,1.33008 0.52929,-0.49024 0.74024,-0.23047 0.79101,0.62891 0.66016,-0.17969 0.51953,0.25977 -0.15039,0.61133 0.68945,1 0.22071,-0.61133 1.45898,0.0703 -0.13867,-0.62891 0.5,-0.38085 1.08984,0.15039 0.5293,-0.38086 0.33008,-1.16016 -1.03907,-1.08008 -0.0605,-1.13867 -1.09961,-0.21094 -0.39063,-0.70898 0.01,-0.7207 0.88086,-1.26954 1.25,0.86915 0.58008,-0.67969 0.47851,0.51953 0.51172,1.01172 -0.2207,0.48828 -0.90039,0.12109 0.29101,0.70899 0.83008,1.15039 0.19922,0.7207 -0.13086,1.15039 0.24024,0.7793 1.33984,1.53906 0.43164,0.0508 0.51953,-0.70898 0.5293,-1.16016 0.0605,-1.5 0.84961,-0.31055 -0.10937,-1.54101 0.34961,-0.68945 h 0.65039 l 0.0488,0.73046 0.49023,0.51954 1.15039,-0.91993 0.60938,-1.28906 0.10156,-1.51172 -0.91016,-2.73828 -0.66015,-0.66992 -0.0996,-0.58008 -0.65039,-0.41992 -1.04102,0.0391 -0.2793,-1.2793 1.08008,-0.21093 0.58008,-0.66016 -0.51953,-0.25976 -1.23047,0.38085 -0.11133,-0.57031 -1.22851,0.21875 -0.65039,-0.42968 1.26953,-0.87891 -0.25,-1.23047 0.91992,-0.48047 0.64062,0.31055 -0.31054,0.49023 0.42969,0.41016 1.35156,-0.53125 0.80859,0.81055 0.78125,-0.0801 -0.0801,-0.7793 -0.56054,-0.33008 0.7207,-1.08984 0.14844,-0.75977 0.60156,0.60938 1.51953,0.16015 0.28906,-0.27929 0.84961,0.0586 0.69141,-0.62891 2.26953,-0.79101 1.17969,0.48047 -0.0391,1.39062 -0.96093,1 0.23047,1.5586 0.25976,0.56054 -0.5,0.98047 v 1.26953 l 0.36914,0.10938 -0.17968,0.85156 -1.5586,-0.33984 -0.36133,-0.74024 -0.59961,0.16016 0.24024,1.81836 0.41992,-0.59961 0.94922,-0.0898 0.7207,0.16015 1.44922,0.83008 -0.22852,0.75977 1.0293,0.25976 -0.26953,1.03125 0.0195,1.01953 0.51953,1.09961 0.58008,0.13086 -0.0488,1.04883 1.5586,0.0508 0.11132,-0.51953 1.09961,-0.83008 0.95899,0.62891 0.85156,0.21093 0.25977,-0.49023 -0.67969,-0.37109 -0.99024,-1.5 -1,-0.11914 -0.16015,-1.01954 0.29883,-0.85156 -0.35938,-0.76953 -0.35937,-1.60937 1.00976,-0.51954 1.48047,-0.16992 0.79883,-0.33008 0.78125,0.57032 -0.41016,1.25 -0.23047,1.32812 0.0996,0.90039 0.35938,0.11133 -0.21875,0.84961 1.40039,0.60938 2.68945,-0.44922 2.95899,-1.24024 -0.26953,-0.38086 -0.12891,-1.3789 0.64844,-1.29102 0.61132,-0.20898 1.51954,0.21875 1.91992,-1.13868 -0.0898,-0.23046 0.79883,-2.64063 1.06055,-1.7793 1.31055,-0.33007 0.67968,-1.1211 0.55078,-0.1289 -0.0215,-0.75 0.0918,-0.98047 1.05859,0.041 0.16992,-0.83984 0.42969,-0.14063 0.0312,-1 0.25,-0.98046 0.38867,-0.47071 -0.0586,-0.57812 -0.71094,-0.57032 -0.0195,-0.50976 1.43945,-0.55078 1.16993,0.44922 1.25976,-0.41016 0.26172,-0.71875 0.0684,-0.98047 0.76172,-0.11914 0.0898,-1.13086 0.26953,-0.25976 -0.16015,-1.01954 -0.83985,-0.56054 0.46875,-0.41992 1.02149,-0.16016 0.30859,-0.66992 0.43164,0.0703 0.0293,0.87891 0.39062,1.54101 0.5586,-0.71093 1.24023,-0.5 0.92969,-0.13868 0.16992,-0.98047 1.54102,-0.88085 0.25976,-1.62891 0.96094,-0.0195 0.54883,-0.27149 0.99023,-1.51953 -0.0195,-0.32031 0.87891,-0.85938 0.28125,-0.7207 0.42968,-0.17969 0.81055,0.42969 1.12891,-0.32031 1.28125,-1.34961 -0.24024,-0.96875 -1.81054,0.25 -1.06055,0.66992 0.0195,0.44922 -0.92969,0.31055 -0.90039,-2.3711 -0.19922,-1.07031 0.14063,-1.11914 -0.94141,-0.93945 -0.11914,-0.33985 0.41992,-0.82031 1.09961,-0.74023 0.49024,-0.5293 -0.46875,-1.18164 -0.40039,-1.98828 -0.23047,-1.14063 -0.39063,-0.37109 -0.61914,-1.62891 0.66016,-0.84961 0.65039,-0.33984 0.0488,-1.69141 -0.19922,-0.85937 -0.86133,-0.91016 -1.64844,-0.45898 -0.13086,-0.41016 -1.25976,-0.43164 -0.19922,-0.4082 0.59961,-0.90039 -0.44141,-0.70117 -0.92968,-0.01 -0.22852,-0.2793 -1.29102,-0.12109 0.0801,-0.78906 -0.73047,-0.16016 -0.0488,-0.4707 -0.1914,-1.87891 -0.19922,-0.31055 -0.38086,-0.59961 -0.87891,-0.32031 -0.40039,0.31055 -0.4707,-0.31055 -0.0996,-0.58008 1.03125,-0.91992 -0.15039,-0.91992 -0.56055,-1.2793 -1.82031,-2.4707 -0.61914,-1.2793 -0.34961,-1.93164 -0.9707,-1.80859 -0.79102,-0.90039 -0.52929,-0.15039 -0.58985,0.43945 -1.16015,0.11133 1.24023,-1.16016 -0.84961,-1.29101 -2,-1.69922 0.11914,-0.32031 1.00977,-0.20899 0.30078,-1.14062 1.89062,-0.58985 -0.55078,-1.17969 -2.48047,-6.48046 -1.38867,-2.16016 -0.82031,-1.28906 -2.21094,-2.5 -1.63867,-2.5 -1.28125,-0.5918 -2.93945,-0.11914 -1.64063,-0.91992 -1.7793,0.94922 -0.58984,0.50976 -0.53125,0.0215 -0.75,-0.84961 -1.18945,-0.60156 -0.25977,-1.07032 -0.34961,-0.42968 -0.87109,-0.25977 -1.04883,-0.91992 -1.2207,-0.54883 -1.58008,-0.11133 -0.75977,0.63086 -0.0801,1.24023 -0.34961,0.67969 0.33984,1.15039 -0.9707,0.47852 -0.36914,1.37109 0.1289,0.74024 0.95117,0.60937 -0.041,0.68946 -0.39844,0.55078 -0.91992,0.35937 -1.79102,0.49024 0.32032,0.75976 -0.46094,1.2207 -1.03906,-0.0195 -1.34961,1.14844 -0.61133,-0.13867 -0.43945,-0.54102 -0.66016,-0.0293 -0.35938,-0.59961 -1.92968,-1.67969 -1.1211,-1.52148 -1.33007,-0.36915 -1.79883,-0.9707 -0.0508,-1.25 0.67968,-0.36914 0.0899,-0.79101 -0.28907,-0.71876 -1.26953,-0.70117 -1.05078,-1.45898 -0.94922,-0.17969 -0.41992,-0.35156 0.0801,-1.51953 -0.5,-1.46875 -0.78125,-1.68164 -0.01,-0.53907 -0.39062,-0.76953 -0.91016,-0.98047 -0.86914,-1.46093 -0.85937,-0.11914 -0.42969,-0.3711 -1.27148,-2.55859 -0.5,-1.80078 -0.0488,-1.07031 -0.73047,-0.16016 -0.61914,-0.78906 -0.32032,-0.3711 0.42969,-0.79883 -0.10937,-0.63085 0.52929,-0.16016 0.53907,0.52148 0.49023,-0.56054 0.95117,-0.44922 0.0801,-1.06055 0.61914,-0.14062 0.24024,-1.41016 0.58007,-1.08984 0.10938,-0.95899 -0.54883,-0.74023 0.33984,-0.78125 1,-0.38868 0.39844,-0.79101 1.60156,-1.76953 -0.30078,-1.11914 0.38086,-0.30078 0.19922,-0.99024 -0.9707,-0.60937 -0.11914,-0.73047 0.34961,-0.9707 0.48047,-0.5293 0.7207,-0.0996 0.33008,-0.57031 -0.49024,-0.31055 -0.49023,-1.07031 -0.13086,-0.88868 -1.45899,-1.5 -1.30078,-1.55078 -0.61914,-0.35937 -1,-1.5 -0.12109,-0.65039 -1.41992,-0.14063 -0.62891,-1.44922 -0.45117,-1.64062 0.46094,-0.45899 -0.20117,-0.54101 -0.74024,-0.5293 -0.17969,-1.14062 0.29102,-0.86914 -0.62109,-1.25977 -0.95899,-0.87109 -0.71094,-0.86914 -0.45898,-1.28125 -0.0195,-0.76953 0.44922,-0.25 0.56054,0.39062 0.67969,-0.0996 0.16992,-0.83008 0.83985,-0.0703 0.53906,-0.59961 0.70117,-0.0215 0.46875,0.35156 0.43164,-0.45117 -0.85156,-0.40039 0.0117,-0.93946 0.91992,-0.6289 0.87891,1.10937 0.87109,0.44922 -0.11133,-0.94922 -0.46875,-0.66992 0.53906,-0.25 0.98047,0.86914 0.56055,-0.0293 1.19922,0.62891 0.31054,-0.51953 0.50977,-0.16992 0.0195,-1.08008 -0.67969,-0.58984 -0.12109,-0.56055 -0.71875,-0.37891 0.0195,-0.64062 -0.42969,-0.91016 0.0195,-1.2793 0.25976,-0.91015 0.86133,0.01 0.16992,-1.15039 0.33008,-0.51953 -0.19141,-1.15039 -0.58007,-0.69922 -0.26954,-1.4707 0.57032,-0.59961 -0.26954,-1.23047 -0.56054,-0.80859 -2.31055,-2.28125 -0.29883,-1.0293 -0.73047,-0.30078 -1.33007,0.31055 -0.76954,0.49023 -0.56054,-0.62109 -1.06055,0.49023 -1.07031,0.11133 0.63086,0.72852 -0.19922,0.98046 -1.04102,0.83008 -2.44922,-0.10937 -1.98046,-1.08985 -1.46094,-0.4414 -1.28906,0.0605 -0.60938,0.43946 -2.79101,-1.26953 -0.83008,-0.73047 -2.33985,0.18164 -2.99023,-2.6211 -0.91016,-0.61914 -0.66015,0.34961 0.54101,1.24024 -0.67969,0.47851 -2.24023,-2.03906 -0.40039,0.17969 -1.16016,-1.11914 -0.55078,-1.25 -1.70898,-2.13086 0.16992,-0.57031 -0.89062,-1.08008 -0.46876,-1.64844 -1.52148,-2.11133 -0.58984,0.33008 -1.2793,-1.57031 -0.86914,-0.0684 0.5293,1.9082 0.83984,0.99024 0.10938,0.37109 0.70117,0.41015 -0.25977,0.97852 -1.70117,-0.29883 -1.34961,-1.4707 -0.35938,0.46094 -0.85156,0.5 -1.84961,-1.69141 -4.33007,0.0801 -0.2793,-0.41016 -1.61914,-2.34961 1.82812,-0.49023 -1.00976,-5.86914 3.48047,-0.44922 -1.5,-3.40039 -1.67969,-0.82031 -0.41016,-2.14063 0.43946,-0.41015 0.0605,-0.70899 0.10938,-1.41016 -0.43946,-2.32031 0.5293,-1.58984 2.61133,-2.33008 0.33984,-0.55078 1.34961,0.0801 1.42969,-0.94922 -0.99023,-0.83985 -0.29883,-0.9707 -0.91993,-1.2793 -1.40039,-0.87109 -0.83984,-0.9082 -0.90039,-1.44141 -0.0801,-0.94922 -0.68945,-0.39062 -0.32031,-1.12891 0.0508,-1.58008 0.60937,-0.25976 0.23047,-0.67188 1.39844,-1.4082 0.77148,0.0684 1.38868,-0.64844 -0.11915,-0.61133 0.57032,-1.51953 0.50976,0.0703 0.93946,-0.91992 0.16015,-0.53125 -1.05078,-1.02929 0.13086,-0.36915 -1.05078,-0.33007 -0.01,-0.47071 -0.71875,-0.2207 -0.25976,-0.5 -0.5,0.12109 -0.48047,-1.56054 -0.11133,-2.69922 -0.19922,-7.57031 -0.55078,-16.98047 -0.5293,-16.00977 -0.53906,-16.58984 -0.66992,-16.64063 -0.4707,-11.5 -0.24024,-5.16015 -0.36914,-7.89844 -0.74023,-15.82031 -0.54102,-15.92969 -0.41992,-12.23047 -0.25977,-6.53125 -0.35937,-13.75976 -0.5,-15.490239 -0.25,-7.259766 -0.32031,-8.898437 -0.13086,-3.181641 -2.50977,-1.378906 -0.70898,-0.88086 -0.86133,-0.539062 -1.66992,-0.429688 -1.50977,-1.101562 -1.91992,-0.96875 -1.54883,-0.419922 -0.51172,-0.361328 -0.95898,-1.058594 -0.21094,-2.601563 -0.41992,-0.929687 -1.41992,-1.308594 -0.75,-1.861328 -1.41992,-0.699219 -0.68946,-0.460937 -1.08008,-1.728516 -0.42968,-1.160156 -1.30078,-1.941406 -0.25977,-0.169922 -0.0195,-1.589844 -0.14063,-0.650391 -1.38867,-1.158203 -1.28125,-0.68164 -1.95898,-0.509766 -2.08008,-2.859375 -1.23047,-1.390625 -0.7793,-0.660156 -1.85156,-1.269531 -2.96875,-1.810547 -1.55078,-0.580078 -0.44922,-1.21875 -0.67969,-0.910157 -1.1914,-0.820312 -3.33985,-1.800781 -1.07031,-1.199219 -1.08008,-0.310547 -1.9082,-2.410156 -0.16016,-0.728516 0.0898,-1.339844 -0.34961,-0.691406 -0.76172,-0.388672 -1.78906,-0.220703 -0.33985,-0.189453 -2.89062,-1.541016 -1.07031,0.08008 -0.78907,-0.289063 L 494.16992,24.25 493.92969,23.140625 493.57031,22.75 l -0.85937,-0.330078 -1.61133,0.490234 -2.08008,0.03906 -0.90039,-0.398438 -0.70898,-0.640625 -0.72071,-0.300781 -1.02929,0.191406 -0.96094,0.619141 -1.10938,0.0098 -2.43945,-0.660157 -2.83984,0.59961 -0.97071,0.310547 -1.03906,0.839843 -0.98047,1.429688 -0.18945,0.521484 -0.11133,1.330078 -0.32031,1.048828 -0.0195,0.830079 0.46093,2.330078 -0.40039,0.730468 0.0899,0.640625 0.89062,1.019532 0.0391,1.269531 -0.79883,0.429687 -2.21094,-0.08984 -1.14062,-0.208985 -0.66016,0.169922 -1.01953,0.910156 L 469.5,36.060547 467.89062,35.75 466.93945,36 l -1.02929,-0.419922 -0.46094,-0.769531 -0.54883,-1.03125 -1.05078,-0.449219 -1.86914,0.699219 -0.79102,-0.0293 -0.86914,-0.380859 -1.68945,0.08008 -1.33008,0.640625 -1.25,1.349609 -0.85156,0.410156 -0.86914,0.150391 -2.10938,-0.810547 -0.90039,-0.07031 -1.43945,1.361328 -0.21094,0.958984 -0.73047,0.871094 0.01,0.359375 0.68164,1.480469 -0.16016,0.36914 -1.20117,1.451172 -0.91015,0.839844 -1.50977,0.458984 -1.23047,0.04102 -1.55859,0.490234 -0.71094,0.05859 -0.54883,0.419922 -0.66992,0.08008 -1.46094,-1.009766 -1.03906,-0.0293 -0.39063,-0.230468 -1.21093,0.640625 -0.49024,0.410156 -0.81836,-0.02148 -0.62109,-0.388672 -0.51953,0.01953 -1.2793,0.869141 -0.75,0.15039 -2.07031,1.589844 -1.4707,0.851563 -2.07032,0.208984 -2.68945,1.041016 -1.0293,0.01953 -0.68164,0.830078 L 421.5,50.289062 420.85938,50.859375 418.86914,52 l -0.33008,0.560547 -1.42968,1.058594 -1.36915,0.06055 -0.95117,0.910156 -0.93945,0.220703 -0.66992,-0.111328 -0.51953,0.93164 -0.63086,-0.560547 -0.28907,-0.701171 -1.5,-0.859375 -0.0801,-0.919922 -0.54102,-0.480469 -1.12891,-0.378906 -1.06054,-1.121094 -0.76953,0.650391 -0.55078,-0.689454 -0.93946,0.21875 -0.66015,-1.259765 -1.5,-0.869141 -0.22071,-0.419922 -5.88867,-3.380859 -0.59961,-0.240234 -0.99023,-0.81836 L 394.2207,42 l -0.0215,-0.699219 0.27148,-0.580078 0.14844,-1.441406 -0.54883,-1.689453 0.17969,-0.720703 -0.0996,-1.208985 -0.26953,-0.279297 -0.0508,-0.93164 0.40039,-1.458985 -0.73047,-1.560546 0.0898,-2.269532 -0.18945,-8.890625 0.95899,-1.070312 0.58007,0.191406 0.28125,-0.400391 -0.75976,-1.210937 0.33984,-1.648438 1.19922,-0.210937 -0.0195,-0.730469 -0.53125,-0.289062 0.12109,-1.150391 -0.81054,-0.330078 0.34961,-0.660156 -0.5586,-1.339844 -0.60156,0.460937 -0.8086,-1.271484 -1.05078,-0.109375 -0.60937,1.029297 -0.75977,0.101562 -0.60156,0.478516 -1.36914,-0.5 -0.58984,0.0098 -0.22071,-0.75 -1.05859,0.02148 -0.12109,-0.830078 h -0.54883 L 385.01953,8.9199219 384.75,8.9804688 382.10938,7.8105469 380.75,7.4492188 l -0.48047,0.6503906 -0.33984,-0.6503906 -1.70899,-0.96875 -1.37109,0.5488281 -0.73047,-0.3300781 -0.95898,0.6015624 -0.2793,-0.3300781 -1.68164,-0.53125 z"
         style="fill:#d9d9d9;fill-opacity:1;opacity:1" />
      <path
         id="Maine-1"
         transform="translate(-5,-5)"
         d="M 345.56055 493.82031 L 330.32031 496.7207 L 326.58008 497.5 L 326.59961 497.78906 L 326.63086 499.15039 L 327 500.34961 L 327.16992 502.4707 L 328.00977 503.68945 L 328.67969 505.33008 L 329.16992 505.80078 L 330.14062 506.25977 L 330.96094 507.41992 L 331.85938 508.31055 L 332.4707 509.25977 L 333.5293 510.50977 L 333.42969 511.49023 L 332.15039 513.89062 L 331.78906 515.0293 L 331.94922 516.11914 L 332.2793 517.24023 L 331.84961 518.44922 L 331.13086 518.71094 L 330.19922 519.38086 L 322.58008 517.81055 L 322.21094 518.03906 L 322 518.94922 L 322.40039 519.25977 L 321.89062 521.40039 L 322.41992 521.81055 L 321.99023 523.05078 L 315.91992 530.83984 L 315.74023 531.88086 L 321.26953 533.09961 L 320.61914 535.36914 L 320.35938 536.68945 L 320.46094 537.28906 L 320.00977 540.58008 L 319.53906 541.91992 L 318.85938 543.41992 L 318.71094 544.41016 L 318.16016 546.21094 L 316.50977 549.09961 L 315.71094 549.60938 L 315.07031 550.7793 L 314.68945 552.01953 L 314.59961 553.16992 L 314.94922 554.40039 L 314.69922 554.9707 L 327.91992 557.73047 L 324.88086 572.36914 L 324.71094 573.18945 L 322.99023 581.64062 L 321.81055 581.39062 L 321.91016 580.98047 L 320.92969 580.51953 L 320.07031 580.35938 L 319.91016 581 L 315.5293 580.05078 L 315.33984 581.00977 L 313.99023 581.74023 L 313.08984 581.91016 L 311.60938 581.65039 L 311.00977 582.30078 L 310.56055 582.38086 L 310.84961 583.36914 L 310.51953 585.64062 L 310.84961 586.71094 L 311.58008 587.7793 L 311.91992 589.43945 L 311.61914 591.43945 L 311.31055 592.17969 L 310.81055 592.4707 L 310.44922 593.25977 L 310.49023 594.93945 L 298.75977 592.38086 L 299.64062 591.91016 L 300.75977 589.75 L 301.18945 589.2793 L 301.80078 588.09961 L 302.71094 587.78906 L 303.57031 587.03906 L 304.99023 585.49023 L 305.00977 584.68945 L 305.57031 584.2793 L 305.01953 582.88086 L 304.83008 582.90039 L 305.5293 579.96094 L 305.74023 579.08008 L 299.71094 579.80078 L 299.90039 578.93945 L 298.64062 578.40039 L 299.58008 577.48047 L 295.83008 576.66016 L 295.99023 576.35938 L 294.18945 575.93945 L 294.38086 575.33008 L 292.66992 574.9707 L 291.56055 574.44922 L 289.96094 574.08008 L 288.15039 574.66016 L 286.91016 579.89062 L 284.2207 590.94922 L 280.9707 590.16992 L 280.33008 592.61914 L 278.84961 592.30078 L 278.39062 594.26953 L 277.81055 594.2207 L 276.67969 599.08008 L 278.67969 599.5293 L 278.59961 599.99023 L 279.49023 600.15039 L 276.98047 613.25 L 276.7207 614.58984 L 277 615.83984 L 276.46094 616.90039 L 275.83984 617.01953 L 275.59961 617.94922 L 276.00977 618.5293 L 275.41016 618.91016 L 275.44922 619.60938 L 275.94922 620.76953 L 275.66992 621.05078 L 276.08008 621.73047 L 275.41016 622.38086 L 274.65039 621.91016 L 274.59961 622.69922 L 273.71094 623.35938 L 273.58008 623.91992 L 274.03906 624.19922 L 274.25 624.85938 L 275.48047 625.98047 L 275.83984 626.64062 L 269.85938 635.40039 L 268.38086 634.41992 L 265.35938 638.91992 L 265.00977 638.68945 L 254.91016 631.93945 L 254.06055 631.58008 L 254.49023 630.85938 L 250.76953 626.92969 L 247.69922 623.66992 L 239.7793 615.65039 L 238.31055 617.66016 L 233.46094 624.69922 L 229.42969 621.73047 L 229.03906 623.68945 L 228.57031 624.03906 L 223.05078 619.98047 L 222.58984 620.58008 L 218.60938 617.57031 L 218.56055 616.53906 L 215.69922 614.66016 L 215.33008 615.18945 L 214.84961 614.85938 L 210.31055 621.21094 L 208.93945 619.11914 L 207.78906 617.75 L 206.68945 619.28906 L 205.38086 618.85938 L 205.25 618.09961 L 204.63086 617.60938 L 203.71094 616.48047 L 203.49023 615.17969 L 202.88086 614.48047 L 202.59961 613.5 L 201.96094 612.33008 L 201.99023 611.76953 L 201.56055 610.99023 L 202.05078 610.11914 L 201.66016 609.59961 L 202.14062 608.93945 L 202.0293 608.11914 L 202.48047 607.5 L 202.82031 606.41016 L 202.5 606.18945 L 202.66992 604.92969 L 202.42969 604.15039 L 202.88086 603.55078 L 203.35938 602.25 L 204.33008 601.13086 L 204.65039 600.41016 L 204.25977 599.23047 L 204.23047 598.43945 L 203.42969 595.5293 L 202.68945 594.75977 L 202.32031 594.69922 L 202.25 594.75977 L 200.16992 591.73047 L 194.16992 595.86914 L 190.94922 598.23047 L 190.5 597.33984 L 185.93945 600.38086 L 185.2793 600.82031 L 174.73047 608.26953 L 170.03906 605 L 170.11914 606.28906 L 169.4707 606.58984 L 168.98047 607.75977 L 169.65039 608.21094 L 169.68945 609.17969 L 170.0293 610.2793 L 170 611.33984 L 171.31055 613.15039 L 178.42969 614.88086 L 178.38086 615.99023 L 178.61914 616.65039 L 179.80078 616.43945 L 182.91992 620.99023 L 188.24023 628.88086 L 184.09961 631.67969 L 186.35938 634.82031 L 183.41992 637.34961 L 183.15039 638.15039 L 182.71094 638.61914 L 183.11914 641.89062 L 183.7207 642.36914 L 184.49023 642.36914 L 181.71094 644.90039 L 181.58984 643.88086 L 179.75 645.4707 L 179.63086 644.46094 L 177.46094 646.33008 L 178.14062 647.06055 L 177.42969 647.17969 L 177.00977 647.60938 L 177.84961 648.31055 L 178.21094 649.40039 L 177.89062 650.23047 L 177.86914 651.28906 L 178.16992 651.68945 L 178.84961 651.80078 L 179.53906 653.41016 L 179.30078 654.5 L 179.35938 655.08984 L 178.24023 655.31055 L 177.25 656.21094 L 176.63086 656.15039 L 175.09961 655.55078 L 174.41016 656.24023 L 173.5293 656.33008 L 173.33008 656.00977 L 171.94922 655.7793 L 170.36914 656.68945 L 169.25 656.68945 L 169.23047 656.23047 L 168.18945 656.31055 L 167.36914 656.0293 L 166.75977 655.57031 L 166.25977 656.07031 L 165.64062 656.25 L 164.34961 657.07031 L 162.61914 657.30078 L 162.36914 657.65039 L 161.19922 658.46094 L 160.74023 659.17969 L 159.68945 659.2207 L 158.9707 658.81055 L 158.13086 659.0293 L 157.4707 659.73047 L 156.80078 660.06055 L 155.94922 659.51953 L 155.56055 659.92969 L 154.64062 659.82031 L 154.07031 658.83984 L 153.56055 658.50977 L 152.75977 658.76953 L 153.2207 665.74023 L 153.51953 672.49023 L 153.50977 675 L 153.75977 679.93945 L 154.17969 688.50977 L 154.24023 690.40039 L 154.48047 698.25977 L 155.00977 698.51953 L 155.86914 699.57031 L 156.64062 700.14062 L 156.74023 701.13086 L 157.2793 701.71094 L 156.92969 702.89062 L 156.23047 703.55078 L 155.78906 703.4707 L 155.63086 704.5 L 156.28906 705.16016 L 156.41016 706.33008 L 156.81055 706.75977 L 156.81055 707.43945 L 156.42969 708.51953 L 156.69922 709.03906 L 156.2793 709.34961 L 156.10938 710.89062 L 155.75 711.16992 L 154.74023 713.2207 L 155.00977 713.84961 L 154.78906 714.28906 L 154.11914 714.76953 L 154.53906 715.40039 L 155.38086 715.51953 L 155.89062 716.7207 L 155.01953 719.58008 L 155.68945 720.90039 L 155.75 721.74023 L 154.75 722.33984 L 154.80078 723.33984 L 153.98047 724.44922 L 152.89062 725.08984 L 152.38086 725.99023 L 152.38086 727.90039 L 152.86914 728.66016 L 152.84961 729.46094 L 152.26953 729.68945 L 152.23047 730.39062 L 152.53906 730.89062 L 152.42969 732.08008 L 152.63086 732.7793 L 153.65039 734.35938 L 153.92969 735.14062 L 153.83008 736.01953 L 154.80078 738.55078 L 155.67969 739.05078 L 156.16992 740.17969 L 156.82031 740.18945 L 158.69922 739.73047 L 159.26953 739.83984 L 159.50977 741.11914 L 160.43945 742.01953 L 161.49023 742.86914 L 161.93945 742.88086 L 161.9707 744.64062 L 161.85938 744.92969 L 162.50977 745.56055 L 163.16992 745.55078 L 163.2793 746.64062 L 162.49023 747.55078 L 162.66992 747.89062 L 163.41016 747.93945 L 163.55078 748.64062 L 163.91992 749.03906 L 165.18945 749.5 L 165.80078 751.33008 L 166.75977 751.44922 L 167.2793 752.43945 L 168.18945 752.66992 L 168.65039 754.05078 L 169.24023 754.43945 L 169.64062 754.16016 L 170.76953 754.60938 L 171.30078 755.16016 L 171.0293 755.61914 L 171.35938 756.64062 L 172.00977 756.65039 L 173.13086 757.00977 L 174.06055 757.58984 L 174.35938 759.14062 L 174.83008 759.26953 L 175.10938 759.92969 L 174.65039 761.23047 L 174.15039 761.69922 L 173.63086 764.33008 L 173.83008 765.16016 L 173.63086 765.7793 L 172.7793 766.16016 L 172.63086 766.65039 L 173.07031 767.90039 L 173.24023 768.81055 L 172.59961 769.80078 L 172.48047 771.76953 L 171.85938 773.73047 L 172.33984 775.24023 L 172.41992 776.28906 L 172.74023 777.25 L 173.61914 778.06055 L 175.08984 779.06055 L 177 780.91016 L 178.30078 781.96094 L 178.91992 782.84961 L 180.39062 783.28906 L 181.00977 784 L 181.85938 785.69922 L 183.75 786.17969 L 184.24023 786.81055 L 188.36914 786.57031 L 188.69922 789.33008 L 192.05078 787.86914 L 192.7207 787.49023 L 193.66016 786.43945 L 193.75 785.17969 L 194.06055 784.28906 L 194.94922 783.43945 L 195.11914 782.35938 L 196.0293 781.49023 L 197.30078 779.7207 L 197.81055 778.63086 L 197.82031 777.33008 L 198.14062 776.34961 L 199.39062 776.09961 L 199.41992 774.7207 L 198.93945 774.55078 L 198.94922 773.82031 L 199.86914 770.93945 L 200.90039 770.08984 L 202.83984 770.98047 L 203.59961 770.42969 L 202.96094 769.57031 L 202.19922 769.06055 L 201.46094 769.25 L 201.21094 768.81055 L 202.15039 767.36914 L 203.17969 766.41992 L 203.7793 765.25 L 203.9707 764.50977 L 203.75 763.80078 L 203.94922 762.94922 L 205.42969 761.34961 L 205.55078 760.60938 L 204.82031 759.26953 L 203.99023 757.98047 L 203.91016 756.68945 L 203.43945 756.35938 L 203.2207 755.71094 L 204.23047 752.4707 L 204.36914 752.01953 L 205.46094 749.92969 L 206.23047 749.51953 L 206.24023 748.41992 L 206.66016 747.78906 L 206.57031 747.14062 L 207.32031 744.83008 L 208.49023 742.83008 L 210.73047 740.40039 L 210.91992 740.18945 L 213.21094 738.91016 L 214.24023 738.89062 L 215.33008 739.60938 L 215.60938 738.91992 L 216.76953 738.69922 L 217.34961 738.90039 L 217.61914 738.34961 L 218.69922 738.4707 L 219.08008 739.16992 L 219.91992 739.60938 L 220.75977 739.36914 L 221.00977 738.66992 L 221.84961 738.4707 L 222.00977 737.7207 L 222.57031 737.21094 L 223.26953 737.05078 L 224.80078 737.0293 L 225.35938 736.50977 L 226.39062 735.92969 L 226.11914 733.89062 L 225.34961 732.61914 L 225.25977 731.40039 L 224.92969 730.91016 L 225.75977 729.75 L 226.39062 729.38086 L 227.18945 729.33984 L 227.68945 728.83984 L 228.33008 729 L 228.41992 729.85938 L 228.7207 730.26953 L 229.81055 728.83008 L 229.93945 728.08984 L 231.0293 727.19922 L 231.05078 726.65039 L 230.2207 726.40039 L 230.71094 725.64062 L 231.51953 725.33008 L 231.57031 724.09961 L 232.36914 722.94922 L 233.4707 722.07031 L 235.07031 721.55078 L 235.83984 721.89062 L 236.49023 721.28906 L 236.66992 720.7207 L 237.25977 720.76953 L 237.00977 719.86914 L 237.69922 719.2207 L 237.98047 718.61914 L 236.68945 718.84961 L 234.06055 718.74023 L 233.61914 718.9707 L 233.28906 719.75 L 232.78906 719.7207 L 232.16016 719.2207 L 231.46094 718.11914 L 230.76953 716.61914 L 230.42969 713.5293 L 230.58008 711.81055 L 231.28906 709.94922 L 233.61914 706.03906 L 234.63086 704.93945 L 236.13086 704.03906 L 237.82031 703.99023 L 238.7207 704.32031 L 239.19922 705.06055 L 238.51953 706.05078 L 238.81055 706.40039 L 239.84961 706.44922 L 240.58984 706.08008 L 239.71094 704.9707 L 240.53906 703.36914 L 241.66016 702.25 L 245.10938 700.11914 L 245.28906 700.23047 L 245.44922 700.99023 L 246.18945 701.80078 L 247.01953 701.69922 L 248.75977 702.03906 L 250.35938 700.39062 L 251.4707 699.86914 L 251.93945 700.21094 L 252.33008 701.15039 L 253.71094 701.00977 L 254.90039 699.66992 L 254.5 698.96094 L 254.26953 698.00977 L 253.49023 697.34961 L 254.35938 695.86914 L 253.90039 695.31055 L 252.64062 695.16992 L 252.66016 694.28906 L 252.28906 694.06055 L 252.63086 693.08984 L 252.75977 691.83008 L 253.2207 691.11914 L 253.53906 689.30078 L 252.59961 688.42969 L 252.08008 688.33008 L 251.71094 687.43945 L 251.36914 685.98047 L 251.05078 685.78906 L 251.25 684.53906 L 250.41992 684.39062 L 249.99023 683.56055 L 249.4707 683.16016 L 249.03906 682.33008 L 249.57031 681.75 L 249.28906 680.92969 L 248.39062 680.66992 L 247.66016 680.13086 L 247.93945 679 L 247.86914 678.32031 L 248.74023 677.7793 L 248.60938 677.39062 L 249.00977 676.86914 L 250.03906 678.24023 L 251.13086 677.68945 L 250.89062 677.14062 L 250.31055 676.98047 L 249.91016 675.88086 L 250.38086 674.83008 L 250.91016 675.34961 L 251.57031 675.42969 L 252.08984 676.00977 L 252.60938 676.16016 L 252.75977 675.46094 L 252.33984 674.83008 L 252.73047 673.41016 L 252.18945 672.13086 L 254.78906 668.91992 L 255.31055 668.2793 L 255.4707 667.08984 L 254.82031 666.2207 L 255.31055 665.07031 L 255.5 664.09961 L 255.25 663.48047 L 255.92969 663.19922 L 256.19922 662.63086 L 257.32031 662.13086 L 257.67969 662.7207 L 257.0293 664.74023 L 257.60938 664.86914 L 259.39062 663.08984 L 260.4707 662.39062 L 261.25977 660.89062 L 262.21094 659.82031 L 261.68945 659.11914 L 261.92969 658.7793 L 262.91992 659.13086 L 263.38086 659.64062 L 264.08008 659.69922 L 265.15039 658.56055 L 265.55078 658.14062 L 266.5 656.55078 L 267.50977 656.2793 L 268.13086 655.21094 L 269.85938 654.39062 L 269.99023 653.13086 L 270.84961 653.75 L 271.94922 653.03906 L 271.56055 655.44922 L 271.18945 656.40039 L 272.83984 654.86914 L 273.30078 653.80078 L 272.75 653.67969 L 273.39062 652.51953 L 274.07031 652.11914 L 274.5 652.75977 L 275.05078 652.35938 L 274.61914 651.66016 L 275.16992 650.96094 L 274.89062 650.4707 L 276.16016 648.99023 L 277.28906 647.92969 L 277.81055 647.42969 L 278.99023 647.50977 L 279.59961 647.10938 L 280.11914 646.41016 L 280.98047 645.94922 L 281.76953 646.07031 L 281.86914 646.67969 L 281.38086 646.90039 L 280.85938 648.59961 L 279.91992 649.30078 L 279.40039 650.01953 L 279.24023 650.61914 L 277.31055 652.44922 L 276.91992 653.86914 L 278.08008 653.08984 L 278.48047 652.44922 L 279.94922 651.41016 L 280.74023 650.51953 L 280.67969 650.13086 L 281.23047 649.26953 L 281.99023 648.81055 L 282.57031 648.81055 L 283 648.44922 L 283.49023 648.7207 L 284.55078 648.66016 L 285.44922 648.03906 L 285.68945 647.36914 L 286.2793 647.16016 L 286.64062 646.60938 L 287.09961 647.24023 L 286.55078 647.68945 L 286.16016 649.28906 L 285.66992 649.44922 L 284.93945 650.73047 L 283.25977 652.99023 L 283.38086 654.48047 L 282.71094 655.71094 L 281.82031 655.65039 L 281.66992 656.19922 L 281.11914 656.25977 L 280.53906 658.10938 L 279.63086 659.5 L 278.49023 660.81055 L 277.91016 661.78906 L 277.66992 663.03906 L 276.35938 664.39062 L 275.76953 665.84961 L 274.73047 667.14062 L 275.07031 667.66016 L 274.51953 669.15039 L 275.00977 669 L 275.67969 667.99023 L 276.39062 667.92969 L 277.31055 666.98047 L 277.61914 667.41016 L 277.33984 668.25977 L 276.91992 670.51953 L 278.41992 668.7207 L 278.83984 667.96094 L 280.09961 667.40039 L 281.01953 667.91992 L 280.4707 669.33984 L 280.82031 670.33984 L 279.41016 672.5293 L 279.65039 673.24023 L 279.5293 673.84961 L 280.50977 673.63086 L 280.32031 672.94922 L 281.28906 671.25 L 281.05078 670.59961 L 282.42969 667.75977 L 282.91992 666.08008 L 283.7793 666.41992 L 285.42969 664 L 286.03906 662.86914 L 287.55078 664.39062 L 288.46094 662.43945 L 289.09961 660.75977 L 289.96094 661.08984 L 290.51953 661.85938 L 291.09961 661.88086 L 291.57031 662.39062 L 291.89062 661.82031 L 292.7207 662.41992 L 292.99023 662.89062 L 293.88086 662.32031 L 294.83984 661.91992 L 295.7207 662 L 296.65039 661.67969 L 297.16992 661.85938 L 296.85938 662.4707 L 296.69922 663.80078 L 297.7793 664.13086 L 298.18945 665.06055 L 297.39062 665.74023 L 297.24023 666.16016 L 297.2793 668.01953 L 296.89062 669.65039 L 297.01953 670.86914 L 297.7793 669.36914 L 298.05078 667.96094 L 299.08984 667.67969 L 299.85938 668.10938 L 298.9707 669.80078 L 298.67969 671.35938 L 299.05078 672.30078 L 299.66016 672.44922 L 299.06055 674.76953 L 299.55078 674.9707 L 300.15039 674.48047 L 301.03906 674.69922 L 301.41992 675.65039 L 301.84961 675.36914 L 302.42969 674.39062 L 301.83984 672.43945 L 302.73047 671.58008 L 304.4707 670.7207 L 305.41992 670.90039 L 305.75977 670.41016 L 307.40039 669.7793 L 306.98047 669.24023 L 307.43945 668.57031 L 308.35938 668.03906 L 308.93945 668.00977 L 308.91016 669.00977 L 309.92969 668.94922 L 310.33984 667.90039 L 310.5293 667.41992 L 312.07031 667.75 L 313.10938 664.55078 L 313.73047 663.2207 L 314.76953 662.58008 L 316.23047 660.94922 L 316.80078 659.08984 L 316.69922 657.56055 L 317.07031 655.91016 L 318.2207 654.09961 L 318.40039 652.9707 L 318.10938 651.48047 L 318.64062 649.5293 L 318.57031 648.00977 L 318.2793 646.57031 L 318.28906 645.43945 L 318.7793 644.98047 L 319.06055 644.2207 L 319.41016 642.16992 L 319.42969 640.83008 L 319.82031 639.91992 L 319.96094 636.86914 L 320.83984 635.67969 L 321.41992 635.76953 L 322.13086 635.39062 L 322.34961 635.57031 L 322.36914 636.55078 L 321.65039 637.65039 L 320.81055 640.46094 L 320.53906 642.5293 L 320.84961 643.39062 L 320.89062 644.17969 L 320.66016 645.16016 L 320.53906 645.67969 L 320.81055 647.16992 L 320.84961 648.13086 L 320.91992 650.24023 L 320.63086 652.68945 L 320.21094 653.21094 L 320.83008 654.06055 L 320.80078 655.91992 L 321.28906 655.78906 L 321.75977 656.46094 L 323.0293 657.46094 L 323.08984 658.56055 L 323.5293 659.30078 L 323.99023 660.66016 L 324.74023 661.07031 L 325.16992 660.48047 L 325.01953 659.28906 L 325.33008 657.01953 L 325.40039 655.74023 L 325.01953 654.64062 L 325.41992 653.82031 L 325.9707 654.24023 L 325.41016 651.33984 L 326.5 650.73047 L 326.83008 649.16992 L 328.33008 648.98047 L 328.60938 649.4707 L 328.00977 649.94922 L 327.84961 650.53906 L 328.09961 651.78906 L 328.66992 652.18945 L 328.83984 652.82031 L 329.69922 652.50977 L 330.16016 651 L 329.99023 650.25 L 329.56055 649.60938 L 330.92969 649.17969 L 331.2207 647.33984 L 331.74023 647.26953 L 332.5 647.16992 L 332.94922 648.40039 L 332.89062 649.43945 L 332.57031 651.26953 L 332.83008 652.15039 L 332.05078 653.10938 L 331.25977 653.07031 L 331.10938 655.00977 L 331.33008 655.24023 L 332.78906 655.61914 L 333.66992 654.34961 L 333.7793 653.69922 L 334.49023 653.78906 L 334.57031 652.5 L 334.84961 651.5293 L 335 650.16016 L 335.50977 649.76953 L 337.24023 650.38086 L 337.53906 651.78906 L 338.07031 651.44922 L 338.10938 650.25 L 338.41016 649.66992 L 338.56055 648.33984 L 338.89062 646.69922 L 338.5 645.18945 L 338.16016 644.68945 L 338.30078 643.36914 L 339.0293 643.08984 L 339.99023 643.83984 L 341.40039 643.85938 L 341.40039 644.74023 L 342.19922 644.91992 L 341.83984 645.96094 L 341.91016 646.7793 L 342.42969 647.42969 L 342.74023 649.16992 L 343.00977 649.59961 L 342.64062 650.94922 L 342.82031 652 L 343.57031 651.16016 L 344.31055 650.85938 L 345.58008 647.39062 L 345.60938 646.91016 L 346.46094 645.24023 L 346.96094 643.55078 L 346.78906 643.25977 L 347.81055 642.58008 L 349.48047 640.07031 L 349.83008 639.13086 L 350.32031 635.31055 L 350.98047 633.26953 L 350.86914 632.25 L 351.33008 631.2793 L 352.06055 628.26953 L 351.91992 627.59961 L 352.53906 626.2207 L 353.93945 625.75 L 353.89062 626.69922 L 353.33008 628.21094 L 353.48047 629.32031 L 353.78906 629.5 L 354.41992 628.73047 L 354.90039 627.53906 L 355.31055 625.92969 L 356.58008 624.39062 L 357.44922 624.99023 L 357.60938 625.83984 L 357.60938 627.08008 L 358.14062 627.30078 L 358.7793 627.05078 L 359.44922 626.42969 L 359.41016 625.66992 L 359.93945 624.11914 L 360.05078 622.65039 L 361.42969 622.68945 L 362.18945 622.91016 L 361.08984 625.83984 L 361.41992 627.81055 L 361.68945 628.08984 L 363.30078 626.73047 L 363.01953 625.84961 L 363.74023 624.75 L 364.7207 625.41016 L 364.33984 626.68945 L 364.36914 627.30078 L 364.96094 627.25977 L 365.65039 626.33984 L 366.39062 626.78906 L 365.14062 627.86914 L 364.28906 628.35938 L 363.69922 630.16992 L 363.08984 629.90039 L 362.91016 630.7207 L 361.99023 631.88086 L 362.41016 632.80078 L 361.58984 633.91016 L 360.7793 634.58008 L 360.66016 635.25 L 361.88086 635.18945 L 362.58008 633.98047 L 363.31055 634.2207 L 363.9707 632.92969 L 364.46094 631.17969 L 365.10938 630.73047 L 365.60938 631.39062 L 366.74023 631.41016 L 367.42969 630.46094 L 367.26953 629.75977 L 366.38086 629.13086 L 365.91016 627.89062 L 366.58008 627.60938 L 367 626.93945 L 367.46094 627.28906 L 368.57031 628.05078 L 368.50977 628.63086 L 369.7207 628.49023 L 369.61914 629.44922 L 368.61914 630.39062 L 367.75977 631.57031 L 368.06055 632.33984 L 369.31055 631.81055 L 370.98047 630.33008 L 371.75977 629.25 L 372.51953 629.16992 L 372.78906 629.2793 L 373.32031 630.89062 L 374.48047 631.71094 L 373.76953 633.00977 L 373.60938 634.5293 L 372.94922 635.51953 L 373.01953 636.71094 L 373.71094 636.96094 L 374.42969 636.50977 L 375.35938 636.38086 L 376.2207 635.96094 L 377.71094 634.91992 L 377.5 634.03906 L 378.39062 633.82031 L 379.34961 633.81055 L 380.35938 633.42969 L 381.2793 633.93945 L 381.86914 633.34961 L 381.71094 632.82031 L 382.69922 631.94922 L 383.84961 630.13086 L 384.18945 629.08008 L 385.09961 628.75 L 385.03906 627.31055 L 385.44922 626.81055 L 385.31055 626.0293 L 386.32031 625.66016 L 386.00977 624.13086 L 386.89062 623.17969 L 387.16016 622.35938 L 387.86914 621.71094 L 388.13086 623.46094 L 388.67969 623.76953 L 389.0293 622.91992 L 389.61914 623 L 389.61914 624.0293 L 390.2793 625.15039 L 391.90039 625.74023 L 392.92969 625.21094 L 392.48047 624.55078 L 390.53906 623.90039 L 390.57031 623.25977 L 391.38086 622.03906 L 391.2793 621.40039 L 392.09961 620.99023 L 392.36914 621.05078 L 392.58984 622.18945 L 394.2207 622.42969 L 394.60938 621.39062 L 393.83984 621.24023 L 393.18945 620.85938 L 392.84961 620.18945 L 392.61914 619.07031 L 392.25977 618.40039 L 393.88086 617.05078 L 394.51953 616.05078 L 396.05078 615.18945 L 396.56055 614.49023 L 398.75 613.88086 L 399.16992 613.17969 L 398.36914 611.57031 L 398.76953 610.86914 L 399.66016 610.98047 L 399.5293 609.85938 L 400.33008 608.93945 L 400.91992 609.05078 L 401.7207 607.60938 L 401.85938 606.17969 L 402.49023 606.01953 L 402.94922 604.93945 L 402 604.4707 L 401.28906 604.42969 L 400.4707 605.5 L 400.31055 605.06055 L 398.7207 605.26953 L 397.10938 606.24023 L 396.73047 606.16992 L 395.93945 606.66016 L 395.2793 607.58008 L 395.28906 605.9707 L 395.06055 605.13086 L 395.55078 604.78906 L 394.94922 603.35938 L 395.55078 602.83984 L 395.08984 601.7793 L 395.53906 601.32031 L 395.5293 600.65039 L 396.58984 600.39062 L 397.44922 601.10938 L 397.96094 600.85938 L 398.65039 599.17969 L 398.68945 597.44922 L 397.41016 597.4707 L 396.99023 597.92969 L 396.49023 597.35938 L 397.2207 596.71094 L 397.85938 596.64062 L 398.18945 595.78906 L 398.35938 594.57031 L 397.98047 593.51953 L 398.11914 592.76953 L 398.92969 590.09961 L 398.78906 588.74023 L 399.06055 588.58984 L 400.31055 590.68945 L 400.49023 591.92969 L 401.33008 590.83984 L 401.48047 590.16016 L 401.16016 589.85938 L 400.98047 588.82031 L 401.16016 587.69922 L 401.63086 586.5 L 401.24023 585.18945 L 400.86914 585.10938 L 400.65039 584.38086 L 401.2207 583.74023 L 402.26953 583.61914 L 402.73047 583.06055 L 402.60938 581.31055 L 403.01953 579.75977 L 404.10938 578.17969 L 404.5 577.01953 L 402.58984 575.16992 L 392.55078 575.99023 L 386.16016 569.50977 L 384 567.39062 L 376.66992 559.94922 L 373.49023 556.82031 L 363.66016 566.94922 L 357.5 560.84961 L 357.19922 561.26953 L 356.49023 560.83984 L 355.63086 562.0293 L 356.21094 562.64062 L 355.57031 563.5293 L 354.71094 564.73047 L 352.08008 564.17969 L 350.2793 566.07031 L 352.33008 562.86914 L 343.18945 560.99023 L 350.7793 539.40039 L 357.09961 540.55078 L 358.46094 533.56055 L 358.64062 532.14062 L 359.94922 524.94922 L 354.28906 523.84961 L 355.16992 518.90039 L 356.64062 510.66016 L 357.16016 507.92969 L 348.57031 506.82031 L 348.56055 505.30078 L 349.30078 504.00977 L 350.00977 504.18945 L 350.35938 503.75 L 350.76953 502.30078 L 346.61914 501.57031 L 346.36914 498.83008 L 347.08984 498.67969 L 347.58984 495.99023 L 346.86914 495.85938 L 347.2207 494.17969 L 345.56055 493.82031 z M 403.65039 606.06055 L 402.92969 606.75 L 402.64062 607.7793 L 402.71094 608.30078 L 403.92969 608.09961 L 404.43945 607.21094 L 403.65039 606.06055 z M 402.57031 609.08984 L 402.01953 609.42969 L 401.9707 610.15039 L 402.66992 610.33008 L 402.57031 609.08984 z M 399.25 614.11914 L 399.38086 614.88086 L 400.07031 614.16992 L 399.25 614.11914 z M 400.66992 618.7207 L 399.41016 619.2207 L 399.53906 620.5293 L 401.50977 619.19922 L 401.16016 618.7207 L 400.66992 618.7207 z M 402.42969 619.36914 L 401.74023 619.91992 L 401.09961 620.08008 L 401.05078 621.08984 L 400.7793 621.36914 L 401.74023 622.63086 L 402.32031 621.41992 L 403.26953 620.08984 L 402.42969 619.36914 z M 400.19922 621.91992 L 399.0293 622.9707 L 396.44922 624.2793 L 396.42969 625.10938 L 396.83984 625.13086 L 397.93945 624.19922 L 398.75977 623.85938 L 399.83984 623.89062 L 400.35938 622.38086 L 400.19922 621.91992 z M 398.83008 624.2207 L 398.11914 624.69922 L 398.73047 626.19922 L 399.48047 625.18945 L 399.43945 624.73047 L 398.83008 624.2207 z M 359.0293 628.05078 L 358.07031 628.10938 L 357.9707 628.86914 L 358.50977 629.39062 L 359.0293 628.05078 z M 353.50977 630.59961 L 352.84961 630.9707 L 353.07031 631.44922 L 352.38086 632.74023 L 352.53906 634.16992 L 352.08984 636.80078 L 352.0293 638.08984 L 352.59961 638 L 353.41992 636.08008 L 353.86914 634.56055 L 354.34961 633.60938 L 354.85938 633.28906 L 354.49023 632.23047 L 353.68945 631.75 L 353.50977 630.59961 z M 371.21094 631.98047 L 370.2793 632.92969 L 370.41016 633.66992 L 371.23047 633.58984 L 371.34961 633.18945 L 371.21094 631.98047 z M 364.76953 633.38086 L 363.67969 634.75977 L 363.66992 635.58008 L 364.36914 635.58008 L 364.74023 635.03906 L 365.09961 633.56055 L 364.76953 633.38086 z M 380.91992 634.84961 L 380.31055 634.89062 L 379.90039 636.08008 L 379.68945 636.53906 L 380.63086 636.75977 L 381.5 635.86914 L 380.91992 634.84961 z M 354.64062 635.58008 L 353.86914 635.74023 L 353.75977 636.74023 L 353.98047 637.5 L 354.58008 636.66016 L 354.64062 635.58008 z M 368.83984 636.14062 L 368.4707 636.4707 L 368.35938 637.13086 L 369.10938 638.41992 L 369.43945 637.99023 L 369.56055 636.82031 L 369.40039 636.31055 L 368.83984 636.14062 z M 361.14062 637.03906 L 360.11914 637.16016 L 359.4707 638 L 359.68945 639.42969 L 360.19922 639.25977 L 360.83984 638.32031 L 361.24023 637.34961 L 361.14062 637.03906 z M 368.09961 638.85938 L 367.42969 639.25977 L 367.92969 640.14062 L 368.58008 640.38086 L 368.64062 641.10938 L 369.38086 641.13086 L 369.2793 640.40039 L 368.57031 639.14062 L 368.09961 638.85938 z M 368.46094 642.59961 L 368.0293 643.16016 L 368.21094 643.89062 L 367.98047 645.44922 L 367.42969 646.57031 L 367.75977 647.25977 L 368.41016 647.21094 L 369.07031 646.75 L 369.39062 645.48047 L 369.66992 643.55078 L 369.09961 643.39062 L 368.46094 642.59961 z M 372.56055 644.17969 L 371.55078 644.57031 L 370.88086 644.61914 L 370.67969 645.75 L 371.05078 646.17969 L 372.71094 645.80078 L 372.56055 644.17969 z M 281.53906 650.31055 L 281.05078 651.23047 L 280.61914 652.01953 L 281.53906 652.19922 L 281.7207 651.28906 L 282.11914 650.49023 L 281.53906 650.31055 z M 280.32031 652.63086 L 278.44922 653.75977 L 277.99023 654.85938 L 278.48047 655.34961 L 278.39062 655.90039 L 279.09961 655.86914 L 279.76953 655.2207 L 280.68945 653.91016 L 280.28906 653.30078 L 280.32031 652.63086 z M 327.92969 655.08984 L 327.26953 656 L 327.30078 656.89062 L 328.17969 656.91992 L 328.67969 656.36914 L 327.92969 655.08984 z M 276.46094 655.91016 L 275.93945 656.24023 L 275.55078 657.64062 L 274.35938 658.53906 L 274.01953 659.14062 L 274.31055 661.08984 L 274.84961 661 L 275.26953 660.53906 L 275 659.57031 L 275.73047 658.76953 L 276.15039 657.80078 L 276.61914 657.21094 L 276.82031 656.25977 L 276.46094 655.91016 z M 331.93945 657.07031 L 331.60938 658.59961 L 331.94922 659.30078 L 332.44922 657.41016 L 331.93945 657.07031 z M 271.71094 657.13086 L 271.16016 657.31055 L 270.15039 658.4707 L 271.28906 658.4707 L 271.71094 657.98047 L 271.71094 657.13086 z M 267.91992 659.96094 L 267.11914 660.75977 L 266.71094 660.46094 L 265.5293 661.34961 L 265.99023 661.39062 L 267.15039 662.01953 L 268.75 660.5293 L 267.91992 659.96094 z M 272.17969 660.08984 L 271.07031 660.11914 L 270.76953 660.55078 L 271.38086 660.75977 L 272.17969 660.08984 z M 333.68945 661.2207 L 333.34961 662.13086 L 333.44922 662.89062 L 334.31055 662.64062 L 334.11914 661.34961 L 333.68945 661.2207 z M 330.5293 661.41016 L 330.25 662.17969 L 330.19922 663.11914 L 329.50977 665.24023 L 329.69922 666.0293 L 330.15039 666.35938 L 330.44922 665.75977 L 330.39062 664.9707 L 330.73047 664.40039 L 330.68945 662.78906 L 331.38086 661.5293 L 330.5293 661.41016 z M 263.99023 661.5293 L 263.32031 662.35938 L 261.53906 662.19922 L 261.35938 663.82031 L 261.53906 664.80078 L 259.64062 666.83984 L 260.5 666.75 L 260.73047 667.41016 L 261.35938 666.81055 L 262.06055 666.86914 L 262.49023 665.99023 L 262.89062 666.23047 L 264.39062 665.43945 L 264.82031 664.08984 L 263.03906 664.31055 L 263.43945 663.08984 L 264.17969 663.11914 L 264.78906 662.75 L 263.99023 661.5293 z M 370.23047 661.83984 L 368.86914 662.17969 L 367.91016 663.42969 L 367.60938 664.64062 L 367.74023 665.18945 L 368.81055 665.03906 L 370.5293 662.90039 L 370.58008 662.26953 L 370.23047 661.83984 z M 272.91992 663.10938 L 272.55078 663.7207 L 272.46094 664.58008 L 273.43945 664.08984 L 272.91992 663.10938 z M 274.66992 664.35938 L 273.86914 664.82031 L 273.7207 665.58008 L 272.41992 667.44922 L 272.41016 668.18945 L 274.36914 665.49023 L 274.66992 664.35938 z M 267.91992 665.5 L 266.98047 665.69922 L 266.40039 667.16016 L 265.48047 666.93945 L 264.66992 667.09961 L 264.08984 667.59961 L 263.63086 669.14062 L 262.5 670.78906 L 262.61914 671.9707 L 263.16992 672.38086 L 263.9707 672 L 264.35938 672.33984 L 264.03906 672.9707 L 264.75 673.44922 L 264.93945 672.78906 L 265.43945 672.61914 L 265.25977 671.59961 L 266.48047 671.16016 L 265.99023 670.23047 L 266.5 669.08008 L 266.93945 668.48047 L 267.31055 667.48047 L 267.74023 667.08008 L 267.63086 666.2793 L 267.91992 665.5 z M 257.51953 667.60938 L 256.53906 668.13086 L 256.10938 668.67969 L 256.50977 669.13086 L 257.31055 668.46094 L 257.51953 667.60938 z M 268.66016 670.10938 L 268.53906 670.63086 L 267.92969 671.39062 L 268.7793 670.99023 L 269.31055 670.19922 L 268.66016 670.10938 z M 288.41992 670.16016 L 287.88086 670.30078 L 288.21094 671.41016 L 289.2207 671.34961 L 288.41992 670.16016 z M 274.80078 670.65039 L 274 671.63086 L 274.31055 672.08984 L 275.14062 670.91992 L 274.80078 670.65039 z M 276.60938 670.98047 L 276.17969 671.56055 L 275.48047 673.0293 L 276.31055 673.06055 L 277.61914 671.28906 L 276.60938 670.98047 z M 255.74023 671.73047 L 254.93945 672.98047 L 255.42969 673.28906 L 256.33008 671.94922 L 255.74023 671.73047 z M 269.51953 672.0293 L 268.75977 673.00977 L 268.93945 673.38086 L 269.80078 672.83008 L 269.51953 672.0293 z M 271.0293 672.31055 L 269.80078 673.43945 L 270.09961 674.43945 L 271.13086 673.23047 L 271.0293 672.31055 z M 261.06055 673.11914 L 260.60938 673.73047 L 261.39062 674.10938 L 261.60938 673.49023 L 261.06055 673.11914 z M 311.28906 673.69922 L 311.33008 674.57031 L 311.69922 674.96094 L 312.09961 674.28906 L 312.07031 673.76953 L 311.28906 673.69922 z M 265.38086 673.96094 L 264.51953 674.91016 L 264.39062 675.34961 L 264.55078 675.66992 L 265.86914 674.35938 L 265.38086 673.96094 z M 268.43945 674 L 267.98047 674.0293 L 267.33984 674.61914 L 266.98047 675.51953 L 265.36914 677.60938 L 265.08008 678.10938 L 265.36914 678.71094 L 266.85938 676.65039 L 267.48047 676.50977 L 268.24023 677.14062 L 268.4707 676.01953 L 267.78906 675.51953 L 268.43945 674 z M 262.18945 674.33008 L 261.4707 675.40039 L 260.08984 676.63086 L 259.16992 677.03906 L 258.21094 677.90039 L 257.91992 678.58008 L 257.94922 679.18945 L 258.5 679.46094 L 259.66016 679.5 L 260.75 678.93945 L 260.4707 678.15039 L 261.55078 677.41016 L 262.23047 676.43945 L 262.36914 675.83008 L 263.08008 675.2793 L 262.18945 674.33008 z M 256.82031 676.58984 L 255.65039 677.38086 L 254.96094 677.67969 L 254.25977 678.26953 L 253.86914 678.91016 L 253.71094 680.7207 L 252.69922 681.71094 L 253.10938 682.5 L 254.05078 681.59961 L 254.48047 680.92969 L 255.40039 680.41016 L 255.89062 679.40039 L 256.18945 678.2793 L 256.7793 677.14062 L 256.82031 676.58984 z M 269.07031 677.2793 L 268.28906 677.9707 L 267.26953 680.05078 L 267.93945 680.61914 L 268.91992 678.98047 L 268.9707 678.39062 L 269.07031 677.2793 z M 256.16992 680.32031 L 255.31055 681.35938 L 254.78906 682.25 L 254.41992 682.2793 L 254.57031 683.7793 L 254.35938 684.23047 L 254.53906 684.68945 L 255.76953 684.30078 L 256.57031 684.39062 L 257.51953 682.83984 L 257.46094 682.18945 L 256.81055 681.78906 L 256.84961 680.41016 L 256.16992 680.32031 z M 254.06055 685.08008 L 253.25 686.09961 L 253.73047 686.48047 L 253.74023 687.49023 L 254.83984 686.58008 L 255.71094 685.36914 L 254.83008 685.53906 L 254.06055 685.08008 z M 249.58008 702.84961 L 248.60938 704.21094 L 250.00977 704.61914 L 250.89062 704.44922 L 251.08984 703.75 L 250.69922 703.44922 L 251.33984 702.86914 L 249.58008 702.84961 z M 199.92969 801.46094 L 199.75977 802.58984 L 201.15039 804 L 202 803.41992 L 201.82031 803 L 200.75977 802 L 200.56055 801.5 L 199.92969 801.46094 z "
         style="fill:#bdbdbd;fill-opacity:1;opacity:1" />
    </g>
  </g>
</svg>