<svg
   xmlns:dc="http://purl.org/dc/elements/1.1/"
   xmlns:cc="http://creativecommons.org/ns#"
   xmlns:rdf="http://www.w3.org/1999/02/22-rdf-syntax-ns#"
   xmlns:svg="http://www.w3.org/2000/svg"
   xmlns="http://www.w3.org/2000/svg"
   xmlns:sodipodi="http://sodipodi.sourceforge.net/DTD/sodipodi-0.dtd"
   xmlns:inkscape="http://www.inkscape.org/namespaces/inkscape"
   width="810"
   height="810"
   viewBox="0 0 810 810"
   stroke-linecap="round"
   stroke-linejoin="round">
  <metadata
     id="metadata1161">
    <rdf:RDF>
      <cc:Work
         rdf:about="">
        <dc:format>image/svg+xml</dc:format>
        <dc:type
           rdf:resource="http://purl.org/dc/dcmitype/StillImage" />
      </cc:Work>
    </rdf:RDF>
  </metadata>
  <defs
     id="defs1159" />
  <sodipodi:namedview
     pagecolor="#ffffff"
     bordercolor="#666666"
     borderopacity="1"
     objecttolerance="10"
     gridtolerance="10"
     guidetolerance="10"
     inkscape:pageopacity="0"
     inkscape:pageshadow="2"
     inkscape:window-width="2121"
     inkscape:window-height="1952"
     id="namedview1157"
     showgrid="false"
     inkscape:zoom="1.34"
     inkscape:cx="444.61573"
     inkscape:cy="315.44776"
     inkscape:window-x="1687"
     inkscape:window-y="0"
     inkscape:window-maximized="0"
     inkscape:current-layer="Maine" />
  <g
     transform="translate(5,5)"
     stroke="white"
     stroke-width="1"
     style="fill:#e27f7f;fill-opacity:1">
    <path
       d="M 274.49 595.15 288.31 598.11 288.71 595.36 290.81 589.97 293.76 587.38 305.49 589.94 306.19 592.41 305.8 594.87 304.17 599.53 302.69 601.7 302.51 603.91 303.08 604.67 302.15 609.66 299.25 612.08 299.18 612.6 313.77 615.98 311.3 622.27 310.9 627.89 311.13 629.35 312.91 630.1 311.51 632.38 309.84 633.67 308.29 636.12 310.17 639.39 310 640.53 310.99 643.31 312.09 643.74 313.57 643.01 313.64 644.53 313.11 646.48 313.22 649.1 312.07 650.91 311.8 654.09 311.23 655.95 308.73 658.22 307.07 662.75 305.53 662.42 304.93 663.95 303.94 663.01 302.44 663.57 302.4 664.78 299.47 665.72 296.84 667.44 297.43 669.39 294.06 669.77 294.66 667.45 293.68 666.36 294.86 663.11 294.09 662.68 292.28 663.02 292.24 661.16 293.19 660.06 291.7 658.8 291.65 656.68 289.84 656.92 289.84 654.98 292.05 649.87 291.26 646.22 291.41 643.69 290.25 643.15 288.82 641.4 289.03 638.87 290.46 636.77 292.66 631.59 293.65 627.08 291.37 625.51 289.35 628.32 286.69 631.14 285.46 631.43 283.77 632.86 281.17 630.98 280.28 630.99 278.33 632.37 277.61 631.93 276.47 629.9 274.82 628.92 274.3 627.69 272.65 626.9 270.84 621.64 269.25 619.86 268.71 618.36 271.08 616.73 270.41 613.91 270.84 612.02 272 610.84 271.72 609.59 274.49 595.15 Z"
       id="Sagadahoc"
       fill="#b3c4db"
       style="fill:#7996e2;fill-opacity:1" />
    <path
       d="M 271.42 159.4 308.55 159.16 308.96 191.19 307.34 191.21 308.22 265.44 313.8 264.21 318.53 285.47 317.29 286.13 315.99 285.84 315.03 287.41 313.16 287.28 312.74 285.47 311.71 283.98 310.84 281.65 307.68 283.21 308.77 283.74 311.36 288.68 309.86 291.74 310.83 294.96 309.74 297.29 308.29 301.16 308.92 303 307.42 304.99 305.71 303.44 303.45 303.83 302.44 302.66 300.75 302.66 300.37 303.8 300.85 306.37 299.15 306.05 297.41 306.46 296.54 307.26 298.52 308.93 299.54 308.86 300.56 310.18 299.21 310.53 298.99 311.86 300.78 312.91 301.42 316.03 302.96 317.28 305.24 318.39 307.27 318.45 307.17 320.51 306.53 321.17 307.68 323.41 309.15 322.29 311.89 323.27 313.13 324.48 312.78 325.25 310.11 323.94 309.85 325.43 311.09 325.81 311.92 327.55 311.76 328.84 309.99 330.35 309.56 332.11 310.57 333.85 309.27 335.72 308.27 338.38 304.81 340.6 302.9 340.75 303.03 342.26 302.21 342.72 308.72 371.8 312.42 387.21 311.43 387.41 311.98 390.66 314.62 401.44 314.19 402.19 318.38 421.42 319.51 421.18 322.75 437.23 336.03 434.63 335.64 432.99 338.6 432.42 337.98 429.5 356.15 425.83 358.52 436.9 366.05 472.85 365.41 472.97 368.06 488.26 360.38 489.67 358.26 483.4 353.33 482.67 352.61 483.86 351.4 484.01 351.77 486.6 350.54 487.39 349.3 489.02 349.04 492.18 342.09 493.68 342.59 490.99 342.22 489.18 340.56 488.82 325.32 491.72 321.58 492.5 322.17 497.47 323.68 500.33 325.14 501.26 328.53 505.51 328.43 506.49 326.79 510.03 327.28 512.24 326.85 513.45 325.2 514.38 307.83 510.75 307.55 509.98 303.47 509 302.08 511.52 301.39 514.51 298.13 513.81 298.29 511.13 297.87 509.92 293.67 506.68 283.86 508.61 281.73 502 279.14 500.16 280.16 499.68 280.05 496.1 275.47 496.77 273.24 482.51 274.88 482.26 274.55 477.06 272.97 477.3 272.32 473.25 271.51 473.37 270.85 469.68 271.7 469.53 270.71 463.5 258.47 465.97 256.99 457.96 256.04 457.9 255.6 455.38 256.59 455.16 255.66 449.76 260.94 448.79 259.4 439.4 259.14 438.42 254.73 416.57 237.78 419.85 235.95 410.37 235.45 410.1 228.84 411.34 229 412.26 222.08 413.74 216.94 385.7 209.74 348.2 211.36 347.91 207.93 332.19 205.6 320.47 207.02 320.68 207.91 319.96 208.85 320.73 210.93 318.45 214.82 315.63 216.47 313.68 219.85 314.02 221.01 312.99 224.66 311.29 225.04 309.65 226.02 308.41 225.39 307.2 226.16 305.98 223.91 303.82 224.03 301.2 222.64 297.86 225.26 297.23 225.17 295.52 226.26 293.64 228.58 291.49 229.81 290.73 231.94 287.76 236.46 286.42 239.19 284.24 240.6 282.37 242.32 280.91 241.49 280.43 242.99 278.74 242.26 277.35 242.48 276.04 241.8 275.02 243.15 273.36 244.59 272.31 244.68 271.49 242.4 268.71 240.21 267.36 238.54 268.01 236.59 267.71 235.64 268.25 236.05 264.98 238.78 262.92 238.15 261.93 236.89 261.65 236.47 259.63 235.09 257.99 236.84 256.69 237.38 254.62 239.8 252.18 239.9 250.67 236.45 250.55 235.97 249.98 237.04 248.32 237.16 246.65 238.12 246.2 238.56 244.68 240.68 243.26 242.99 243.75 242.86 241.86 244.28 238.55 244.79 236.07 243.87 234.44 241.49 231.33 240.04 230.33 238.45 228.39 238.22 227.37 240.92 223.75 241.41 221.39 242.2 220.28 242.95 216.23 243.72 213.95 245.66 210.86 245.84 209.65 248.99 208.11 248.79 202.52 251.09 199.19 253.16 197.54 255.09 197.16 256.05 197.6 257.54 195.65 258.64 195.29 258.9 193.61 260.2 192.7 262.01 190.57 261.98 189.4 263.35 188.39 264.97 188.62 267.33 187.59 271.04 162.3 271.42 159.4 Z"
       id="Somerset"
       fill="#b8e0da"
       style="fill:#e27f7f;fill-opacity:1" />
    <path
       d="M 205.6 320.47 207.93 332.19 211.36 347.91 209.74 348.2 216.94 385.7 222.08 413.74 229 412.26 228.84 411.34 235.45 410.1 235.95 410.37 237.78 419.85 254.73 416.57 259.14 438.42 259.4 439.4 260.94 448.79 255.66 449.76 256.59 455.16 255.6 455.38 256.04 457.9 256.99 457.96 258.47 465.97 270.71 463.5 271.7 469.53 270.85 469.68 271.51 473.37 272.32 473.25 272.97 477.3 274.55 477.06 274.88 482.26 273.24 482.51 275.47 496.77 280.05 496.1 280.16 499.68 279.14 500.16 281.73 502 283.86 508.61 284.22 509.8 280.95 515.05 269.91 512.58 270.25 513.48 269.63 515.72 267.39 520.28 265.97 522.17 265.84 523.15 269.77 525.84 270.52 526.92 270.32 528.03 269.15 530 269.66 530.99 258.57 530.65 249.4 532.29 244.6 535.67 243.08 527.76 240.73 528.15 239.26 527.46 238.12 521.2 235.86 521.62 239.29 515.98 230.79 514.08 215.02 510.76 205.06 508.56 210.08 505.65 196.97 475.62 177.33 486.77 176.88 467.64 174.15 452.29 173.12 452.45 170.83 436.63 176.37 435.85 169.78 389.83 170.48 387.41 169.74 386.79 172.67 385.36 173.44 382.05 171.87 379.47 171.83 378.33 173.01 377.09 173.21 374.57 173.98 374.17 173.54 372.1 172.13 369.62 171.33 369.49 171.14 367.85 174.1 364.73 174.64 363.18 175.88 363.21 176.72 362.41 178.75 363.28 179.97 362.93 181.4 364.23 181.43 365.86 183.04 367.18 183.14 368.11 185.35 369.68 189.66 369.04 191.76 370.54 191.8 371.94 193 372.13 195.08 370.99 194.55 370.04 195.18 368.44 196.51 368.02 196.46 367.02 195.04 365.91 196.03 364.23 194.28 362.4 193.14 360.07 191.6 359.77 190.11 358.72 189.24 357.03 188.18 356.71 187.98 354.74 186 353.63 184.78 351.96 185.54 349.84 184.37 349.15 184.33 347.53 185.69 346.65 187.55 343.04 188.63 341.5 189.94 340.97 188.51 339.27 190.6 336.3 192.22 334.8 194.06 331.22 197.18 330.37 198.89 327.81 200.64 327.2 202.73 323.93 204.09 322.72 204.9 320.67 205.6 320.47 Z"
       id="Franklin"
       fill="#b1e486"
       style="fill:#a5b0ff;fill-opacity:1" />
    <path
       d="M 548.58 314.04 540.14 316.23 538.16 315.83 537.24 317.02 518.49 322.06 503.74 325.92 492.14 329.03 492.5 330.18 487.12 331.63 472.99 335.1 470.63 334.14 470.36 318.24 470.22 301.85 470.62 301.85 470.37 285.21 469.89 268.98 469.35 267.6 468.96 252.81 468.36 251.52 468.12 236.95 467.65 222.22 467.58 214.65 467.1 191.15 435.24 191.7 435.19 189.41 419.85 189.63 419.56 189.63 419.06 158.18 350.34 159.05 320.61 159.1 308.55 159.16 271.42 159.4 271.86 156.08 274.6 137.73 281.19 127.96 289.54 115.73 296.34 105.66 355.32 19.15 367.66 1 369.88 1.97 371.85 2.03 373.22 1.48 374.93 2.45 377.11 2.81 380.02 3.92 381.88 5.89 385.12 7.11 386.48 6.53 387.09 5.5 389.55 6.42 390.57 8.75 389.8 11.13 389.36 14.2 388.4 15.27 388.59 24.16 388.5 26.43 389.23 27.99 388.83 29.45 389.62 34.28 389.22 37 390.31 38.8 397.79 43.24 399.51 44.53 400.17 45.79 402.43 45.61 403.49 46.73 405.16 47.59 405.24 48.51 406.74 49.37 409.79 49.59 410.74 48.68 412.11 48.62 413.87 47 415.86 45.86 418.22 43.73 419.25 43.71 421.94 42.67 424.01 42.46 427.55 40.02 429.58 39 431.54 39.39 432.54 38.56 434.67 38.6 436.13 39.61 439.62 38.56 442.36 38.06 444.63 35.4 443.94 33.56 444.88 31.73 446.32 30.37 449.33 31.25 451.05 30.69 452.3 29.34 453.63 28.7 456.98 29.03 458.85 28.33 459.9 28.78 460.91 30.58 464.5 31.06 465.95 29.97 469.96 30.1 470.72 28.4 469.83 27.38 470.14 26.01 469.68 23.68 470.32 19.95 471.3 18.52 473.11 17.41 476.15 16.77 479.7 17.42 481.69 16.61 484.02 17.95 486.1 17.91 487.71 17.42 488.93 18.14 489.17 19.25 490.61 20.18 491.68 20.1 494.91 21.83 496.7 22.05 497.81 23.13 497.88 25.2 499.79 27.61 500.87 27.92 501.94 29.12 506.47 31.74 507.6 33.87 509.1 34.42 512.12 36.26 514.75 38.19 518.06 42.44 520.02 42.95 522.69 44.79 522.85 47.03 524.41 49.14 525.92 52.03 528.03 53.19 528.78 55.05 530.62 57.29 530.83 59.89 532.3 61.31 533.85 61.73 537.28 63.8 538.95 64.23 540.52 65.65 543.03 67.03 543.48 79.11 544.19 100.29 544.59 115.62 544.85 122.15 545.8 149.98 547.16 179.19 548.3 207.33 549.9 256.25 550.23 267.18 550.71 268.74 554.17 271.54 552.56 272.92 552.11 275.05 549.95 275.63 547.71 277.97 547.98 280.68 549.65 283.46 551.89 285.24 553.11 287.49 554.1 288.33 552.67 289.28 550.98 289.75 548.37 292.08 547.84 293.67 548.28 295.99 547.67 298.52 548.08 300.66 549.76 301.48 551.26 304.88 547.78 305.33 548.79 311.2 546.96 311.69 548.58 314.04 Z"
       id="Aroostook"
       fill="#cbdc93"
       style="fill:#e27f7f;fill-opacity:1" />
    <path
       d="M 194.93 796.46 197 798.42 196.15 799 194.76 797.59 194.93 796.46 Z M 147.76 653.77 148.56 653.51 149.64 654.82 151.8 655.06 153.97 653.81 155.74 654.18 157.62 652.3 159.35 652.07 161.76 650.57 163.19 651.31 165.15 651.58 166.95 650.78 169.41 651.24 170.1 650.55 172.25 651.21 174.36 650.09 174.69 651.98 176.51 653.97 179.18 654.77 180.74 654.51 183.41 652.74 186.38 653.42 188.19 654.58 189.83 654.27 191.09 654.93 190.73 656.23 191.48 658.34 191.31 660.11 192.22 660.62 192 663.09 190.98 664.91 190.15 668.56 190.43 670.23 191.42 670.66 193.86 669.73 195.97 670.83 197.1 672.73 198.44 671.04 200.75 672.84 204.32 667.76 216.18 680.87 211.73 687.19 216.92 690.63 216.7 690.92 229.63 699.94 228.62 701.04 226.29 704.95 225.53 706.93 225.77 711.62 227.16 714.22 228.29 714.75 229.06 713.74 231.69 713.85 232.01 714.87 231.49 716.29 228.47 717.07 226.57 719.1 226.52 720.33 225.22 721.4 224.94 723.09 220.76 724.75 219.93 725.91 221.12 728.89 221.39 730.93 219.8 732.03 217.57 732.21 216.85 733.47 214.92 734.61 213.73 733.47 210.61 733.92 208.21 733.91 205.92 735.19 203.49 737.83 202.32 739.83 201.24 743.42 199.37 747.02 198.22 750.71 198.99 752.98 200.55 755.61 198.95 757.95 198.97 759.51 198.18 761.42 196.21 763.81 197.96 764.57 197.84 765.98 195.9 765.09 194.87 765.94 193.95 768.82 194.39 771.1 193.14 771.35 192.81 773.63 189.06 779.29 188.66 781.44 187.72 782.49 183.7 784.33 183.37 781.57 179.24 781.81 178.75 781.18 176.86 780.7 175.36 778.27 173.92 777.85 173.3 776.96 170.09 774.06 167.74 772.25 166.86 768.73 167.48 766.77 167.6 764.8 168.24 763.81 167.63 761.65 168.63 760.78 169.15 756.7 170.11 754.93 169.36 754.14 169.06 752.55 166.36 751.64 165.77 749.61 163.65 749.05 163.19 747.67 161.76 746.45 160.8 746.33 160.19 744.5 158.92 744.04 158.28 741.64 156.97 739.64 156.36 737.79 154.51 736.12 153.7 734.73 151.17 735.18 149.8 733.55 148.83 731.02 148.65 729.36 147.63 727.78 147.27 724.69 147.38 720.99 149.8 718.34 150.75 716.74 150.02 714.58 150.89 711.72 149.74 708.22 151.11 705.89 151.81 702.44 151.29 700.16 150.63 699.5 151.93 697.89 152.28 696.71 151.64 695.14 149.48 693.26 149.18 683.51 148.51 670 148.22 660.74 147.76 653.77 Z"
       id="York"
       fill="#e4c9a0"
       style="fill:#7996e2;fill-opacity:1" />
    <path
       d="M 308.55 159.16 320.61 159.1 350.34 159.05 419.06 158.18 419.56 189.63 419.85 189.63 420.24 221.84 420.21 230.37 421.01 310.62 421.04 316.16 404.64 320.45 405.73 324.67 405.75 334.75 404.32 347.12 415.58 344.78 417.72 344.26 421.24 359.31 425.38 379.4 428.77 395.15 415.62 398.1 418.92 412.67 402.96 415.94 385.18 419.9 371.72 422.69 356.15 425.83 337.98 429.5 338.6 432.42 335.64 432.99 336.03 434.63 322.75 437.23 319.51 421.18 318.38 421.42 314.19 402.19 314.62 401.44 311.98 390.66 311.43 387.41 312.42 387.21 308.72 371.8 302.21 342.72 303.03 342.26 302.9 340.75 304.81 340.6 308.27 338.38 309.27 335.72 310.57 333.85 309.56 332.11 309.99 330.35 311.76 328.84 311.92 327.55 311.09 325.81 309.85 325.43 310.11 323.94 312.78 325.25 313.13 324.48 311.89 323.27 309.15 322.29 307.68 323.41 306.53 321.17 307.17 320.51 307.27 318.45 305.24 318.39 302.96 317.28 301.42 316.03 300.78 312.91 298.99 311.86 299.21 310.53 300.56 310.18 299.54 308.86 298.52 308.93 296.54 307.26 297.41 306.46 299.15 306.05 300.85 306.37 300.37 303.8 300.75 302.66 302.44 302.66 303.45 303.83 305.71 303.44 307.42 304.99 308.92 303 308.29 301.16 309.74 297.29 310.83 294.96 309.86 291.74 311.36 288.68 308.77 283.74 307.68 283.21 310.84 281.65 311.71 283.98 312.74 285.47 313.16 287.28 315.03 287.41 315.99 285.84 317.29 286.13 318.53 285.47 313.8 264.21 308.22 265.44 307.34 191.21 308.96 191.19 308.55 159.16 Z"
       id="Piscataquis"
       fill="#94bbeb"
       style="fill:#d75d5d;fill-opacity:1" />
    <path
       d="M 362.61 659.64 363.87 657.18 365.23 656.84 365.53 657.9 363.81 660.04 362.61 659.64 Z M 347.09 631.8 347.54 629.17 347.38 627.74 348.69 626.75 349.49 627.23 349.35 628.61 347.6 633 347.09 631.8 Z M 306.19 592.41 319.22 595.35 317.99 576.64 319.88 567.37 333.05 570.59 334.65 569.45 334.7 568.59 336.35 567.09 338.19 555.99 350.57 558.53 349.71 559.73 347.08 559.18 345.28 561.07 346.67 566.31 345.58 570.26 347.77 576.57 351.52 577.88 351.23 579.39 355.57 580.29 359.98 579.54 364.48 593.14 363.55 599.77 364.53 599.58 367.39 605.23 367.38 607.36 365.34 606.24 365.34 608.31 363.88 608.74 362.52 610.82 362.7 612.04 361.72 613.64 361.79 615.45 360.74 615.95 359.28 613.46 357.83 614.86 356.95 614.53 356.43 617.69 355.05 617.65 354.45 621.43 352.61 622.08 352.45 619.99 351.58 619.39 350.31 620.93 349.42 623.73 348.33 623.21 348.94 620.75 347.54 621.22 345.98 628.27 345.32 630.31 344.83 634.13 344.48 635.07 341.96 638.55 339.31 645.86 337.64 645.95 338.01 644.6 336.91 641.78 337.2 639.92 336.4 638.86 333.3 638.37 333.16 639.69 333.89 641.7 333.07 646.45 330.92 644.71 330 645.16 329.49 648.79 327.79 650.62 326.11 650.01 326.26 648.07 327.83 647.15 327.57 646.27 327.95 643.4 327.5 642.17 326.22 642.34 325.93 644.18 324.56 644.61 325.16 646 324.7 647.51 323.84 647.82 322.85 645.54 323.33 643.98 321.83 644.17 321.5 645.73 320.43 646.24 320.97 649.24 320.4 650.74 320.02 654.29 318.99 655.66 318.03 652.46 315.8 650.92 315.63 647.69 315.92 645.24 315.54 640.68 315.89 639.18 315.54 637.53 315.81 635.46 316.65 632.65 317.55 630.73 316.81 630.12 314.96 631.87 314.82 634.92 314.43 635.83 314.06 639.22 313.29 640.44 313.57 643.01 312.09 643.74 310.99 643.31 310 640.53 310.17 639.39 308.29 636.12 309.84 633.67 311.51 632.38 312.91 630.1 311.13 629.35 310.9 627.89 311.3 622.27 313.77 615.98 299.18 612.6 299.25 612.08 302.15 609.66 303.08 604.67 302.51 603.91 302.69 601.7 304.17 599.53 305.8 594.87 306.19 592.41 Z"
       id="Lincoln"
       fill="#d8e9e9"
       style="fill:#7996e2;fill-opacity:1" />
    <path
       d="M 410.42 565.57 411.81 563.93 412.17 562.18 413.69 560.59 414.01 559.61 415.39 558.35 414.52 557.43 413.41 558.38 413.19 556.05 414.53 554.65 414.12 551.16 415.12 548.73 417.43 548.82 417.86 547.3 419.59 548.15 420.11 549.32 420.22 552.87 419.19 554.83 416.88 556.21 416.06 557.96 416.53 559.56 415.79 560.58 417.51 561.89 415.45 566.28 414.91 569.09 415.08 570.03 414.16 571.3 414.33 572.6 413.55 573.55 412.56 572.56 412.8 570.07 412.39 568.96 413.1 567.68 412.22 565.63 410.42 565.57 Z M 407.52 570.76 408.69 569.65 408.99 567.65 411.2 567.1 411.58 568.19 410.12 569.6 411.14 570.77 410.06 571.99 408.54 572.29 407.52 570.76 Z M 342.09 493.68 349.04 492.18 349.3 489.02 350.54 487.39 351.77 486.6 351.4 484.01 352.61 483.86 353.33 482.67 358.26 483.4 360.38 489.67 368.06 488.26 375.86 486.81 378.77 502 390.82 499.12 415.12 493.01 415.24 493.45 419.1 492.5 419.01 492.01 422.61 491.04 422.88 492.95 424.97 493.6 425.42 494.26 425.96 496.46 424.64 497.79 423.51 500.01 423.19 501.64 421.64 504.72 421.95 506.82 423.85 508.54 424.69 509.89 425.83 513.1 426.77 514.27 428 514.8 427.04 517.39 427.43 519.21 427.61 522.49 426.84 525.33 427.28 526.01 426.15 527.54 424.47 528.66 423.56 530.3 424.84 532.63 424.11 534.46 420.62 536.84 418.6 539.54 417.44 539.88 415.74 535.9 414.39 535.85 412.6 534.88 411.33 538.09 409.85 539.95 409.03 539.58 406.22 540.5 404.34 540.53 403.39 541.14 405.11 545.29 404.33 546.24 404.99 547.56 406.97 548.4 408.49 550.62 409.48 552.86 409.3 555.69 408.76 558.53 407.65 561.35 405.54 563.78 403.64 563.32 402.13 566.02 402.42 567.52 400.93 570.56 399.5 572.02 397.59 570.17 387.55 570.99 371.67 554.95 368.49 551.82 358.66 561.95 352.5 555.85 351.49 555.84 350.63 557.03 350.57 558.53 338.19 555.99 345.78 534.4 352.1 535.55 353.46 528.56 354.95 519.95 349.29 518.85 352.16 502.93 343.57 501.82 343.56 500.3 344.3 499.01 345.36 498.75 345.77 497.3 341.62 496.57 341.37 493.83 342.09 493.68 Z"
       id="Waldo"
       fill="#cdec98"
       style="fill:#7996e2;fill-opacity:1" />
    <path
       d="M 169.78 389.83 176.37 435.85 170.83 436.63 173.12 452.45 174.15 452.29 176.88 467.64 177.33 486.77 196.97 475.62 210.08 505.65 205.06 508.56 215.02 510.76 230.79 514.08 239.29 515.98 235.86 521.62 238.12 521.2 239.26 527.46 240.73 528.15 243.08 527.76 244.6 535.67 240.07 538.93 240.85 543.24 239.52 543.45 241.23 552.75 235.93 571.26 233.51 580.23 232.37 579.81 227.25 586.73 219.08 598.07 212.91 606.5 213.7 607.63 213.39 609.47 213.56 611.54 210.7 609.66 209.85 609.86 205.31 616.21 202.79 612.75 201.69 614.29 198.84 611.63 196.56 605.99 197.05 605.12 197.03 603.12 197.82 601.41 197.43 599.15 199.65 595.41 198.43 590.53 197.25 589.76 195.17 586.73 185.95 593.23 185.5 592.34 180.28 595.82 169.73 603.27 165.04 600 164.65 603.21 165 606.34 166.31 608.15 173.43 609.88 173.62 611.65 174.8 611.44 183.24 623.88 179.1 626.68 181.36 629.82 178.42 632.35 177.71 633.62 178.12 636.89 179.49 637.37 176.71 639.9 176.59 638.88 174.63 639.46 172.46 641.33 172.01 642.61 173.21 644.4 172.87 646.29 173.85 646.8 174.54 648.41 174.36 650.09 172.25 651.21 170.1 650.55 169.41 651.24 166.95 650.78 165.15 651.58 163.19 651.31 161.76 650.57 159.35 652.07 157.62 652.3 155.74 654.18 153.97 653.81 151.8 655.06 149.64 654.82 148.56 653.51 147.76 653.77 147.72 645.39 147.47 635.25 147.49 631.69 146.99 609.47 146.71 600.2 145.82 563.07 145.7 556.14 145.44 549.5 144.92 532.48 144.33 517.45 143.96 500.13 143.39 485.71 143.32 482.31 142.59 466.39 141.74 451.11 141.22 438.79 141.08 437.92 140.05 413.15 139.72 406.58 139.31 394.84 138.54 384.41 141.66 382.97 143.77 383.12 145.02 383.66 147.98 382.1 148.81 380.54 147.73 379.36 147.54 377.78 148.56 377.41 150.27 378.7 150.95 379.79 153.26 379.77 155.13 378.6 156.01 381 159.42 383.48 159.16 384.64 160.12 386.28 158.89 389.25 159.54 389.63 161.76 393 162.18 394.12 161.75 395.57 163.43 397.22 166.94 398.27 168.96 396.55 168.06 395.51 168.06 392.2 169.26 391.18 169.78 389.83 Z"
       id="Oxford"
       fill="#d5bca5"
       style="fill:#e27f7f;fill-opacity:1" />
    <path
       d="M 512.68 539.87 514.22 539.62 515.32 541.2 514.03 541.74 512.68 539.87 Z M 512.11 536.59 512.99 534.03 514.25 534.85 513.18 538.08 512.02 537.83 512.11 536.59 Z M 511.42 545.31 513.11 542.4 514.31 543.16 514.42 545.21 512.56 547.09 511.42 545.31 Z M 500.31 567.34 501.67 566.92 503.58 567.54 502.41 568.67 500.26 569.43 500.31 567.34 Z M 495.91 568.52 497.51 568.11 499 568.65 500 571.29 499.84 572.22 497.04 572.88 495.71 571.7 495.91 568.52 Z M 487.51 580.27 488.46 579.1 488.19 577.95 489.62 577.77 490.21 579.26 488.29 580.86 487.51 580.27 Z M 486.07 582.7 486.78 581.6 488 581.87 488.55 583.26 487.94 584.42 486.51 584.6 486.07 582.7 Z M 483.44 594.59 485.18 591.95 486.79 591.85 488.54 593.76 489.23 595.9 488.57 596.6 487.06 596.13 485.33 596.33 483.44 594.59 Z M 483.23 581.49 484.67 579.65 486.56 579.99 483.97 582.75 483.23 581.49 Z M 472.28 553.8 473.1 551.46 474.2 550.67 474.93 549.22 476.15 548.78 477.63 551.38 475.84 554.45 476.01 556.44 474.46 557.86 473.78 557.21 474.19 555.12 473.19 555.29 472.28 553.8 Z M 469.42 574.6 470.26 573.97 471.35 575.1 469.85 576.01 469.42 574.6 Z M 468.48 579.07 469.03 577.16 470.23 576.85 470.96 578.2 470.08 579.86 468.48 579.07 Z M 467.85 564.87 469.29 565.42 470.97 566.96 471.06 568.2 468.77 567.25 467.85 564.87 Z M 467.31 587.77 467.31 586.73 469.06 584.75 470.51 584.79 469.9 582.95 471.18 582.9 472.21 581.11 473.54 580.94 474.39 583.77 475.64 585.08 477.41 583.83 477.22 581.77 478.46 581.53 479.14 583.55 480.9 584.7 482.42 587.12 480.98 587.89 481.29 589.59 479.96 590.87 477.96 591.71 477.34 593.55 475.49 594.33 474.15 592.68 474.27 591.27 473.23 590.68 472.9 589.39 473.42 588.35 472.79 587.45 470.54 587.59 469.95 589.07 467.85 589 467.31 587.77 Z M 465.21 595.07 466.12 592.94 467.26 592.57 468.51 594.34 468.71 595.6 466.59 597.11 465.37 596.58 465.21 595.07 Z M 462.93 555.89 463.12 553.93 464.08 551.46 463.89 549.82 464.27 547.42 465.65 546.65 466.46 547.16 466.86 549.39 467.86 551.83 468.58 554.54 468.34 555.99 469.55 557.3 469.58 558.25 467.99 559.67 466.82 557.66 463.64 557.59 462.93 555.89 Z M 451.23 593.2 452.31 592.27 453.64 592.89 452.83 594.02 451.23 593.2 Z M 437.56 576.1 439.44 574.68 441.77 574.19 441.87 571.69 442.56 570.32 444.2 568.51 444.51 565.66 445.18 565.79 446.25 567.53 449.28 568.52 452.01 571.21 453.16 571.94 454.07 575.75 456.67 576.24 456.53 577.19 458.97 578.75 459.11 581.23 457.17 582.4 454.39 581.26 455.66 580.57 455.88 579.47 453.8 578.94 451.86 579.85 452.8 582.66 451.01 585.29 449.67 586.05 449.33 587.42 445.93 588.49 446.22 591.56 444.2 591.02 443.46 588.53 440.65 587.66 441.2 586.45 439.05 585.27 439.44 582.41 440.14 581.83 439.9 580.16 438.57 580.53 439.14 578.15 437.56 576.1 Z M 435.84 562.1 436.24 561 437.73 561.51 442.06 563.76 443.15 565.1 442.73 566.48 441.19 567.44 440.03 566.91 437.86 564.95 437.87 563.9 435.84 562.1 Z M 430.46 578.23 432.09 576.78 432.79 577.74 431.73 578.95 430.46 578.23 Z M 424.75 574.35 425.21 573.17 426.41 572.63 426.06 575.18 424.75 574.35 Z M 425.42 494.26 427.7 493.32 429.2 493.68 429.34 495.14 431.73 495.59 431.06 497.6 434.62 498.23 436.68 491.87 438.31 490.5 441.16 487.24 446.78 490.35 450.53 483.63 458.35 482.1 472.2 479.27 470.83 472.44 467.58 456.93 464.32 440.69 480.08 437.38 477.09 422.16 492.96 418.8 488.28 397.3 503.69 394.14 519.44 391 522.39 403.69 527.65 431.62 530.06 443.55 514.57 446.94 517.81 462.62 521.42 478.39 524.7 493.85 527.05 493.34 530.31 508.3 527.32 508.92 531.01 524.19 532.85 525 533.43 526.65 533.31 528.34 532.35 529.39 531.04 531.67 528.42 530.29 528.45 529.05 526.54 529.07 526.94 531.5 528.28 532.95 530.38 533.31 530.52 533.91 532.5 535.13 533.97 540.47 534.95 540.69 535.67 542.57 534.2 543.22 532.55 545.23 531.14 543.21 529.85 540.58 527.9 542.78 528.66 545.06 527.24 546.88 526.99 548.37 524.75 550.15 525.17 552.67 524.98 554.29 523.84 553.77 522.14 554.17 520.93 552.02 520.58 547.56 520.97 547.01 520.55 544.81 518.43 545.08 519.29 546.93 518.66 547.98 517.55 546.46 517.15 544.93 517.68 544.28 516.06 542.59 516.32 539.87 515.46 538.11 514.9 534.78 514.89 532.31 515.39 530.8 514.56 528.86 513.24 529.44 512.26 529 511.93 526.6 510.69 525.54 509.46 526 508.59 527.68 509.46 529.95 508.26 530.57 505.88 529.71 506.1 527.5 504.86 526.53 504.17 523.59 504.14 521.81 502.9 521.81 502.11 526.6 500.71 529.17 501.56 531.56 500.85 531.94 499.04 530.35 497.75 528.39 496.53 529.14 495.89 530.64 493.73 530.3 492.56 530.68 494.37 534.22 492.13 534.59 490.65 533.26 488.9 532.43 488.16 534.68 485.02 533.96 484.97 535.78 483.39 538.11 485.97 539.62 487.18 539.66 487.86 538.79 487.86 537.31 489.52 535.62 490.4 535.6 492.7 537.56 494.02 537.45 495.97 536.28 498.68 537.37 499.29 539.71 498.43 540.67 499.79 541.6 502.93 544.89 504.45 544.52 505.32 545.57 507.33 549.76 507.7 552.09 508.36 552.82 508.29 555.16 507.39 555.79 506.56 557.74 506.68 559.61 502.24 562.75 497.75 563.25 495.91 562.78 495.23 563.61 493.25 563.6 492.46 562.25 491.36 561.76 489.99 563.43 491.37 565.22 490.89 566.56 492.26 566.68 493.27 568.04 493.87 570.79 491.44 574.05 490.56 574.62 487.76 575.07 486.15 572.57 484.39 572.48 482.74 570.79 481.26 571.25 479.32 569.74 479.3 568.48 478.47 567.73 478.16 566.11 478.74 564.83 477.75 564.06 476.76 564.45 476.4 562.47 475.77 561.85 475.73 559.36 478.11 557.59 478.68 554.93 477.36 553.63 478.25 551.54 479.92 550.14 479.68 547.96 482.3 546.84 482.3 545.29 483.41 544.79 484.93 544.99 485.17 543.51 484.15 542.65 483.28 539.98 481.38 537.82 480.39 538.83 480.22 540.5 477.65 543.85 475.42 544.35 475.54 542.14 474.96 541.34 475.21 538.2 475.73 536.43 475.25 533.72 475.78 529.82 475.73 526.32 474.25 527.8 474.28 529.12 470.46 527.85 470.36 531.74 471.69 534.31 471.71 535.52 470.1 536.76 471.81 540.32 471.95 542.52 471.16 544.25 471.48 547.57 469.37 547.69 468.75 546.06 469.19 544 470.03 543.2 468.95 538.51 469.53 538.4 469.38 535.93 468.08 535.96 467.28 538.27 466.56 541.48 464.67 541.66 463.03 544.34 462.17 544.48 459.53 543.48 458.11 545.16 459.09 548.72 460.28 549.15 460.93 552.12 459.78 554.61 458.74 556.07 458.31 558.83 458.72 560.53 460.39 562.34 460.55 563.35 462.32 563.44 463.36 566.11 464.63 568.03 464.62 569.12 462.06 568.59 459.95 566.58 460.28 569.23 462.88 570 463.54 572.31 464.28 573.06 464.28 574.64 462.76 574.45 460.51 573.23 460.91 571.95 457.22 570.14 453.8 566.55 452.23 566.45 450.35 564.56 445.84 563.51 444.05 561.94 443.31 562.92 442.21 562.36 441.72 560.71 438.01 558.5 436.23 556.47 434.78 557.16 433.34 557.15 431.84 559.09 430.08 559.23 429.18 561.09 425.06 560.39 424.98 558.8 425.98 557.79 425.22 556.41 427.12 549.36 426.98 548.09 425.79 548.05 425.58 545.88 426.63 545.5 425.47 543.49 426.03 540.22 427.96 538.52 428.19 536 430.31 534.87 429.76 533.4 430.85 529.55 430.82 527.8 429.77 524.74 427.61 522.49 427.43 519.21 427.04 517.39 428 514.8 426.77 514.27 425.83 513.1 424.69 509.89 423.85 508.54 421.95 506.82 421.64 504.72 423.19 501.64 423.51 500.01 424.64 497.79 425.96 496.46 425.42 494.26 Z"
       id="Hancock"
       fill="#dbe5d2"
       style="fill:#7996e2;fill-opacity:1" />
    <path
       d="M 258.57 530.65 269.66 530.99 269.15 530 270.32 528.03 270.52 526.92 269.77 525.84 265.84 523.15 265.97 522.17 267.39 520.28 269.63 515.72 270.25 513.48 269.91 512.58 280.95 515.05 284.22 509.8 283.86 508.61 293.67 506.68 297.87 509.92 298.29 511.13 298.13 513.81 301.39 514.51 302.08 511.52 303.47 509 307.55 509.98 307.83 510.75 325.2 514.38 326.85 513.45 327.28 512.24 326.79 510.03 328.43 506.49 328.53 505.51 325.14 501.26 323.68 500.33 322.17 497.47 321.58 492.5 325.32 491.72 340.56 488.82 342.22 489.18 342.59 490.99 342.09 493.68 341.37 493.83 341.62 496.57 345.77 497.3 345.36 498.75 344.3 499.01 343.56 500.3 343.57 501.82 352.16 502.93 349.29 518.85 354.95 519.95 353.46 528.56 352.1 535.55 345.78 534.4 338.19 555.99 336.35 567.09 334.7 568.59 334.65 569.45 333.05 570.59 319.88 567.37 317.99 576.64 319.22 595.35 306.19 592.41 305.49 589.94 293.76 587.38 290.81 589.97 288.71 595.36 288.31 598.11 274.49 595.15 271.68 594.08 272.81 589.22 273.85 587.3 275.33 587.62 275.97 585.17 267.42 583.2 268.06 581.9 265.46 580.64 265.61 564.22 262.46 560.47 261.97 557.33 258.64 551.82 259.77 551.02 259.5 549.52 262.27 549.03 258.57 530.65 Z"
       id="Kennebec"
       fill="#9a94d1"
       style="fill:#7996e2;fill-opacity:1" />
    <path
       d="M 615.56 502.22 618.42 500.42 621.08 501.26 620.94 502.35 619.49 504.3 616.73 504.69 616.73 503.52 615.56 502.22 Z M 587.83 507.11 588.92 508.14 591.11 507.37 591.27 505.52 592.79 507.14 594.37 507.39 595.53 508.45 594.38 509.4 591.58 507.84 590.64 508.74 591.8 511.12 594.57 511.94 594.37 512.81 592 513.43 590.99 513.26 589.04 511.52 587.9 509.12 587.83 507.11 Z M 585.46 521.22 586.86 520.26 589.81 520.63 591.57 521.72 592.32 523.51 590.33 525.85 589.78 527.57 588.31 527.68 587.67 524.71 587.91 523.8 585.5 521.8 585.46 521.22 Z M 578.15 521.93 578.5 519.48 580.88 519.22 580.2 520.51 580.5 521.65 583.67 519.28 582.13 524.24 583.48 524.81 584.83 528.12 585.01 530.71 584.46 531.72 583.01 532.42 581.72 529.95 581.89 529 580.59 525.92 579.97 522.63 578.97 522.9 578.15 521.93 Z M 574.75 520.86 577.23 520.69 575.14 522.6 574.75 520.86 Z M 552.88 522.19 554.02 521.79 554.77 522.58 555.09 524.42 556.19 525.02 555.93 527.05 554.7 526.54 553.59 524.67 552.88 522.19 Z M 550.66 517.63 551.57 517.7 552.35 520.69 551.14 520.58 550.66 517.63 Z M 550.25 530.87 551.73 531.83 550.72 532.73 550.25 530.87 Z M 546.06 533.94 546.79 531.96 547.62 532.33 549.35 537.72 547.38 537.96 546.02 534.88 546.06 533.94 Z M 519.44 391 522.1 390.31 526.39 389.55 533.85 387.9 530.04 373.04 531.15 372.76 522.36 337.38 518.49 322.06 537.24 317.02 538.16 315.83 540.14 316.23 548.58 314.04 548.86 314.45 553.19 314.37 555.04 316.06 556.25 315.1 557.6 316.57 559.3 316.87 559.56 315.89 557.91 314.12 558.25 312.28 559.53 313.85 560.12 313.52 561.64 315.63 562.83 318.93 564.54 321.06 565.09 322.31 566.65 323.25 568.89 325.29 569.69 323.22 573.59 326.46 575.93 326.28 576.76 327.01 579.55 328.28 581.45 327.78 584.94 329.34 587.34 329.42 588.38 328.59 589.02 326.77 590.64 326.9 592.74 326.1 596.08 329.71 596.91 331.75 596.34 332.35 597.38 335.67 596.88 337.34 596.02 337.33 595.74 339.52 596.15 341.07 597.67 342.6 597.24 343.54 595.07 343.77 594.13 344.77 592.38 343.21 591.45 344.78 589.15 346.8 587.46 346.76 587.94 348.81 589.61 350.55 590.23 351.81 590.12 353.82 591.68 358.44 593.1 358.58 594.84 361.09 597.6 364.14 598.38 366.98 596.83 368.58 597.92 369.92 597.34 371.21 597.64 372.33 595.64 374.89 594.64 375.28 594.85 376.8 593.92 380.26 593.22 381.46 590.42 383.78 592.06 384.86 592.61 387.73 593.88 390.29 595.17 390.78 596.95 393.22 598.63 397.68 598.55 399.2 599.92 399.73 600.97 401.19 602.24 401.89 602.44 403.4 601.81 405.02 604.94 406.36 606.06 407.88 608.35 410.16 610.18 410.84 611.41 409.72 612.45 409.74 612.59 407.76 615.3 406.91 615.74 405.67 614.79 405.06 615.03 402.95 616.09 399.4 616.85 398.77 618.43 398.88 621.57 400.61 622.18 402.11 624.12 403.56 627.02 402.08 628.66 403 631.6 403.12 632.88 403.71 634.52 406.21 636.73 408.71 638.94 412.16 641.97 419.82 640.08 420.41 639.78 421.55 638.65 422.08 640.99 424.08 641.5 425.07 643.33 426.73 644.3 428.54 645.27 431.75 647.09 434.22 647.8 436.42 646.67 437.45 648.62 438.24 649.2 439.15 649.44 441.5 650.09 442.45 652.54 442.86 652.58 444.87 655.62 446.17 656.48 447.08 656.63 449.63 655.32 450.82 656.33 452.82 657.43 457.13 655.42 459.22 656.48 460.5 656.54 462.69 657.44 465.06 659.41 463.63 661.22 463.38 661.46 464.35 660.18 465.7 658.24 465.59 656.65 467.35 655.68 469.19 654.17 469.48 653.91 471.11 652.37 471.99 652.2 472.97 650.03 473.61 648.31 472.5 647.66 473.64 647.46 476.05 646.7 476.17 646.37 477.87 645.11 478.28 643.94 477.83 642.5 478.38 643.23 479.46 642.62 482.49 640.96 483.43 640.89 485.16 639.66 486.41 638.35 486.74 637.29 488.52 636.49 491.16 634.66 492.53 632.53 492.52 631.88 493.81 632.28 495.57 629.32 496.81 626.63 497.26 625.23 496.65 624.99 494.79 625.63 492.21 624.85 491.64 621.56 492.66 622.28 495.04 622.14 496.91 622.74 498.55 621.53 499.9 619.97 499.85 618.92 497.57 619.17 495.52 617.11 493.3 616.92 491.07 617.42 490.09 616.93 487.97 617.89 486.97 617.95 485.37 616.75 485.1 612.65 486.74 610.38 486.73 609.66 487.82 607.36 488.73 606.6 487.52 605.68 488 606.54 490.32 607.02 492.92 608.71 493.3 609.47 494.55 610.38 497.29 609.67 500.09 608.52 501.01 606.98 500.45 607.09 501.99 606.24 502.3 606.18 503.8 605.13 505.67 603.36 504.08 603.05 501.43 601.93 499.57 603.05 498.96 602.06 497.43 600.7 497.38 599.35 498.51 599.73 499.94 601.93 502.37 601.6 503.53 599.98 503.76 599.62 504.77 597.25 504.31 595.43 502.99 594.16 503.71 593.71 499.88 592.11 498.51 589.98 499.25 589.03 501.27 587.4 500.5 586.29 501.76 586.28 503.22 585.2 503.64 585.93 505.4 584.43 509.49 583.74 512.35 585.01 513.95 585.78 515.99 585.22 517.39 583.51 517.84 581.43 517.48 578.77 518.44 573.99 518.86 573.51 516.87 571.38 516.51 568.44 517.61 568.36 521.94 566.53 524.83 565.25 523.98 562.65 524.26 562.72 520.81 562.34 518.26 560.4 515.15 558.48 515.47 557.71 517.37 557.87 519.9 556.14 520.58 554.97 519.76 554.62 516.43 552.9 516.69 552.59 515.26 551.39 513.6 549.01 512.98 549.83 516.33 548.69 517.81 548.76 519.08 547 520.15 547.87 520.79 548.75 522.94 549.11 524.95 548.91 526.88 547.74 528.94 546.14 529.44 545.07 527.09 543.85 527.72 544.62 529.33 545.17 532.76 544.44 534.62 544.58 537.86 543.11 542.96 541.87 539.35 541.21 536.35 541.69 532.92 540.7 531.31 539.75 530.95 539.7 533.49 538.35 533.59 539.33 536.01 538.87 538.19 539.04 540.11 538.3 540.43 537.02 539.27 536.06 537.28 535.32 533.97 535.4 532.76 533.84 529.81 532.35 529.39 533.31 528.34 533.43 526.65 532.85 525 531.01 524.19 527.32 508.92 530.31 508.3 527.05 493.34 524.7 493.85 521.42 478.39 517.81 462.62 514.57 446.94 530.06 443.55 527.65 431.62 522.39 403.69 519.44 391 Z"
       id="Washington"
       fill="#e8ead8"
       style="fill:#e27f7f;fill-opacity:1" />
    <path
       d="M 272.99 649.86 273.45 648.76 275.32 647.63 275.69 648.91 274.1 650.87 272.99 649.86 Z M 270.48 668.03 271.61 665.98 272.62 666.29 271.31 668.06 270.48 668.03 Z M 269.02 654.14 270.27 655.54 269.31 656.09 269.02 654.14 Z M 260.53 656.35 262.92 654.96 263.75 655.53 262.15 657.02 260.53 656.35 Z M 257.5 665.79 258.63 664.14 259.09 662.6 260.48 661.94 262.74 662.08 260.26 666.6 259.75 668.45 257.62 666.97 257.5 665.79 Z M 254.64 661.84 256.54 659.8 256.54 657.2 258.32 657.36 258.04 659.31 259.82 659.09 259.39 660.44 257.06 661.87 254.64 661.84 Z M 252.92 673.58 254.17 672.04 256.47 670.4 257.37 670.83 255.75 673.94 253.5 674.46 252.92 673.58 Z M 249.36 679.23 249.79 677.25 251.17 675.32 252.52 677.84 251.57 679.39 249.36 679.23 Z M 247.7 676.71 248.71 675.72 249.26 673.27 251.82 671.59 250.4 675.41 248.11 677.5 247.7 676.71 Z M 244.58 697.85 246.34 697.87 245.89 699.45 243.61 699.21 244.58 697.85 Z M 213.56 611.54 213.61 612.57 217.59 615.58 218.05 614.98 223.57 619.04 224.43 616.73 228.46 619.7 234.72 610.58 242.7 618.67 249.49 625.86 249.91 626.94 260.36 633.92 263.38 629.42 264.86 630.4 270.84 621.64 272.65 626.9 274.3 627.69 274.82 628.92 276.47 629.9 277.61 631.93 278.33 632.37 280.28 630.99 281.17 630.98 283.77 632.86 285.46 631.43 286.69 631.14 289.35 628.32 291.37 625.51 293.65 627.08 292.66 631.59 290.46 636.77 289.03 638.87 288.82 641.4 290.25 643.15 291.41 643.69 291.26 646.22 292.05 649.87 289.84 654.98 289.84 656.92 287.99 657.89 286.89 656.82 285.52 656.86 284.1 655.76 282.55 659.39 281.04 657.87 278.78 661.42 277.92 661.08 277.43 662.76 276.05 665.6 276.29 666.25 275.32 667.95 274.41 667.53 275.82 665.34 275.47 664.34 276.02 662.92 275.1 662.4 273.84 662.96 271.92 665.52 272.62 662.41 270.68 662.99 269.73 662.14 271.36 659.39 272.67 658.04 272.91 656.79 275.54 653.11 276.12 651.26 277.71 650.71 278.38 649.48 278.26 647.99 281.16 644.29 281.64 641.61 279.55 643.66 278 643.45 276.23 644.27 275.74 645.52 273.48 647.45 274.92 644.3 275.86 643.6 276.77 641.07 275.98 640.95 273.99 642.51 272.81 642.43 269.89 645.47 269.62 646.66 268.39 647.52 267.84 649.87 266.56 650.45 266.95 648.04 263.13 650.21 261.5 651.55 259.08 654.7 257.73 653.94 255.47 657.39 252.61 659.87 252.68 657.72 251.2 657.63 249.82 661.22 250.31 663.28 247.19 667.13 247.73 668.41 247.34 669.83 245.38 669.83 244.91 670.88 242.87 673.32 242.66 675.13 244.29 675.93 244.21 677.95 245.42 679.39 246.25 679.54 246.74 682.63 248.54 684.3 247.29 689.06 247.64 690.17 249.36 690.87 248.49 692.35 249.9 694.67 248.71 696.01 247.33 696.15 246.47 694.87 245.36 695.39 243.76 697.04 241.19 696.8 240.11 695.12 236.66 697.25 234.71 699.97 232.82 698.99 231.13 699.04 229.63 699.94 216.7 690.92 216.92 690.63 211.73 687.19 216.18 680.87 204.32 667.76 200.75 672.84 198.44 671.04 197.1 672.73 195.97 670.83 193.86 669.73 191.42 670.66 190.43 670.23 190.15 668.56 190.98 664.91 192 663.09 192.22 660.62 191.31 660.11 191.48 658.34 190.73 656.23 191.09 654.93 189.83 654.27 188.19 654.58 186.38 653.42 183.41 652.74 180.74 654.51 179.18 654.77 176.51 653.97 174.69 651.98 174.36 650.09 174.54 648.41 173.85 646.8 172.87 646.29 173.21 644.4 172.01 642.61 172.46 641.33 174.63 639.46 176.59 638.88 176.71 639.9 179.49 637.37 178.12 636.89 177.71 633.62 178.42 632.35 181.36 629.82 179.1 626.68 183.24 623.88 174.8 611.44 173.62 611.65 173.43 609.88 166.31 608.15 165 606.34 164.65 603.21 165.04 600 169.73 603.27 180.28 595.82 185.5 592.34 185.95 593.23 195.17 586.73 197.25 589.76 198.43 590.53 199.65 595.41 197.43 599.15 197.82 601.41 197.03 603.12 197.05 605.12 196.56 605.99 198.84 611.63 201.69 614.29 202.79 612.75 205.31 616.21 209.85 609.86 210.7 609.66 213.56 611.54 Z"
       id="Cumberland"
       fill="#bbea90"
       style="fill:#6674de;fill-opacity:1" />
    <path
       d="M 244.6 535.67 249.4 532.29 258.57 530.65 262.27 549.03 259.5 549.52 259.77 551.02 258.64 551.82 261.97 557.33 262.46 560.47 265.61 564.22 265.46 580.64 268.06 581.9 267.42 583.2 275.97 585.17 275.33 587.62 273.85 587.3 272.81 589.22 271.68 594.08 274.49 595.15 271.72 609.59 272 610.84 270.84 612.02 270.41 613.91 271.08 616.73 268.71 618.36 269.25 619.86 270.84 621.64 264.86 630.4 263.38 629.42 260.36 633.92 249.91 626.94 249.49 625.86 242.7 618.67 234.72 610.58 228.46 619.7 224.43 616.73 223.57 619.04 218.05 614.98 217.59 615.58 213.61 612.57 213.56 611.54 213.39 609.47 213.7 607.63 212.91 606.5 219.08 598.07 227.25 586.73 232.37 579.81 233.51 580.23 235.93 571.26 241.23 552.75 239.52 543.45 240.85 543.24 240.07 538.93 244.6 535.67 Z"
       id="Androscoggin"
       fill="#cde2b7"
       style="fill:#ffb2b2;fill-opacity:1" />
    <path
       d="M 447.25 595.95 448.5 595.87 450 596.95 448.24 597.49 447.25 595.95 Z M 445.78 602.08 451.03 600.54 451.99 598.48 453.74 598.65 454.7 600.06 454.87 607.36 453.79 610.52 453.47 613.15 451.52 611.64 449.67 612.63 447.82 614.87 447.26 612.52 448.15 608.79 449.57 607.02 449.24 605.94 447.76 606.97 448.44 603.94 445.78 602.08 Z M 417.21 647.75 417.88 645.76 419.18 645.88 418.81 647.68 417.21 647.75 Z M 416.24 642.08 416.79 641.36 416.66 639.35 418.23 638.2 419.66 640.42 417.51 643.01 416.24 642.08 Z M 415.38 605.19 416.52 604.16 417.42 605 416.51 606.09 415.38 605.19 Z M 414.82 598.95 415.15 596.14 416.4 594.11 417.88 593.73 420.95 594.77 421.28 596.16 423.07 595.65 422.45 593.53 424.22 593.26 423.94 594.72 425.28 594.91 426.15 594.05 428.33 595.11 428.27 596.96 429.81 597.78 431.06 599.17 431.01 599.92 432.81 601.77 431.86 603.64 432.55 604.36 431.29 606.23 430.55 606.23 429.56 608.21 427.48 610.13 425.72 610.31 423.67 608.76 422.33 611.17 420.37 610.37 419.87 609 420.26 606.96 418.89 605.47 419 602.67 416.95 600.6 417.05 603.09 415.51 602.12 415.66 600.11 414.82 598.95 Z M 410.62 596.11 412.19 594.06 412.04 592.42 413.11 591.76 414.16 589.59 417.85 587.47 420.74 584.83 423.01 583.16 423.7 583.46 425.74 582.81 426.47 583.95 426.53 586.91 427.38 589.2 426.46 590.31 425.22 589.12 423.53 590.6 421.11 591.73 421.75 593.3 419.46 593.43 418.3 593.02 417.11 591.28 415.28 592.79 412.85 593.83 411.71 596.7 410.62 596.11 Z M 397.64 602.78 398.65 601.06 399.44 602.21 398.93 603.1 397.64 602.78 Z M 396.05 616.09 396.1 615.08 397.43 614.37 398.27 615.09 396.74 617.63 396.05 616.09 Z M 391.45 619.28 395.36 617.38 394.84 618.89 393.76 618.86 391.84 620.13 391.45 619.28 Z M 387.02 639.39 387.55 635.17 388.7 634.57 387.91 638.97 387.02 639.39 Z M 365.88 639.62 367.56 639.18 367.71 640.8 366.05 641.18 365.88 639.62 Z M 362.43 641.57 362.98 640.45 363.46 637.6 364.67 638.55 364.07 641.75 362.43 641.57 Z M 350.57 558.53 350.63 557.03 351.49 555.84 352.5 555.85 358.66 561.95 368.49 551.82 371.67 554.95 387.55 570.99 397.59 570.17 399.5 572.02 398.02 574.76 397.61 576.31 397.73 578.06 395.65 579.38 396.63 581.5 395.98 583.82 396.33 585.84 393.93 585.1 392.98 588.52 393.36 589.57 392.86 591.64 393.69 592.45 393.65 594.18 392.96 595.86 390.53 595.65 389.95 598.36 390.55 599.79 389.77 600.33 390.94 601.66 393.72 600.27 396.29 599.43 397.95 599.94 396.86 601.18 396.72 602.61 395.33 603.94 393.37 606.57 394.17 608.18 393.75 608.88 391.56 609.49 389.15 611.32 387.26 613.4 388.19 615.86 389.61 616.39 389.22 617.43 386.38 617.04 385.54 618.9 387.48 619.55 386.9 620.74 385.28 620.15 384.62 618 383.13 618.46 382.87 616.71 381.01 619.13 381.32 620.66 380.31 621.03 380.1 623.75 379.19 624.08 377.7 626.95 375.36 628.43 372.5 629.04 372.71 629.92 370.36 631.38 368.71 631.96 367.95 630.52 369.48 626.71 368.32 625.89 367.79 624.28 366.76 624.25 364.31 626.81 362.76 626.57 364.62 624.45 364.72 623.49 362 621.94 360.91 622.89 362.43 625.46 361.74 626.41 359.46 626.18 358.31 629.22 356.88 630.19 355.78 629.58 357.41 627.8 356.99 626.88 358.7 625.17 359.29 623.36 361.39 621.79 358.74 619.75 358.3 621.73 356.69 623.09 356.09 620.84 357.19 617.91 356.43 617.69 356.95 614.53 357.83 614.86 359.28 613.46 360.74 615.95 361.79 615.45 361.72 613.64 362.7 612.04 362.52 610.82 363.88 608.74 365.34 608.31 365.34 606.24 367.38 607.36 367.39 605.23 364.53 599.58 363.55 599.77 364.48 593.14 359.98 579.54 355.57 580.29 351.23 579.39 351.52 577.88 347.77 576.57 345.58 570.26 346.67 566.31 345.28 561.07 347.08 559.18 349.71 559.73 350.57 558.53 Z"
       id="Knox"
       fill="#c4e4e2"
       style="fill:#6674de;fill-opacity:1" />
    <path
       d="M 356.15 425.83 371.72 422.69 385.18 419.9 402.96 415.94 418.92 412.67 415.62 398.1 428.77 395.15 425.38 379.4 421.24 359.31 417.72 344.26 415.58 344.78 404.32 347.12 405.75 334.75 405.73 324.67 404.64 320.45 421.04 316.16 421.01 310.62 420.21 230.37 420.24 221.84 419.85 189.63 435.19 189.41 435.24 191.7 467.1 191.15 467.58 214.65 467.65 222.22 468.12 236.95 468.36 251.52 468.96 252.81 469.35 267.6 469.89 268.98 470.37 285.21 470.62 301.85 470.22 301.85 470.36 318.24 470.63 334.14 472.99 335.1 487.12 331.63 492.5 330.18 492.14 329.03 503.74 325.92 518.49 322.06 522.36 337.38 531.15 372.76 530.04 373.04 533.85 387.9 526.39 389.55 522.1 390.31 519.44 391 503.69 394.14 488.28 397.3 492.96 418.8 477.09 422.16 480.08 437.38 464.32 440.69 467.58 456.93 470.83 472.44 472.2 479.27 458.35 482.1 450.53 483.63 446.78 490.35 441.16 487.24 438.31 490.5 436.68 491.87 434.62 498.23 431.06 497.6 431.73 495.59 429.34 495.14 429.2 493.68 427.7 493.32 425.42 494.26 424.97 493.6 422.88 492.95 422.61 491.04 419.01 492.01 419.1 492.5 415.24 493.45 415.12 493.01 390.82 499.12 378.77 502 375.86 486.81 368.06 488.26 365.41 472.97 366.05 472.85 358.52 436.9 356.15 425.83 Z"
       id="Penobscot"
       fill="#cee8ef"
       style="fill:#e27f7f;fill-opacity:1" />
  </g>
</svg>