<svg
   xmlns:dc="http://purl.org/dc/elements/1.1/"
   xmlns:cc="http://creativecommons.org/ns#"
   xmlns:rdf="http://www.w3.org/1999/02/22-rdf-syntax-ns#"
   xmlns:svg="http://www.w3.org/2000/svg"
   xmlns="http://www.w3.org/2000/svg"
   xmlns:sodipodi="http://sodipodi.sourceforge.net/DTD/sodipodi-0.dtd"
   xmlns:inkscape="http://www.inkscape.org/namespaces/inkscape"
   width="535"
   height="810"
   viewBox="0 0 535 810"
   stroke-linecap="round"
   stroke-linejoin="round">
  <metadata
     id="metadata1338">
    <rdf:RDF>
      <cc:Work
         rdf:about="">
        <dc:format>image/svg+xml</dc:format>
        <dc:type
           rdf:resource="http://purl.org/dc/dcmitype/StillImage" />
      </cc:Work>
    </rdf:RDF>
  </metadata>
  <defs
     id="defs18669" />
  <sodipodi:namedview
     id="namedview18667"
     pagecolor="#ffffff"
     bordercolor="#000000"
     borderopacity="0.25"
     inkscape:showpageshadow="2"
     inkscape:pageopacity="0.0"
     inkscape:pagecheckerboard="0"
     inkscape:deskcolor="#d1d1d1"
     showgrid="false"
     inkscape:zoom="3.2656155"
     inkscape:cx="80.050291"
     inkscape:cy="200.05517"
     inkscape:window-width="3840"
     inkscape:window-height="1973"
     inkscape:window-x="-18"
     inkscape:window-y="-18"
     inkscape:window-maximized="1"
     inkscape:current-layer="g1071" />
  <g
     transform="translate(-145.46993,5.4269343)"
     style="fill:#e27f7f;fill-opacity:1;stroke:#ffffff;stroke-opacity:1">
    <g>
      <path
         style="fill:#e27f7f"
         inkscape:connector-curvature="0"
         d="m 425.8,393.93 -0.19,-41.43 -0.07,-7.41 57.3,-0.72 0.79,58.66 -0.7,0.01 -43.33,0.36 -13.72,-0.06 z"
         id="Leake" />
      <path
         style="fill:#d75d5d"
         inkscape:connector-curvature="0"
         d="m 378.98,432.88 -1.31,-2.96 0.68,-2.7 4.13,-1.31 -0.03,-1.29 2.02,-2.2 0.93,-2.27 3.21,-1.63 2.12,-1.97 2.73,1.13 2.82,-3.63 1.95,-0.38 0.65,-2.22 3.79,-2.03 1.47,-3.63 1.99,0.33 1.41,-3.66 7.45,-0.19 3.32,-0.48 1.57,7.24 6.22,31.39 0.07,21.58 -0.02,14.5 0.23,14.4 -21.39,0.03 -7.77,-0.24 h -41.27 l 0.2,-7.54 -2.42,-1.32 -0.73,-1.49 1.44,-1.54 -0.89,-2.6 0.75,-2.91 -0.48,-2.69 4.6,-1.42 4.31,-3.63 -0.52,-2.85 -2.65,-1.91 -0.12,-3.5 2.59,-3.42 1.03,-2.38 2.62,0.19 -0.27,-3.36 1.47,-2.9 3.07,-0.99 1.67,-1.7 0.73,-2.4 1.86,-2.03 0.64,-3.69 z"
         id="Rankin" />
      <path
         style="fill:#6674de"
         inkscape:connector-curvature="0"
         d="m 202.39,539.6 1.49,6.41 2.1,3.23 -0.92,3.1 4.39,1.51 -0.35,2.74 2.55,0.65 2.52,2.34 11.24,-0.09 -0.03,3.37 -0.25,10.21 -0.46,29.65 -0.22,3.63 -2,0.15 -5.17,-1.55 -2.34,-2.84 -1.65,0.11 -2.86,1.8 -2.22,-1.36 -1.46,1.72 -2.91,-0.56 -3.6,1.61 -1.84,1.8 -2.03,-0.66 -3.06,1.12 -1.44,1.62 -3.62,0.5 -1.54,1.39 -6.32,-0.76 -0.08,3.5 -1.65,2.75 -2.44,0.93 2.82,2.72 -0.26,3.39 -2.67,2.34 -4.67,1.57 v -2.56 l -1.48,-1.34 -2.8,0.42 -2.17,1.82 -1.64,3.25 -0.38,2.23 -1.69,-2.9 -3.31,-2.93 -2.71,-1.41 -1.34,-3.54 2.35,-1.94 2.32,0.01 6.64,1.15 2.92,-0.26 5.04,-1.96 1.41,-2.69 -0.12,-4.16 -5.47,-5.09 -0.08,-4.8 -2.7,-0.24 -1.29,-3.56 1.91,-4 2.39,-1.5 1.6,1.58 -0.36,1.51 0.97,3.94 2.28,3.32 1.67,0.9 3.58,0.04 0.92,-1.04 0.1,-4.07 -3.92,-4.1 -1.85,-3.96 -0.61,-6.46 0.51,-4.4 -1.06,-1.98 0.97,-1.45 3.71,-0.52 1.4,0.66 4.22,-1.49 6.01,-4.85 0.6,-3.36 -2.65,-1.23 -4.94,1.52 -3.92,0.19 -2.47,-1.61 -1.92,-2.68 0.01,-2.56 2.72,-2.95 2.5,2.74 2.24,1.44 6.03,1.52 2.86,-1.43 0.79,-3.92 -0.56,-7.27 0.47,-3.83 4.59,-6.04 z"
         id="Adams" />
      <path
         style="fill:#d72f30"
         inkscape:connector-curvature="0"
         d="m 490.3,85.9 -0.09,-14.47 -0.02,-2.37 21.49,-0.36 7.36,-0.17 h 19.3 l 21.62,-0.22 0.09,14.47 0.01,2.36 -7.22,0.07 0.21,16.72 -4.85,0.04 0.09,4.82 -14.2,0.16 -0.09,-2.37 -15.95,0.08 -27.57,0.46 z"
         id="Union" />
      <path
         style="fill:#3933e5"
         inkscape:connector-curvature="0"
         d="m 341.69,283.74 1.93,-2.4 3.61,-0.27 1.67,-3.39 -2.14,-3.68 -3.19,-0.2 0.08,-1.78 19.83,6.66 39.61,13.16 19.5,6.27 -1.49,3.04 -2.28,0.39 0.15,3.28 -2.51,2.4 -0.27,5.8 -3.57,1.74 -0.81,5 0.52,3.23 -1.97,0.64 0.32,3.06 -2.85,3.41 -4.37,6.73 0.03,3.4 -1.5,2.67 0.08,2.24 -2.45,0.91 -0.05,1.44 -2.98,1.97 -0.38,1.79 -2.34,0.3 -1.16,2.01 -51.96,-21.48 -3.58,-0.07 -2.49,-1.81 0.32,-2.54 -1.64,-2.16 -3.34,0.16 -2,-1.98 -0.26,-5.93 2.15,-1.18 3.18,0.38 1.18,2.38 1.66,0.54 1.05,-1.89 -2.25,-1.74 -0.2,-2.54 1.98,-0.67 1.86,2.04 1.19,-3.12 2.31,-0.96 z"
         id="Holmes" />
      <path
         style="fill:#d75d5d"
         inkscape:connector-curvature="0"
         d="m 437.69,592.11 9.55,-0.05 19.17,-0.19 0.19,14.47 14.64,-0.18 0.14,17.68 v 17.17 l 0.2,20.69 -10.8,0.14 -0.04,4.56 -7.21,-0.01 -0.02,-3.05 -3.62,0.01 -0.01,-2.41 -7.22,0.07 0.05,2.32 h -14.55 l -0.25,-46.34 z"
         id="Lamar" />
      <path
         style="fill:#d75d5d"
         inkscape:connector-curvature="0"
         d="m 482.89,678.28 28.9,-0.28 36.05,-0.58 0.45,28.93 0.12,9.63 -35.69,0.48 -15.1,0.12 0.04,4.87 -14.48,0.12 z"
         id="Stone" />
      <path
         style="fill:#584cde"
         inkscape:connector-curvature="0"
         d="m 345.34,26.44 13.99,-0.01 -0.02,14.44 0.32,8.02 -1.79,0.3 -2.47,3.41 1.5,1.99 -0.61,2.81 1.42,2.51 -0.24,1.8 -3.23,3.41 -0.54,3.98 0.55,1.48 3.95,3.31 -0.03,2.05 1.74,1.04 0.02,7.16 -14.48,0.25 0.34,14.06 -13.38,0.12 -23.03,-16.59 3.47,-2.66 0.29,-2.93 -4.54,-5.67 -2.37,-4.48 1.42,-5.94 1.53,-1.84 -0.04,-4.47 3.33,0.84 0.78,1.91 -1.74,2.82 -0.34,2.23 1.02,2.41 2.12,0.72 2.04,-0.59 6.62,-6.45 0.82,-2.32 -1.54,-3.51 -5.81,1.6 -2.16,-0.12 -3.68,-2.41 -1.7,-0.33 1.14,-4.13 2.47,-0.18 0.84,-2.7 -1.13,-4.64 0.95,-2.06 2.69,-1.01 3.86,4.87 -0.22,2.49 -4.07,4.3 2.16,1.29 4.55,-0.04 3.63,-2.51 -0.58,-2.74 -3.24,-6.27 0.97,-3.14 1.92,-1.35 -3.95,-7.07 1.14,-3.68 1.88,-0.97 3.5,1.49 0.98,2.67 -2.78,4.4 1.5,2.43 5.31,-0.4 5.12,-2.49 3.24,-2.6 2.63,2.26 1.61,-0.22 z"
         id="Tunica" />
      <path
         style="fill:#584cde"
         inkscape:connector-curvature="0"
         d="m 324.81,279.33 0.14,-44.28 0.19,-18.35 -0.02,-16.97 20.58,0.27 16.56,0.06 1.57,3.64 -1.98,3.6 -2.57,1.01 -6.33,-0.61 -6.14,2.01 -1.24,0.98 -1.43,3.19 1.76,4.39 1.81,0.71 2.62,-0.39 1.77,-2.84 0.63,-2.85 1.67,-0.92 2.65,2.49 11.55,0.06 -0.01,7.39 1.27,-0.01 1.39,2.49 2.17,1.56 -0.92,3.79 0.96,4.24 0.13,23.93 -5.02,-0.02 -0.01,7.05 -5.12,-0.09 0.04,13.82 -19.83,-6.66 -0.08,1.78 3.19,0.2 2.14,3.68 -1.67,3.39 -3.61,0.27 -1.93,2.4 -1.69,-1.03 -2.52,3.55 -1.7,0.93 0.45,3.96 -1.54,2.24 -4.01,-0.12 -0.46,1.53 -5.5,-5.2 z"
         id="Leflore" />
      <path
         style="fill:#d75d5d"
         inkscape:connector-curvature="0"
         d="m 454.66,141.35 36.32,-0.19 0.3,14.41 14.49,-0.19 0.48,25.68 0.2,17.59 -7.2,0.16 -0.11,12.08 0.01,2.71 -43.55,0.48 -0.22,-24.06 -0.21,-25.29 -0.33,-8.32 z"
         id="Calhoun" />
      <path
         style="fill:#584cde"
         inkscape:connector-curvature="0"
         d="m 218.85,245.8 46.29,0.14 1.29,0.19 15.45,0.06 0.31,0.01 0.06,13.81 -0.56,0.01 -0.02,28.96 6.6,0.08 -2.11,0.9 -0.27,5.21 4.02,3.38 3.31,1.77 -0.75,2.04 -0.36,6.79 -1.45,1.72 -0.02,2.75 2.64,1.13 -0.87,2.9 -2.24,0.11 -22.11,0.08 -7.48,-0.4 -0.06,14.82 -7.12,-0.51 -27.97,-0.33 0.63,-1.4 3.41,-1.44 1.7,-1.65 0.7,-2.59 -0.58,-1.59 -3.54,-3 -3.18,-1.11 -1.06,-1.6 -2.85,-1.89 -0.06,-2.23 2.58,-3.04 3.25,0.1 1.37,1.75 3.09,0.32 3.93,-0.34 1.98,-0.99 0.83,-5.46 -0.52,-3.32 -2.24,-4.82 1.99,-0.35 2.41,-1.85 2.57,-2.99 0.97,-3.87 -0.62,-1.35 -2.62,-0.74 -2.67,2.21 -1.54,5.28 -1.88,-0.72 -2.04,-5.69 -2.21,-3.2 -0.02,-8.17 3.04,-2.42 2.66,-3.85 3.02,-2.53 3.04,-4.28 0.03,-2.95 -1.75,-1.55 -3.28,2.16 -0.77,5.85 -1.99,2.31 -3.92,2.13 -3.38,0.03 -3.43,-1.67 -2.47,-2.33 1.37,-2.42 3.19,0.25 5.16,-1.61 2.83,-3.15 -0.29,-3.52 -1.5,-2.34 -4.06,-2.66 -2.14,1.67 0.95,5.83 -1.68,1.84 -3.48,1.12 -3.92,-0.88 0.51,-2.99 3.22,-1.87 1.82,-3.27 1.82,-1.75 -0.38,-1.39 z"
         id="Washington" />
      <path
         style="fill:#e27f7f"
         inkscape:connector-curvature="0"
         d="m 392.71,353.56 17.62,-0.09 -0.13,-0.95 15.41,-0.02 0.19,41.43 -4.02,3.44 -3.47,4.42 -3.32,0.48 -7.45,0.19 -1.41,3.66 -1.99,-0.33 -1.47,3.63 -3.79,2.03 -0.65,2.22 -1.95,0.38 -2.82,3.63 -2.73,-1.13 -2.12,1.97 -3.21,1.63 -0.93,2.27 -2.02,2.2 0.03,1.29 -4.13,1.31 -0.68,2.7 1.31,2.96 -24.97,-0.05 0.01,-14.44 -28.89,-0.08 -0.02,-14.17 0.84,-1.82 2.28,-0.14 3.27,1.81 2.21,-1.34 1.01,-2.16 2.32,-1.09 4.09,-0.67 1.88,-1.58 1.53,-4.05 1.27,-0.95 2.43,0.22 0.97,-2.53 1.89,0.6 5.06,-1.67 0.91,1.16 3.34,-0.67 2.7,-2.47 3.41,-2.12 2.14,0.71 0.38,-1.89 4.29,-0.89 0.79,0.62 3.28,-4.84 2.58,-0.28 2.52,-2.72 0.15,-1.67 2.45,-5.9 0.43,-5.54 3.08,-1.17 1.96,-5.33 z"
         id="Madison" />
      <path
         style="fill:#584cde"
         inkscape:connector-curvature="0"
         d="m 310.56,415.05 1.5,0.35 2.75,-2.28 2.92,-0.61 2.94,-3.49 2.32,-0.57 0.37,-1.88 1.75,-2.43 0.02,14.17 28.89,0.08 -0.01,14.44 24.97,0.05 -4.13,1.73 -0.64,3.69 -1.86,2.03 -0.73,2.4 -1.67,1.7 -3.07,0.99 -1.47,2.9 0.27,3.36 -2.62,-0.19 -1.03,2.38 -2.59,3.42 0.12,3.5 2.65,1.91 0.52,2.85 -4.31,3.63 -4.6,1.42 0.48,2.69 -0.75,2.91 0.89,2.6 -1.44,1.54 0.73,1.49 2.42,1.32 -0.2,7.54 h -32.86 l -26.95,-0.1 -8.89,0.24 -0.97,-17.56 -0.37,-11.64 0.25,-2.71 1.99,-6.3 1.98,-2.91 -0.9,-4.52 0.85,-1.04 -0.75,-2.69 2.98,-0.89 7.79,2.22 -1.13,-5.79 1.23,-0.57 1.86,-4.37 2,-3.32 0.32,-4.24 -0.87,-5.12 2.41,-2.59 z"
         id="Hinds" />
      <path
         style="fill:#7996e2"
         inkscape:connector-curvature="0"
         d="m 284.56,534.12 0.49,-7.24 2.3,-2.4 0.09,-15.7 0.32,-6.27 -0.51,-11.68 8.89,-0.24 26.95,0.1 h 32.86 l -2.47,3.01 3.52,6.99 2.37,0.19 -0.12,1.71 1.41,2.07 0.73,3.47 1.85,0.23 1.47,2 -0.27,4.31 3.47,1.91 1.87,5.93 -0.9,1.46 -2.44,1.18 2.86,3.63 -2.07,3.15 1.41,1.74 4.2,0.01 -0.21,3.23 -2.32,0.25 0.91,2.56 -1.23,-0.55 -3.28,1.47 -4.18,2.6 -3.17,1 -3.3,0.28 -2.16,1.03 -1.95,2.25 -2.96,0.67 -14.15,-0.06 0.1,2.48 -4.84,-0.01 -0.08,-2.51 -4.67,0.19 -16.25,0.13 -24.67,-0.1 z"
         id="Copiah" />
      <path
         style="fill:#7996e2"
         inkscape:connector-curvature="0"
         d="m 505.77,155.38 43.29,-0.71 14.53,-0.15 -0.05,6.43 0.59,37.05 -5.12,0.16 -24.03,0.1 0.07,9.59 -14.25,0.21 0.07,2.43 -21.73,0.4 0.11,-12.08 7.2,-0.16 -0.2,-17.59 z"
         id="Chickasaw" />
      <path
         style="fill:#d75d5d"
         inkscape:connector-curvature="0"
         d="m 359.63,48.89 1.58,-0.65 3.14,-5.09 5,-0.24 1.59,1.08 1.99,3.35 2.26,0.03 1.72,2.06 1.17,-1.23 2.31,2.19 2.48,1.17 6.85,-2.94 3.5,-0.22 -0.1,-1.88 3.99,-2.22 2.3,-3.48 25.26,-0.08 0.24,14.34 7.26,-0.06 0.25,21.68 -7.24,0.06 -29.54,0.25 -35.76,-0.03 -1.74,-1.04 0.03,-2.05 -3.95,-3.31 -0.55,-1.48 0.54,-3.98 3.23,-3.41 0.24,-1.8 -1.42,-2.51 0.61,-2.81 -1.5,-1.99 2.47,-3.41 z"
         id="Tate" />
      <path
         style="fill:#e27f7f"
         inkscape:connector-curvature="0"
         d="m 424.33,3.91 0.34,36.83 -25.26,0.08 -2.3,3.48 -3.99,2.22 0.1,1.88 -3.5,0.22 -6.85,2.94 -2.48,-1.17 -2.31,-2.19 -1.17,1.23 -1.72,-2.06 -2.26,-0.03 -1.99,-3.35 -1.59,-1.08 -5,0.24 -3.14,5.09 -1.58,0.65 -0.32,-8.02 0.02,-14.44 -13.99,0.01 -1.77,-1.76 3.82,-2.03 4.34,-1.66 2,-2.6 -0.38,-6.55 -3.37,-1.65 -3.46,-2.93 -1.67,-3.17 62.58,0.08 z"
         id="DeSoto" />
      <path
         style="fill:#d72f30"
         inkscape:connector-curvature="0"
         d="m 427.61,663.42 10.55,-0.09 h 14.55 l -0.05,-2.32 7.22,-0.07 0.01,2.41 3.62,-0.01 0.02,3.05 7.21,0.01 0.04,-4.56 10.8,-0.14 1.19,1.53 0.12,15.05 0.29,43.29 -28.98,0.12 0.11,21.72 -7.34,0.01 0.03,2.41 -7.35,0.01 0.06,7.23 -6.13,-0.02 -3.75,-3.04 -1.26,-2.32 -2.55,-0.88 -3.7,-2.91 -1.66,-4.83 -2.07,-0.64 0.61,-3.65 -2.37,0.48 -1.14,-5.12 -1.19,-1 0.3,-4.65 -0.72,-2.74 -3.18,-3.39 1.6,-4.88 -1.43,-1.27 2.52,-2.94 0.41,-2.82 -1.06,-3.69 2.61,-4.85 4.25,-5.57 -0.98,-0.78 0.9,-3.57 1.81,-0.16 0.48,-1.94 -0.78,-5.03 2.4,-0.7 1.68,-2.96 -1.67,-4.05 2.92,-3.83 z"
         id="Pearl-River" />
      <path
         style="fill:#7996e2"
         inkscape:connector-curvature="0"
         d="m 296.37,346.49 28.83,-0.07 0.09,-14.16 11.88,-0.25 3.58,0.07 51.96,21.48 -2.14,2.21 -1.96,5.33 -3.08,1.17 -0.43,5.54 -2.45,5.9 -0.15,1.67 -2.52,2.72 -2.58,0.28 -3.28,4.84 -0.79,-0.62 -4.29,0.89 -0.38,1.89 -2.14,-0.71 -3.41,2.12 -2.7,2.47 -3.34,0.67 -0.91,-1.16 -5.06,1.67 -1.89,-0.6 -0.97,2.53 -2.43,-0.22 -1.27,0.95 -1.53,4.05 -1.88,1.58 -4.09,0.67 -2.32,1.09 -1.01,2.16 -2.21,1.34 -3.27,-1.81 -2.28,0.14 -0.84,1.82 -1.75,2.43 -0.37,1.88 -2.32,0.57 -2.94,3.49 -2.92,0.61 -2.75,2.28 -1.5,-0.35 v -4.02 l -4.76,0.02 -0.01,-2.36 -9.27,-0.03 -0.16,-7.22 -4.86,0.05 0.06,-4.83 -4.22,-0.05 3.16,-1.03 0.64,-2.47 -3.62,-1.08 -0.58,-2.57 3.35,-4.47 0.61,3 1.49,1.22 2.64,-1.77 0.14,-2.41 -4.03,-2.89 -2.86,-0.14 -2.81,-1.89 -1.21,-1.74 1.84,-4.62 1.66,1.53 3.44,-1.03 0.47,-1.91 -2.5,-1.97 -0.93,-3.64 2,-2.21 -3.24,-0.95 -2.47,1.6 -2.57,-0.95 -0.02,-3.46 7.45,-7.13 z"
         id="Yazoo" />
      <path
         style="fill:#3933e5"
         inkscape:connector-curvature="0"
         d="m 243.34,479.71 5.67,2.9 4.04,-0.3 0.66,2.54 1.64,0.62 3.82,-0.11 0.6,-2.53 -0.53,-1.87 1.41,-4.05 3.53,2.89 5.18,-2.26 0.3,-5.07 2.28,0.38 0.37,2.97 7.06,-2.47 1.13,-1.49 -3.26,-1.94 2.45,-2.91 2.74,-0.59 3.48,-4.79 0.37,11.64 0.97,17.56 0.51,11.68 -0.32,6.27 -0.09,15.7 -2.3,2.4 -0.49,7.24 -16.43,0.05 1.75,-3.11 -0.22,-3.67 -24.19,-5.97 -11.72,-0.68 -21.34,-0.88 1.87,-1.15 4.83,-5.29 2.52,-1.14 -0.05,-2.8 -1.34,-0.43 0.73,-4.17 3.39,-3.54 6.63,-0.69 3.86,-2.14 2.02,-2.74 -1.18,-2.42 -1.56,-1.01 -6.97,-1.55 -1.57,-1.02 -0.73,-2.5 1.82,-2.03 2.84,0.61 1.99,3.04 2.19,1.65 2.76,-0.29 -0.1,-4.78 5.85,-3.11 z"
         id="Claiborne" />
      <path
         style="fill:#7996e2"
         inkscape:connector-curvature="0"
         d="m 571.67,248.31 8.57,-0.23 4.23,-2.6 3.78,-1.1 2.7,-1.55 0.97,-2.26 2.56,1.47 3.6,3.09 1.15,-0.75 -2.84,-2.48 -0.83,-3.47 0.33,-2.65 2.74,-3.12 -2.62,-2.71 -0.87,-1.85 -0.1,-2.92 -1.99,-1.03 1.33,-1.4 2.88,-1.24 6.86,-0.49 3.71,-0.96 1.03,-2.85 2.02,-0.52 1.87,1.21 3.67,-3.41 2.34,-3.29 -0.32,-2.37 1.41,-0.84 9.53,-0.19 -2.27,28.49 -0.9,10.01 -3.01,37.1 -19.3,0.35 -15.74,0.5 -15.61,0.28 z"
         id="Lowndes" />
      <path
         style="fill:#c21b18"
         inkscape:connector-curvature="0"
         d="m 547.84,677.42 7.21,-0.01 -0.18,-14.48 11.54,-0.07 18.29,-0.49 12.29,-0.09 16.08,-0.29 1.37,21.74 1.25,21.61 -8.21,0.25 -51.99,0.89 -7.2,-0.13 z"
         id="George" />
      <path
         style="fill:#6674de"
         inkscape:connector-curvature="0"
         d="m 162.97,631.46 0.38,-2.23 1.64,-3.25 2.17,-1.82 2.8,-0.42 1.48,1.34 v 2.56 l 4.67,-1.57 2.67,-2.34 0.26,-3.39 -2.82,-2.72 2.44,-0.93 1.65,-2.75 0.08,-3.5 6.32,0.76 1.54,-1.39 3.62,-0.5 1.44,-1.62 3.06,-1.12 2.03,0.66 1.84,-1.8 3.6,-1.61 2.91,0.56 1.46,-1.72 2.22,1.36 2.86,-1.8 1.65,-0.11 2.34,2.84 5.17,1.55 2,-0.15 1.65,-0.16 1.63,2.71 3.3,1.91 2.29,-0.15 1.06,0.58 1.1,4.74 2.9,1.16 -0.2,25.89 0.07,4.81 -0.29,16.03 -26.52,-0.28 -25.22,-0.15 -28.69,-0.34 0.02,-1.02 4.95,-1.91 3.75,-3.54 0.67,-2.5 -1.07,-2.66 -6.64,-5.72 -1.57,-2.09 0.65,-3.29 3.55,-4.36 1.17,-2.48 z"
         id="Wilkinson" />
      <path
         style="fill:#7996e2"
         inkscape:connector-curvature="0"
         d="m 482.74,315.09 14.46,-0.23 -0.08,-14.56 14.53,-0.25 -0.17,-14.52 2.86,-0.04 38.22,-0.58 0.38,32.58 0.52,26.97 -14.17,0.09 -2.23,1.25 -4.84,0.08 -0.03,-1.23 -7.3,0.12 -0.02,-0.81 -38.31,0.3 -3.72,0.11 z"
         id="Winston" />
      <path
         style="fill:#7996e2"
         inkscape:connector-curvature="0"
         d="m 225.43,331.42 27.97,0.33 7.12,0.51 -0.02,10.49 -2.47,7.21 -1.25,2.5 v 3.84 l -3.26,3.91 -0.41,23.91 0.03,5.07 33.8,0.27 0.58,2.57 3.62,1.08 -0.64,2.47 -3.16,1.03 0.51,1.2 -1.34,5.6 -1.92,0.96 -3.99,-0.5 -12.95,-0.13 -0.22,21.87 -3.23,0.18 -1.44,-1.17 -2.95,0.72 -1.5,-1.07 -3.48,1 -1.73,5.47 -0.06,-14.69 0.13,-12.46 -11.12,-0.18 1.75,-1.16 3.73,-4.34 0.24,-2.11 -1.57,-2.97 -1.6,-1.02 -1.78,1.67 -1.62,4.82 -4.17,1.04 -5.49,2.53 -2.32,-1.09 -1.51,-2.08 -1.01,-3.65 0.14,-2.4 2.12,-1.61 2.74,-3.86 5.21,-2.78 2.42,-1.93 1.34,-3.18 -0.87,-0.87 -8.7,-2.59 -3.78,0.13 -2.1,-1.58 1.21,-4.79 -1.04,-0.91 0.42,-4.4 2.37,-5.01 2.4,-1.99 3.11,-0.53 4.92,-4.96 0.87,-2.05 -0.02,-4.19 -2.16,-2.78 0.04,-3.24 -0.88,-2.23 -2.75,-2.11 -4.04,1.5 0.62,2.62 -0.98,1.82 0.89,3.76 -0.4,2.04 -1.56,2 -2.08,0.91 -5.12,-1.18 -2.22,-2.55 0.02,-2.31 1.89,-2.66 -0.33,-1.48 4.63,-5.07 z"
         id="Issaquena" />
      <path
         style="fill:#6674de"
         inkscape:connector-curvature="0"
         d="m 539.29,344.55 14.17,-0.09 22.95,-0.5 41.88,-1.09 -2.3,30.02 -0.59,5.93 -1.76,22.13 -49.45,0.9 -1.59,0.16 -22.55,0.29 -0.43,-24.68 z"
         id="Kemper" />
      <path
         style="fill:#7996e2"
         inkscape:connector-curvature="0"
         d="m 242.05,403.41 11.12,0.18 -0.13,12.46 0.06,14.69 1.73,-5.47 3.48,-1 1.5,1.07 2.95,-0.72 1.44,1.17 3.23,-0.18 0.22,-21.87 12.95,0.13 3.99,0.5 1.92,-0.96 1.34,-5.6 -0.51,-1.2 4.22,0.05 -0.06,4.83 4.86,-0.05 0.16,7.22 9.27,0.03 0.01,2.36 4.76,-0.02 v 4.02 l -4.64,1.74 -2.41,2.59 0.87,5.12 -0.32,4.24 -2,3.32 -1.86,4.37 -1.23,0.57 1.13,5.79 -7.79,-2.22 -2.98,0.89 0.75,2.69 -0.85,1.04 0.9,4.52 -1.98,2.91 -1.99,6.3 -0.25,2.71 -3.48,4.79 -2.74,0.59 -2.45,2.91 3.26,1.94 -1.13,1.49 -7.06,2.47 -0.37,-2.97 -2.28,-0.38 -0.3,5.07 -5.18,2.26 -3.53,-2.89 -1.41,4.05 0.53,1.87 -0.6,2.53 -3.82,0.11 -1.64,-0.62 -0.66,-2.54 -4.04,0.3 -5.67,-2.9 2.68,-2.76 1.09,-2.47 0.19,-2.63 -3.11,-0.1 -2.35,-1.99 -2.4,0.52 1.27,2.31 -0.52,5.46 -3.99,-1.63 -4.19,1.45 -7.23,-1.32 -1.63,-3.7 1.52,-6.91 4.32,-2.7 2.28,1.14 4.74,-3.24 3.13,1.31 2.12,-3.7 1.71,-0.05 4.39,3.08 0.04,4.49 1.02,0.63 1.62,-3.05 0.52,-5.44 1.54,-1.47 -1.89,-2.94 0.98,-4.32 1.69,-0.06 2.28,2.23 4.46,-3.3 1.56,-1.96 0.64,-2.45 2.62,-4.48 -2.19,0.52 -2.06,2.45 -4.29,-1.1 -6.13,-0.99 -1.88,-0.99 -0.6,-1.73 1.5,-5.89 2.76,-1.33 1.14,-3.6 -1.68,-2.19 -2.14,-0.64 -5.03,2.82 -3.26,-0.83 -5.92,-3.39 -2.88,-4.05 -0.07,-2.81 2.18,-4.19 1.09,-3.88 2.63,2.61 3.31,5.53 1.79,1.61 4.74,1.4 1.9,-0.91 -0.57,-3.45 -3.29,-2.07 -4.57,-1.66 -3.37,-2.64 -0.69,-1.61 z"
         id="Warren" />
      <path
         style="fill:#e27f7f"
         inkscape:connector-curvature="0"
         d="m 422.59,298.11 0.57,-2.27 4.25,-4.97 1.77,-4.51 7.81,-0.08 26.59,-0.27 19.08,-0.1 0.08,29.18 0.1,29.28 -57.3,0.72 0.07,7.41 -15.41,0.02 0.13,0.95 -17.62,0.09 1.16,-2.01 2.34,-0.3 0.38,-1.79 2.98,-1.97 0.05,-1.44 2.45,-0.91 -0.08,-2.24 1.5,-2.67 -0.03,-3.4 4.37,-6.73 2.85,-3.41 -0.32,-3.06 1.97,-0.64 -0.52,-3.23 0.81,-5 3.57,-1.74 0.27,-5.8 2.51,-2.4 -0.15,-3.28 2.28,-0.39 z"
         id="Attala" />
      <path
         style="fill:#584cde"
         inkscape:connector-curvature="0"
         d="m 288.27,289.06 22.36,-0.02 -0.02,-9.69 14.2,-0.02 -0.09,10.27 5.5,5.2 0.46,-1.53 4.01,0.12 1.54,-2.24 -0.45,-3.96 1.7,-0.93 2.52,-3.55 1.69,1.03 0.18,27.25 -2.31,0.96 -1.19,3.12 -1.86,-2.04 -1.98,0.67 0.2,2.54 2.25,1.74 -1.05,1.89 -1.66,-0.54 -1.18,-2.38 -3.18,-0.38 -2.15,1.18 0.26,5.93 2,1.98 3.34,-0.16 1.64,2.16 -0.32,2.54 2.49,1.81 -11.88,0.25 -0.09,14.16 -28.83,0.07 -0.11,-28.74 -6.09,0.01 2.24,-0.11 0.87,-2.9 -2.64,-1.13 0.02,-2.75 1.45,-1.72 0.36,-6.79 0.75,-2.04 -3.31,-1.77 -4.02,-3.38 0.27,-5.21 z"
         id="Humphreys" />
      <path
         style="fill:#7996e2"
         inkscape:connector-curvature="0"
         d="m 310.97,606.28 13.26,0.04 27.57,-0.13 -0.01,28.82 0.16,28.91 -17.22,0.13 h -23.79 l -0.04,-36.93 z"
         id="Pike" />
      <path
         style="fill:#584cde"
         inkscape:connector-curvature="0"
         d="m 332.38,98.57 13.38,-0.12 -0.34,-14.06 14.48,-0.25 0.27,14.09 -0.11,14.13 0.5,6.42 8.19,5.9 -0.1,17.43 -0.01,14.4 -43.38,0.01 0.09,-31.3 7.08,0.15 z"
         id="Quitman" />
      <path
         style="fill:#e27f7f"
         inkscape:connector-curvature="0"
         d="m 423.1,535.9 14.41,-1.07 35.53,-2.94 0.8,59.91 -7.43,0.07 -19.17,0.19 -0.1,-13.17 -1.49,-0.53 -0.8,-3.64 -1.89,-0.61 -2.94,-2.66 -5.12,-0.94 -6.25,-3.96 -2.58,-3.53 -2.9,0.12 z"
         id="Covington" />
      <path
         style="fill:#6674de"
         inkscape:connector-curvature="0"
         d="m 520.87,210.49 -0.07,-2.43 14.25,-0.21 -0.07,-9.59 24.03,-0.1 5.12,-0.16 0.39,21.66 30.36,-0.46 -0.22,2.28 -1.61,2.67 1.99,1.03 0.1,2.92 0.87,1.85 2.62,2.71 -2.74,3.12 -0.33,2.65 0.83,3.47 2.84,2.48 -1.15,0.75 -3.6,-3.09 -2.56,-1.47 -0.97,2.26 -2.7,1.55 -3.78,1.1 -4.23,2.6 -8.57,0.23 -0.19,-9.74 -3.21,0.05 -2.84,1.02 -2.43,-0.95 -34.8,0.65 -4.76,0.42 -0.15,-12.1 -2.17,0.02 z"
         id="Clay" />
      <path
         style="fill:#6674de"
         inkscape:connector-curvature="0"
         d="m 325.24,170.93 0.02,-14.41 43.38,-0.01 0.01,-14.4 24.31,0.02 3.72,-0.8 -0.02,3.3 0.86,0.62 -0.06,25.68 0.2,2.37 -0.06,12.03 0.02,12.24 -7.17,0.01 -0.13,2.36 -19.19,-0.07 -2.51,0.18 -0.02,14.48 -11.55,-0.06 -2.65,-2.49 -1.67,0.92 -0.63,2.85 -1.77,2.84 -2.62,0.39 -1.81,-0.71 -1.76,-4.39 1.43,-3.19 1.24,-0.98 6.14,-2.01 6.33,0.61 2.57,-1.01 1.98,-3.6 -1.57,-3.64 -16.56,-0.06 -20.58,-0.27 0.22,-26.36 z"
         id="Tallahatchie" />
      <path
         style="fill:#d72f30"
         inkscape:connector-curvature="0"
         d="m 546.99,2.62 48.07,-0.95 14.47,-0.21 0.19,23.35 0.33,16.32 -30.24,0.48 -17.96,0.18 -4.71,0.04 -0.25,-16.82 -9.62,0.17 z"
         id="Alcorn" />
      <path
         style="fill:#d72f30"
         inkscape:connector-curvature="0"
         d="m 490.48,105.12 27.57,-0.46 15.95,-0.08 0.09,2.37 14.2,-0.16 0.17,15.36 0.6,32.52 -43.29,0.71 -14.49,0.19 -0.3,-14.41 z"
         id="Pontotoc" />
      <path
         style="fill:#d72f30"
         inkscape:connector-curvature="0"
         d="m 455.6,214.08 43.55,-0.48 -0.01,-2.71 21.73,-0.4 0.25,17.19 2.17,-0.02 0.15,12.1 -9.64,0.13 0.03,4.76 -12.81,0.21 -8.98,2.84 -2.15,-0.37 -1.4,1.25 -2.95,0.58 -3.69,1.91 -2.97,4.45 -2.95,-0.52 -2.52,2.12 -17.37,0.24 -0.34,-35.98 z"
         id="Webster" />
      <path
         style="fill:#d72f30"
         inkscape:connector-curvature="0"
         d="m 586.79,89.55 13.23,-0.24 15.94,-0.03 23.69,-0.43 -1,13.27 -4.2,49.11 -46.73,0.49 -0.59,-23.94 -0.31,-16.72 0.33,-0.48 z"
         id="Itawamba" />
      <path
         style="fill:#584cde"
         inkscape:connector-curvature="0"
         d="m 309.35,81.98 23.03,16.59 0.05,26.8 -7.08,-0.15 -0.09,31.3 -0.02,14.41 -28.37,-0.37 h -0.46 l 0.19,-21.69 -14.48,-0.16 -2.31,-0.21 -24.08,-0.02 -0.26,-2.54 6.72,-4.92 2.14,0.76 4.65,3.62 3.34,0.23 1.86,-1.01 2.08,-2.92 -1.22,-3.51 -5.19,-0.66 -4.56,0.71 -3.68,-2.22 -2.75,-3.67 -0.34,-2.44 1.13,-1.97 3.11,0.05 0.85,2.44 2.56,2.2 3.42,0.86 2.33,-0.79 -0.13,-3.61 0.98,-5.95 2.33,-1.08 4.41,1.52 2.59,0.35 1.75,-0.83 2.06,-2.42 0.23,-3.76 -4.4,-5.92 -0.07,-1.76 2.7,-1.59 3.98,1.23 2.67,-0.28 3.09,-1.41 -0.41,3.06 -1.39,2.31 -0.22,2.65 2.05,1.58 2.84,-1.51 -1.26,-5.56 3.57,-5.44 3.75,-0.23 3.75,-3.11 1.18,-3.6 -2.09,-7.66 0.06,-2.19 1.57,-4.13 z"
         id="Coahoma" />
      <path
         style="fill:#e27f7f"
         inkscape:connector-curvature="0"
         d="m 513.97,790.08 7.62,0.18 -0.98,2.69 -3.65,-0.26 -0.02,-1.25 z m -30.79,-68.51 14.48,-0.12 -0.04,-4.87 15.1,-0.12 35.69,-0.48 0.75,42.68 1.76,-0.13 1.7,2.16 -0.34,2.38 -8.64,-0.21 -7.04,0.49 -6.46,1.19 -8.82,2.52 -15.52,6.57 -4.8,1.48 -7.34,2.88 -2.81,0.39 -0.09,-4.1 3.29,-2.09 -4.13,-4.33 -2.56,-1.36 -3.71,0.45 -0.3,-21.21 z"
         id="Harrison" />
      <path
         style="fill:#e27f7f"
         inkscape:connector-curvature="0"
         d="m 353.9,545.55 2.16,-1.03 3.3,-0.28 3.17,-1 4.18,-2.6 3.28,-1.47 1.23,0.55 20.89,-1.54 0.02,22.49 -0.1,17.01 h 2.41 l 0.09,21.79 -2.41,-0.67 -9.15,0.01 0.03,9.69 -1.78,1.18 -4.17,0.03 -1.28,-2.4 -2.45,-1.24 -19.18,0.12 z"
         id="Lawrence" />
      <path
         style="fill:#d75d5d"
         inkscape:connector-curvature="0"
         d="m 509.71,591.46 28.72,-0.24 14.42,-0.23 0.47,28.97 0.61,42.91 0.94,0.06 0.18,14.48 -7.21,0.01 -36.05,0.58 -0.22,-14.95 -1.11,0.01 -0.34,-40.56 z"
         id="Perry" />
      <path
         style="fill:#d75d5d"
         inkscape:connector-curvature="0"
         d="m 482.93,403.04 0.7,-0.01 9.52,-0.17 46.9,-0.56 -0.11,3.07 0.76,45.51 0.22,9.69 -57.46,0.77 z"
         id="Newton" />
      <path
         style="fill:#d72f30"
         inkscape:connector-curvature="0"
         d="m 483.18,721.57 0.17,24.17 0.3,21.21 -1.76,0.69 -1.7,2.61 4.72,2.47 1.49,3.05 -1.07,2.72 -5.11,3.02 -2.56,2.84 -5.09,2.27 -0.74,1.48 0.58,2.63 -3.99,4.54 0.66,2.36 -1.6,1.12 -1.83,-2.09 -2.66,0.46 -1.52,1.61 -3.66,-0.22 -1.52,-1.94 -1.95,0.3 -3.32,2.13 -1.53,-0.96 -2.97,-4.92 -2.28,-1.87 0.11,-3.28 -2.26,-1.56 0.03,-3.76 -2.3,-1.9 1.06,-2.65 1.95,-1.16 -0.53,-4.13 -3.95,-2.82 -0.73,-2.43 -3.11,-5.7 0.73,-1.35 -1.66,-7.46 6.13,0.02 -0.06,-7.23 7.35,-0.01 -0.03,-2.41 7.34,-0.01 -0.11,-21.72 z"
         id="Hancock" />
      <path
         style="fill:#7996e2"
         inkscape:connector-curvature="0"
         d="m 424.33,3.91 29.01,-0.13 10.37,0.08 11.2,-0.17 0.24,24.73 7.29,-0.07 0.57,43.21 7.2,-0.13 0.09,14.47 -2.5,-1.59 -3.06,-0.46 -0.86,-1.21 -5.48,-1.39 -4.68,-0.16 -0.39,1.19 -5.03,-1.18 -2.45,1.16 -4.29,-2.17 -2.9,-3.53 -20.52,-0.01 -5.72,0.15 -0.25,-21.68 -7.26,0.06 -0.24,-14.34 z"
         id="Marshall" />
      <path
         style="fill:#d75d5d"
         inkscape:connector-curvature="0"
         d="m 520.58,3.03 26.41,-0.41 0.28,22.56 9.62,-0.17 0.25,16.82 4.71,-0.04 0.18,13.47 0.35,13.02 -2.42,0.03 -21.62,0.22 h -19.3 l -7.36,0.17 -0.39,-35.86 7.19,-0.09 -0.05,-7.18 2.39,-0.03 z"
         id="Tippah" />
      <path
         style="fill:#e27f7f"
         inkscape:connector-curvature="0"
         d="m 537.62,526.63 4.64,-0.41 20.73,-1.82 19.85,-3.81 20.94,-6.4 1.8,32.35 0.92,12.58 1.93,30.66 -13.08,0.22 -10.14,0.44 -32.36,0.55 -14.42,0.23 -0.26,-30.03 z"
         id="Wayne" />
      <path
         style="fill:#e27f7f"
         inkscape:connector-curvature="0"
         d="m 548.29,106.79 -0.09,-4.82 4.85,-0.04 -0.21,-16.72 7.22,-0.07 -0.01,-2.36 26.66,-0.49 0.08,7.26 0.36,21.03 -0.33,0.48 0.31,16.72 0.59,23.94 -24.14,0.35 0.01,2.45 -14.53,0.15 -0.6,-32.52 z"
         id="Lee" />
      <path
         style="fill:#d75d5d"
         inkscape:connector-curvature="0"
         d="m 482.84,344.37 3.72,-0.11 38.31,-0.3 0.02,0.81 7.3,-0.12 0.03,1.23 4.84,-0.08 2.23,-1.25 0.33,33.07 0.43,24.68 -46.9,0.56 -9.52,0.17 z"
         id="Neshoba" />
      <path
         style="fill:#e27f7f"
         inkscape:connector-curvature="0"
         d="m 563.59,154.52 -0.01,-2.45 24.14,-0.35 46.73,-0.49 -0.76,9.5 -4.31,47.07 -9.53,0.19 -1.41,0.84 0.32,2.37 -2.34,3.29 -3.67,3.41 -1.87,-1.21 -2.02,0.52 -1.03,2.85 -3.71,0.96 -6.86,0.49 -2.88,1.24 -1.33,1.4 1.61,-2.67 0.22,-2.28 -30.36,0.46 -0.39,-21.66 -0.59,-37.05 z"
         id="Monroe" />
      <path
         style="fill:#e27f7f"
         inkscape:connector-curvature="0"
         d="m 351.8,606.19 h 2.34 l 19.18,-0.12 2.45,1.24 1.28,2.4 4.17,-0.03 1.78,-1.18 0.05,16.86 1.21,-0.01 0.02,9.61 3.67,0.01 0.05,7.15 9.63,-0.14 v 3.6 l 1.24,-0.01 0.02,3.63 1.22,2.39 12.11,-0.09 0.04,12.04 -12.41,0.15 -47.9,0.23 -0.16,-28.91 z"
         id="Walthall" />
      <path
         style="fill:#e27f7f"
         inkscape:connector-curvature="0"
         d="m 474.91,3.69 18.41,-0.29 8.25,0.04 19.01,-0.41 0.24,22.51 -2.39,0.03 0.05,7.18 -7.19,0.09 0.39,35.86 -21.49,0.36 0.02,2.37 -7.2,0.13 -0.57,-43.21 -7.29,0.07 z"
         id="Benton" />
      <path
         style="fill:#6674de"
         inkscape:connector-curvature="0"
         d="m 392.11,538.18 30.99,-2.28 0.07,27.24 2.9,-0.12 2.58,3.53 6.25,3.96 5.12,0.94 2.94,2.66 1.89,0.61 0.8,3.64 1.49,0.53 0.1,13.17 -9.55,0.05 -24.09,0.08 0.16,7.28 h -19.23 l -0.09,-21.79 h -2.41 l 0.1,-17.01 z"
         id="Jefferson-Davis" />
      <path
         style="fill:#a5b0ff"
         inkscape:connector-curvature="0"
         d="m 396.68,141.33 28.88,-0.01 0.02,-4.8 13.75,0.11 15.33,-0.05 v 4.77 l 0.18,15.06 0.33,8.32 0.21,25.29 -36.1,0.26 -0.06,-4.92 -21.62,-0.03 0.06,-12.03 -0.2,-2.37 0.06,-25.68 -0.86,-0.62 z"
         id="Yalobusha" />
      <path
         style="fill:#7996e2"
         inkscape:connector-curvature="0"
         d="m 368.6,214.53 0.02,-14.48 2.51,-0.18 19.19,0.07 0.13,-2.36 7.17,-0.01 -0.02,-12.24 21.62,0.03 0.06,4.92 36.1,-0.26 0.22,24.06 0.1,7.3 -38.71,0.4 -26.58,0.2 -20.55,-0.07 -1.27,0.01 z"
         id="Grenada" />
      <path
         style="fill:#e27f7f"
         inkscape:connector-curvature="0"
         d="m 540.05,402.3 22.55,-0.29 1.59,-0.16 49.45,-0.9 -1.71,21.24 -1.18,12.55 -2.02,24.21 -40.49,1.07 -27.32,0.55 -0.22,-9.69 -0.76,-45.51 z"
         id="Lauderdale" />
      <path
         style="fill:#a5b0ff"
         inkscape:connector-curvature="0"
         d="m 466.41,591.87 7.43,-0.07 35.87,-0.34 0.41,31.04 0.34,40.56 1.11,-0.01 0.22,14.95 -28.9,0.28 -0.12,-15.05 -1.19,-1.53 -0.2,-20.69 v -17.17 l -0.14,-17.68 -14.64,0.18 z"
         id="Forrest" />
      <path
         inkscape:connector-curvature="0"
         style="fill:#584cde"
         d="m 255.73,148.48 24.08,0.02 2.31,0.21 14.48,0.16 -0.19,21.69 h 0.46 l -0.43,43.6 0.01,17.74 -14.5,-0.04 -0.07,14.33 -15.45,-0.06 -1.29,-0.19 -46.29,-0.14 -2.16,-4.89 1.32,-1.5 7.43,0.01 1.84,-0.82 2.98,-2.76 1.16,-3.01 -1.19,-3.05 -3.1,-2.67 -3.1,-1.78 -4.1,-0.6 -2.3,-2.38 -0.11,-2.17 2.68,-2.62 5.5,-0.3 1.46,-0.67 3.69,4.95 5.79,3.19 2.11,-0.22 5.44,-1.97 0.82,-1.33 -2.25,-4.56 -1.79,-1.37 -4.06,1.26 -3.81,0.32 -1.22,-0.66 -3.09,-3.69 1.14,-4.74 -0.14,-2.27 1.11,-1.49 3.52,1.88 7.61,-1.03 3.78,2.26 3.4,-0.61 1.4,-1.35 -0.05,-2.61 -1.94,-1.57 -3.6,-0.98 -2.35,-1.37 -2.88,-4.87 0.09,-4.52 4.88,-4.18 3,-4.12 0.4,-1.37 -1.77,-1.93 -7.62,-1.84 -1.53,-1.74 -0.07,-4.45 1.01,-2.88 2.16,0.53 2.58,2.19 4.11,-1.72 2.56,6.1 1.84,0.98 2.18,-0.2 1.3,-2.98 -2.34,-2.86 -1.28,-3.65 4.13,-1.22 5.32,0.92 3.21,-0.62 1.39,-2.3 v -3.2 l 2.12,-3.72 -0.75,-1.95 -2.32,-0.82 -3.82,0.69 -3.62,-2.67 z"
         id="Bolivar" />
      <path
         style="fill:#d75d5d"
         inkscape:connector-curvature="0"
         d="m 473.41,257.12 2.52,-2.12 2.95,0.52 2.97,-4.45 3.69,-1.91 2.95,-0.58 1.4,-1.25 2.15,0.37 8.98,-2.84 12.81,-0.21 0.51,40.84 -2.86,0.04 0.17,14.52 -14.53,0.25 0.08,14.56 -14.46,0.23 -0.08,-29.18 -19.08,0.1 -0.24,-24.32 1.06,-1.1 3.06,1.34 1.8,-0.8 0.18,-1.7 z"
         id="Choctaw" />
      <path
         style="fill:#d75d5d"
         inkscape:connector-curvature="0"
         d="m 540.92,460.57 27.32,-0.55 40.49,-1.07 -0.89,9.2 -4.06,46.04 -20.94,6.4 -19.85,3.81 -20.73,1.82 -0.98,-43.13 z"
         id="Clarke" />
      <path
         style="fill:#d75d5d"
         inkscape:connector-curvature="0"
         d="m 473.04,531.89 11.94,-0.97 28.68,-2.28 23.96,-2.01 0.55,34.56 0.26,30.03 -28.72,0.24 -35.87,0.34 z"
         id="Jones" />
      <path
         style="fill:#d72f30"
         inkscape:connector-curvature="0"
         d="m 552.85,590.99 32.36,-0.55 10.14,-0.44 13.08,-0.22 2.04,31.18 2.6,41.03 -16.08,0.29 -12.29,0.09 -18.29,0.49 -11.54,0.07 -0.94,-0.06 -0.61,-42.91 z"
         id="Greene" />
      <path
         style="fill:#584cde"
         inkscape:connector-curvature="0"
         d="m 260.52,332.26 0.06,-14.82 7.48,0.4 22.11,-0.08 6.09,-0.01 0.11,28.74 -6.98,7.14 -7.45,7.13 0.02,3.46 2.57,0.95 2.47,-1.6 3.24,0.95 -2,2.21 0.93,3.64 2.5,1.97 -0.47,1.91 -3.44,1.03 -1.66,-1.53 -1.84,4.62 1.21,1.74 2.81,1.89 2.86,0.14 4.03,2.89 -0.14,2.41 -2.64,1.77 -1.49,-1.22 -0.61,-3 -3.35,4.47 -33.8,-0.27 -0.03,-5.07 0.41,-23.91 3.26,-3.91 v -3.84 l 1.25,-2.5 2.47,-7.21 z"
         id="Sharkey" />
      <path
         style="fill:#e27f7f"
         inkscape:connector-curvature="0"
         d="m 298.9,606.3 12.07,-0.02 -0.07,20.84 0.04,36.93 -26.6,0.01 -22.82,-0.17 -23.56,-0.02 0.29,-16.03 -0.07,-4.81 0.2,-25.89 -2.9,-1.16 -1.1,-4.74 -1.06,-0.58 1.26,-0.93 8.27,-1.43 1.48,-1.95 2.06,1.6 2.25,0.18 0.66,-1.94 37.47,0.01 z"
         id="Amite" />
      <path
         style="fill:#e27f7f"
         inkscape:connector-curvature="0"
         d="m 369.86,221.91 20.55,0.07 26.58,-0.2 0.21,9.9 0.25,33.12 9.61,-0.13 0.05,2.42 9.61,-0.13 0.27,19.32 -7.81,0.08 -1.77,4.51 -4.25,4.97 -0.57,2.27 -19.5,-6.27 -39.61,-13.16 -0.04,-13.82 5.12,0.09 0.01,-7.05 5.02,0.02 -0.13,-23.93 -0.96,-4.24 0.92,-3.79 -2.17,-1.56 z"
         id="Carroll" />
      <path
         style="fill:#7996e2"
         inkscape:connector-curvature="0"
         d="m 359.88,76.98 35.76,0.03 29.54,-0.25 0.16,17.07 -0.15,4.74 0.27,13.21 0.2,0.7 -0.08,24.04 -0.02,4.8 -28.88,0.01 -3.72,0.8 -24.31,-0.02 0.1,-17.43 -8.19,-5.9 -0.5,-6.42 0.11,-14.13 -0.27,-14.09 z"
         id="Panola" />
      <path
         style="fill:#e27f7f"
         inkscape:connector-curvature="0"
         d="m 425.18,76.76 7.24,-0.06 5.72,-0.15 20.52,0.01 2.9,3.53 4.29,2.17 2.45,-1.16 5.03,1.18 0.39,-1.19 4.68,0.16 5.48,1.39 0.86,1.21 3.06,0.46 2.5,1.59 0.18,19.22 0.5,36.04 -36.32,0.19 v -4.77 l -15.33,0.05 -13.75,-0.11 0.08,-24.04 -0.2,-0.7 -0.27,-13.21 0.15,-4.74 z"
         id="Lafayette" />
      <path
         style="fill:#d75d5d"
         inkscape:connector-curvature="0"
         d="m 394.53,599.47 h 19.23 l -0.16,-7.28 24.09,-0.08 0.22,24.88 0.25,46.34 -10.55,0.09 -15.35,0.12 -0.04,-12.04 -12.11,0.09 -1.22,-2.39 -0.02,-3.63 -1.24,0.01 v -3.6 l -9.63,0.14 -0.05,-7.15 -3.67,-0.01 -0.02,-9.61 -1.21,0.01 -0.05,-16.86 -0.03,-9.69 9.15,-0.01 z"
         id="Marion" />
      <path
         style="fill:#d75d5d"
         inkscape:connector-curvature="0"
         d="m 426.17,462 4.05,-0.3 45.88,-0.24 7.36,-0.12 0.43,36.88 0.32,18.99 0.58,1.78 0.19,11.93 -11.94,0.97 -35.53,2.94 -0.22,-0.51 -0.22,-37.97 -1.12,-5.54 -9.57,0.09 -0.23,-14.4 z"
         id="Smith" />
      <path
         style="fill:#d75d5d"
         inkscape:connector-curvature="0"
         d="m 559.96,68.31 2.42,-0.03 -0.35,-13.02 -0.18,-13.47 17.96,-0.18 30.24,-0.48 2.34,-0.01 0.05,2.39 2.41,-0.02 0.51,26.49 0.6,19.3 -15.94,0.03 -13.23,0.24 -0.08,-7.26 -26.66,0.49 z"
         id="Prentiss" />
      <path
         style="fill:#7996e2"
         inkscape:connector-curvature="0"
         d="m 483.46,461.34 57.46,-0.77 0.36,22.52 0.98,43.13 -4.64,0.41 -23.96,2.01 -28.68,2.28 -0.19,-11.93 -0.58,-1.78 -0.32,-18.99 z"
         id="Jasper" />
      <path
         style="fill:#d72f30"
         inkscape:connector-curvature="0"
         d="M 609.53,1.46 631.79,1 l 3.37,5.4 3.08,6.57 2.49,2.39 5.35,2.43 -2.19,27.81 -1.8,16.84 -2.44,26.41 -23.69,0.43 -0.6,-19.3 -0.51,-26.49 -2.41,0.02 -0.05,-2.39 -2.34,0.01 -0.33,-16.32 z"
         id="Tishomingo" />
      <path
         style="fill:#d75d5d"
         inkscape:connector-curvature="0"
         d="m 284.43,548.59 24.67,0.1 16.25,-0.13 4.67,-0.19 0.08,2.51 4.84,0.01 -0.1,-2.48 14.15,0.06 2.96,-0.67 1.95,-2.25 0.24,60.64 h -2.34 l -27.57,0.13 -13.26,-0.04 -12.07,0.02 0.08,-6.11 0.05,-37.17 H 284.3 Z"
         id="Lincoln" />
      <path
         style="fill:#d75d5d"
         inkscape:connector-curvature="0"
         d="m 565.76,787.49 5.37,-0.64 2.06,-1.12 5.47,1.56 3.37,1.45 8.7,1.25 -0.58,0.74 -7.55,-1.21 -1.85,0.08 -7.08,-2.35 -5.42,0.88 z m -17.47,-81.14 7.2,0.13 51.99,-0.89 8.21,-0.25 1.75,31.45 1.78,28.98 -0.81,4.15 -5.12,-2.13 -1.72,0.81 0.34,2.54 -1,1.34 -3.75,1.93 -3.44,-0.23 -0.34,-1.2 -2.99,-2.44 -7.54,-0.17 -0.42,-2.01 -1.54,-0.78 -2.55,1.06 -1.11,-2.88 -2.77,2.15 -3.74,-0.32 -5.23,3.12 -4.06,0.23 -2.6,-0.79 -9.17,-7.65 -4.49,-2.4 -2.4,-3.37 -1.85,1.8 -1.76,0.13 -0.75,-42.68 z"
         id="Jackson" />
      <path
         style="fill:#e27f7f"
         inkscape:connector-curvature="0"
         d="m 425.8,393.93 0.08,9.41 13.72,0.06 43.33,-0.36 0.53,58.3 -7.36,0.12 -45.88,0.24 -4.05,0.3 -0.07,-21.58 -6.22,-31.39 -1.57,-7.24 3.47,-4.42 z"
         id="Scott" />
      <path
         style="fill:#3933e5"
         inkscape:connector-curvature="0"
         d="m 552.56,284.91 19.99,-0.38 15.61,-0.28 15.74,-0.5 19.3,-0.35 -3.01,35.62 -1.9,23.85 -41.88,1.09 -22.95,0.5 -0.52,-26.97 z"
         id="Noxubee" />
      <path
         style="fill:#584cde"
         inkscape:connector-curvature="0"
         d="m 281.88,246.19 0.07,-14.33 14.5,0.04 -0.01,-17.74 0.43,-43.6 28.37,0.37 0.1,2.44 -0.22,26.36 0.02,16.97 -0.19,18.35 -0.14,44.28 -14.2,0.02 0.02,9.69 -22.36,0.02 -6.6,-0.08 0.02,-28.96 0.56,-0.01 -0.06,-13.81 z"
         id="Sunflower" />
      <path
         style="fill:#3933e5"
         inkscape:connector-curvature="0"
         d="m 212.41,519.86 21.34,0.88 11.72,0.68 24.19,5.97 0.22,3.67 -1.75,3.11 16.43,-0.05 -0.13,14.47 -0.13,14.43 -19.48,0.04 -39.44,-0.2 0.03,-3.37 -11.24,0.09 -2.52,-2.34 -2.55,-0.65 0.35,-2.74 -4.39,-1.51 0.92,-3.1 -2.1,-3.23 -1.49,-6.41 5.97,0.76 1.73,-1.47 0.07,-2.06 -3.24,-0.87 -5.66,1.69 -4.13,0.53 -1.45,-0.6 0.91,-6.22 2.01,-7.17 2.53,-1.94 4.88,-0.85 0.52,5.21 1.76,2.87 2.07,0.35 2.09,-2.12 0.26,-1.79 -2.94,-3 -0.13,-1.9 z"
         id="Jefferson" />
      <path
         style="fill:#e27f7f"
         inkscape:connector-curvature="0"
         d="m 355.95,490.69 h 41.27 l 7.77,0.24 21.39,-0.03 9.57,-0.09 1.12,5.54 0.22,37.97 0.22,0.51 -14.41,1.07 -30.99,2.28 -20.89,1.54 -0.91,-2.56 2.32,-0.25 0.21,-3.23 -4.2,-0.01 -1.41,-1.74 2.07,-3.15 -2.86,-3.63 2.44,-1.18 0.9,-1.46 -1.87,-5.93 -3.47,-1.91 0.27,-4.31 -1.47,-2 -1.85,-0.23 -0.73,-3.47 -1.41,-2.07 0.12,-1.71 -2.37,-0.19 -3.52,-6.99 z"
         id="Simpson" />
      <path
         style="fill:#e27f7f"
         inkscape:connector-curvature="0"
         d="m 225.38,562.86 39.44,0.2 19.48,-0.04 h 14.73 l -0.05,37.17 -0.08,6.11 -12.13,-0.1 -37.47,-0.01 -0.66,1.94 -2.25,-0.18 -2.06,-1.6 -1.48,1.95 -8.27,1.43 -1.26,0.93 -2.29,0.15 -3.3,-1.91 -1.63,-2.71 -1.65,0.16 0.22,-3.63 0.46,-29.65 z"
         id="Franklin" />
      <path
         style="fill:#ffb2b2"
         inkscape:connector-curvature="0"
         d="m 416.99,221.78 38.71,-0.4 0.34,35.98 17.37,-0.24 -3.97,2.31 -0.18,1.7 -1.8,0.8 -3.06,-1.34 -1.06,1.1 0.24,24.32 -26.59,0.27 -0.27,-19.32 -9.61,0.13 -0.05,-2.42 -9.61,0.13 -0.25,-33.12 z"
         id="Montgomery" />
      <path
         style="fill:#7996e2"
         inkscape:connector-curvature="0"
         d="m 513.83,244.65 -0.03,-4.76 9.64,-0.13 4.76,-0.42 34.8,-0.65 2.43,0.95 2.84,-1.02 3.21,-0.05 0.19,9.74 0.88,36.22 -19.99,0.38 -38.22,0.58 z"
         id="Oktibbeha" />
    </g>
  </g>
</svg>