<svg
   width="810"
   height="473"
   viewBox="0 0 810 473"
   stroke-linecap="round"
   stroke-linejoin="round"
   xmlns:inkscape="http://www.inkscape.org/namespaces/inkscape"
   xmlns:sodipodi="http://sodipodi.sourceforge.net/DTD/sodipodi-0.dtd"
   xmlns="http://www.w3.org/2000/svg"
   xmlns:svg="http://www.w3.org/2000/svg"
   xmlns:rdf="http://www.w3.org/1999/02/22-rdf-syntax-ns#"
   xmlns:cc="http://creativecommons.org/ns#"
   xmlns:dc="http://purl.org/dc/elements/1.1/">
  <metadata
     id="metadata5298">
    <rdf:RDF>
      <cc:Work
         rdf:about="">
        <dc:format>image/svg+xml</dc:format>
        <dc:type
           rdf:resource="http://purl.org/dc/dcmitype/StillImage" />
      </cc:Work>
    </rdf:RDF>
  </metadata>
  <defs
     id="defs5296" />
  <sodipodi:namedview
     pagecolor="#ffffff"
     bordercolor="#666666"
     borderopacity="1"
     objecttolerance="10"
     gridtolerance="10"
     guidetolerance="10"
     inkscape:pageopacity="0"
     inkscape:pageshadow="2"
     inkscape:window-width="1920"
     inkscape:window-height="970"
     id="namedview5294"
     showgrid="false"
     inkscape:zoom="1"
     inkscape:cx="404.5"
     inkscape:cy="236"
     inkscape:window-x="-12"
     inkscape:window-y="-12"
     inkscape:window-maximized="1"
     inkscape:current-layer="Montana"
     inkscape:showpageshadow="2"
     inkscape:pagecheckerboard="0"
     inkscape:deskcolor="#d1d1d1" />
  <g
     transform="translate(5,5)"
     stroke="white"
     stroke-width="1"
     style="fill:#0d0596;fill-opacity:1">
    <path
       d="M 404.78 388.71 412.35 388.73 412.37 379.64 417.78 379.65 417.77 375.46 419.17 375.46 419.17 372.65 420.57 372.66 420.97 369.86 423.76 368.46 423.76 367.06 426.56 364.26 429.36 364.26 430.73 361.46 434.94 361.45 434.94 360.05 446.12 360 446.12 354.34 450.41 354.33 450.37 348.17 454.43 348.49 460.55 345.25 463.55 346.54 466.43 346.55 469.7 345.7 472.74 343.34 473.83 345.22 472.47 347.95 472.54 351.38 475.32 351.37 475.38 354.17 479.52 354.15 479.66 359.8 483.25 359.77 480.77 362.78 480.58 366.77 479.67 370.93 479.8 383.6 520.85 382.75 518.26 384.33 517.27 387.75 515.76 388.86 516.09 391.32 514.83 394.53 512.74 396.63 510.79 401.17 510.86 404.24 453.76 404.88 452.36 404.28 418.46 404.63 404.73 404.66 404.78 388.71 Z"
       id="Carbon"
       fill="#b3c4db"
       style="fill:#d75d5d;fill-opacity:1.0" />
    <path
       d="M 282.43 218.13 290.29 218.34 290.5 209.93 307.28 210.29 307.31 209.26 315.68 209.44 315.82 202.05 320.94 202.18 321.13 206.31 319.39 207.79 321.35 210.15 326.36 210.3 331.8 212.74 335.33 216.16 335.41 218.42 338.83 220.49 341.75 221.05 342.27 224.64 344.06 226.59 345.95 226.27 347.06 228.07 348.79 228.21 348.98 230.35 350.85 233.2 354.63 233.34 354.54 236.48 357.16 239.03 359.89 240.16 361.76 242.3 367.04 241.07 370.26 242.75 373.83 239.44 373.64 260.75 373.08 260.75 372.78 286.75 372.75 290.25 364.21 290.16 364.22 289.41 339.11 289 320.47 288.65 320.54 285.95 319.49 283.27 316.28 280.81 316.95 276.59 320.05 271.52 321.19 268.83 318.53 265.43 315.13 263.62 312.51 265.52 309.85 265.64 308.63 264.7 308.28 259.76 305.81 256.01 302.69 254.82 304 251.91 303.11 248.25 303.47 245.73 298.09 244.89 297.92 241.63 296.1 240 295.42 234.98 292.64 232.98 292.84 230.3 290.47 228.88 285.79 228.22 283.06 224.92 283.35 222.8 286.03 220.36 282.43 218.13 Z"
       id="Meagher"
       fill="#b8e0da"
       style="fill:#d72f30;fill-opacity:1.0" />
    <path
       d="M 199.19 114.56 199.77 118.67 201.04 119.38 201.49 122.67 202.5 123.77 203.29 127.09 202.15 133.29 203.63 136.58 202.7 139.54 206.13 146.23 208.59 148.46 211.64 149.45 214.22 147.77 219.83 147.65 221.88 146.3 224.22 146.63 225.99 144.86 229.75 148.74 233.93 149.87 235.53 153.6 237.41 155.51 240.88 155.96 243.47 159.67 245.3 159.3 248.19 160.16 252.09 158.9 253.75 159.79 258.55 159.18 257.73 190.4 262.14 191.39 264.34 195.36 268.72 196.93 274.36 197.08 273.69 217.85 282.43 218.13 286.03 220.36 283.35 222.8 283.06 224.92 285.79 228.22 290.47 228.88 292.84 230.3 292.64 232.98 291.92 233.25 286.79 230.96 285.24 231.79 283.21 235.08 282.76 250.12 283.26 251.34 272.87 251.09 256.81 250.66 256.44 253.13 252.95 255.57 249.82 255.14 246.3 256.85 245.13 258.3 246.47 259.77 245.92 261.7 240.26 264.97 237.58 264.27 238.08 261.49 238.17 255.67 239.08 253.7 237.71 249.42 239.37 246.56 237.71 241.59 231.75 241.36 231.89 237.16 223.61 236.85 224.1 223.85 206.89 223.4 208.28 190.07 191.6 189.33 190.98 189.07 192.32 159.25 190.16 159.92 188.71 158.91 188.27 156.44 188.86 151.17 187.24 148.67 188.57 142.4 187.47 140.85 186.4 136.62 188.33 134.19 192.05 133.96 193.67 128.41 193.8 120.92 191.95 119.82 192.43 117.71 196.65 117.04 199.19 114.56 Z"
       id="Lewis-and-Clark"
       fill="#b1e486"
       style="fill:#e27f7f;fill-opacity:1.0" />
    <path
       d="M 502.72 154.77 504.73 155.13 510.12 154.07 511.51 154.98 514.19 153.74 517.96 153.71 522.31 154.66 523.88 153.9 525.71 155.7 527.7 155.74 528.57 160.41 529.97 161.39 529.29 163.54 529.37 167.14 529.43 171.89 525.96 176.55 526.01 178.98 527.3 179.79 526.29 182.61 526.85 184.31 525.85 186.62 527.86 189.72 528.02 196.66 527.03 199.08 528.41 201.28 530.15 207.59 531.9 212.11 530.46 213.26 528.36 220.87 528.8 222.9 531.66 225.01 532.7 225.59 535.1 229.53 536.13 234.13 523.93 234.53 507.34 234.82 499.55 235.39 482.81 235.62 482.77 227.18 484.07 227.17 483.92 201.92 475.49 202 475.46 193.77 476.57 193.77 476.49 185.37 484.91 185.3 484.89 181.78 501.57 181.42 502.95 180.71 502.64 159.85 502.72 154.77 Z"
       id="Petroleum"
       fill="#cbdc93"
       style="fill:#c21b18;fill-opacity:1.0" />
    <path
       d="M 198.01 97.37 210.16 97.7 252.08 99.54 251.94 103.75 260.33 104.08 260.17 108.3 264.33 108.45 264.14 114.07 277.81 114.5 301.46 114.87 300.76 142.78 283.97 142.38 283.75 150.73 267.02 150.24 266.69 160.5 261.69 160.12 258.55 159.18 253.75 159.79 252.09 158.9 248.19 160.16 245.3 159.3 243.47 159.67 240.88 155.96 237.41 155.51 235.53 153.6 233.93 149.87 229.75 148.74 225.99 144.86 224.22 146.63 221.88 146.3 219.83 147.65 214.22 147.77 211.64 149.45 208.59 148.46 206.13 146.23 202.7 139.54 203.63 136.58 202.15 133.29 203.29 127.09 202.5 123.77 201.49 122.67 201.04 119.38 199.77 118.67 199.19 114.56 201.3 115.53 203.83 115.49 205.79 111.8 205.17 108.52 202.71 106.86 202.69 104.36 199.9 103 198.92 97.44 198.01 97.37 Z"
       id="Teton"
       fill="#e4c9a0"
       style="fill:#d72f30;fill-opacity:1.0" />
    <path
       d="M 662.06 55.1 685.93 53.94 715.28 52.32 729.09 51.51 729.59 59.86 737.92 59.37 738.44 67.76 775.73 65.3 778.55 103.19 774.98 103.06 772.42 97.91 770.33 99.95 765.27 100.72 762.27 98.99 758.23 99.48 757.64 97.58 752.12 95.39 750.89 93.09 747.61 94.24 745.39 92.77 742.93 94.75 742.08 92.18 740.07 92.82 740.21 94.51 736.68 95.56 735.54 94.13 732.37 95.04 731.44 93.65 727.49 94.61 725.49 94.14 722.83 91.83 720.91 93.33 720.15 97.28 717.85 98.51 715.82 98.54 713.94 100.77 712.57 99.47 710.85 100.86 708.94 99.61 707.09 100.23 705.04 99.49 703.74 101.04 702.2 101.36 701.4 98.97 695.73 100.27 694.78 99 686.8 99.72 683.98 99.06 681.39 102.24 679.5 100.68 677.79 100.93 673.3 103.55 671.49 103.97 669.89 106.14 668 106.87 665.89 105.31 664.79 107 662.02 108.61 661.09 88.46 663.62 88.34 662.06 55.1 Z"
       id="Roosevelt"
       fill="#94bbeb"
       style="fill:#e27f7f;fill-opacity:1.0" />
    <path
       d="M 2.94 76.58 4.93 77.71 4.44 79.58 5.04 82.23 8.31 83.53 9.89 80.27 11.71 80.56 13.5 78.77 19 77.25 21.13 73.91 22.97 73.76 25.01 75.25 27.1 79.49 25.35 82.16 28.26 86.59 28.79 91.04 28.37 92.36 31.37 97.72 33.27 99 33.95 101.98 32.48 105.51 34.35 108.88 38.55 108.1 43.65 110.05 47.78 108.68 50 111.88 52.3 109.66 53.78 110.41 56.85 108.33 57.55 104.53 60.06 103.51 59.12 100.2 68.41 100.87 69.69 102.36 68.81 114.92 77.14 115.22 93.77 116.35 93.24 124.61 92.94 128.8 94.27 128.89 93.41 142.84 108.62 143.76 109.6 148.41 107.46 149.59 107.99 153.93 111.52 154.33 111.49 157.46 109.4 156.88 108.14 159.77 107.18 164.22 108.93 166.73 111.2 167.76 116.8 168.11 115.79 184.87 116.84 184.93 116.58 189.15 112.05 190.56 109.58 189.7 105.75 186.32 105.9 183.56 104.12 183.56 101.45 181.26 99.58 181.33 97.09 180 92.55 176.38 88.19 174.76 84.57 173.95 83.03 175.75 77.33 173.99 74.37 173.79 74.55 170.99 70.38 170.7 70.48 169.3 66.36 169 66.77 163.08 66.06 160.83 61.81 159.31 59.36 157.42 57.13 157.95 54.96 155.1 47.09 150.73 45.45 152.09 39.27 150.34 36.08 151.9 30.9 150.45 28.43 150.86 24.34 149.71 20.7 148.9 19.37 145.08 16.78 142.04 21.41 138.24 21.23 135.49 18.73 132.29 19.93 128.51 16.21 124.8 15.14 121.97 13.74 122.43 12.53 119.15 12.92 116.3 10.8 112.79 8.44 111.82 5.88 106.42 4.78 105.81 2.18 100.13 1 99.62 2.94 76.58 Z"
       id="Sanders"
       fill="#d8e9e9"
       style="fill:#d72f30;fill-opacity:1.0" />
    <path
       d="M 209.34 340.16 218.84 334.8 220.68 332.61 221.41 328.86 223.5 327.75 225.01 329.39 243.38 329.49 244.83 329.39 247.08 327.37 248.83 324.09 248.54 321.39 250.56 320.01 255.03 319.22 257.61 320.49 261.49 319.72 262.77 322.44 265.07 323.47 267.05 323.21 269.53 325.51 275.09 328.17 275.02 330.98 279.21 331.09 283.24 335.4 284.56 338.25 287.33 339.67 287.3 341.08 299.81 341.42 299.24 369.56 297.67 369.53 296.72 411.9 296.35 411.89 296.01 427.41 294.52 429.99 289.18 431.36 268.1 430.76 268.3 423.78 248.73 422.94 248.88 418.84 241.91 418.53 242.2 410.24 240.58 410.17 240.83 401.7 231.04 401.35 231.37 392.86 222.97 392.54 223.84 367.31 223.57 363.05 220.95 358.2 218.66 357.77 216.03 359.28 214.45 359.2 208.41 353.27 208.75 351.5 207.77 348.95 209.13 345.5 209.34 340.16 Z"
       id="Madison"
       fill="#cdec98"
       style="fill:#d72f30;fill-opacity:1.0" />
    <path
       d="M 505.52 17.89 556.08 16.83 572.68 16.31 572.93 24.74 571.26 24.79 572.22 58.08 573.09 58.06 573.26 63.73 569.05 63.33 569.15 66.59 566.34 66.68 566.61 75.03 569.24 74.99 569.48 83.62 562.47 83.78 562.67 92.16 560.42 92.22 561.31 125.82 560.68 125.84 561.11 143.11 560.87 145.96 558.9 149.89 555.77 149.79 554.32 148 549.52 147.46 546.14 149.5 543.01 149.54 540.68 155.19 537.27 157.18 534.87 157.9 532.1 161.08 532.34 166.56 529.37 167.14 529.29 163.54 529.97 161.39 528.57 160.41 527.7 155.74 525.71 155.7 523.88 153.9 522.31 154.66 517.96 153.71 514.19 153.74 511.51 154.98 510.12 154.07 504.73 155.13 502.72 154.77 501.87 156.03 496.99 153.74 494.45 153.07 489.88 153.25 487.96 152.05 485.75 152.5 483.22 151.1 479.28 151.6 475.56 148.71 472.71 149.16 471.51 147.49 471.87 145.63 469.41 143.05 464.85 140.64 464.75 127.48 464.89 122.45 478.95 122.26 481.94 122.51 482.05 118.95 483.03 115.67 485.51 116.59 494.31 116.93 493.99 93.45 495.45 93.43 495.15 71.65 499.36 73.73 499.16 59.66 500.9 59.63 500.64 42.84 504.45 42.78 504.19 26.22 505.66 26.2 505.52 17.89 Z"
       id="Phillips"
       fill="#d5bca5"
       style="fill:#c21b18;fill-opacity:1.0" />
    <path
       d="M 702.6 127.82 702.2 120.33 704.77 120.19 703.74 101.04 705.04 99.49 707.09 100.23 708.94 99.61 710.85 100.86 712.57 99.47 713.94 100.77 715.82 98.54 717.85 98.51 720.15 97.28 720.91 93.33 722.83 91.83 725.49 94.14 727.49 94.61 731.44 93.65 732.37 95.04 735.54 94.13 736.68 95.56 740.21 94.51 740.07 92.82 742.08 92.18 742.93 94.75 745.39 92.77 747.61 94.24 750.89 93.09 752.12 95.39 757.64 97.58 758.23 99.48 762.27 98.99 765.27 100.72 770.33 99.95 772.42 97.91 774.98 103.06 778.55 103.19 779.61 116.08 782.52 160.93 776.86 161.29 777.12 165.48 758.23 166.69 752.15 167.06 751.09 150.21 745.8 150.56 745.3 142.17 720.22 143.68 719.76 135.29 703.04 136.2 702.6 127.82 Z"
       id="Richland"
       fill="#dbe5d2"
       style="fill:#c21b18;fill-opacity:1.0" />
    <path
       d="M 378.42 171.28 381.23 171.28 386.02 168.97 390.43 165.3 393.11 165.41 396.74 162.24 400.99 160.8 402.65 158.66 402.08 155.09 403.55 149.02 403.09 143.42 403.7 142.53 410.6 143.87 414.06 140.66 418.14 141 419.46 139.69 422.66 140.36 423.7 139.68 427.53 141.69 430.95 141.74 432.63 139.96 437.37 138.46 439.88 135.09 445.34 135.3 449.08 136.23 453.42 134.28 454.8 135.02 457.66 134.05 461.44 135.12 461.27 136.95 463 140.56 464.85 140.64 469.41 143.05 471.87 145.63 471.51 147.49 472.71 149.16 475.56 148.71 479.28 151.6 483.22 151.1 485.75 152.5 487.96 152.05 489.88 153.25 494.45 153.07 496.99 153.74 501.87 156.03 502.72 154.77 502.64 159.85 502.95 180.71 501.57 181.42 484.89 181.78 484.91 185.3 476.49 185.37 476.57 193.77 475.46 193.77 475.49 202 483.92 201.92 484.07 227.17 482.77 227.18 482.81 235.62 457.72 235.71 432.53 235.75 432.54 241.32 408.86 241.25 408.87 236.4 408.16 232.92 406.11 232.92 405.4 230.82 403.3 230.82 402.95 228.02 405.38 228.03 405.48 224.54 406.88 221.75 408.28 221.75 408.29 193.77 400.7 193.78 400.68 189.57 392.3 189.54 392.31 185.34 383.93 185.31 383.98 176.89 378.39 176.87 378.42 171.28 Z"
       id="Fergus"
       fill="#9a94d1"
       style="fill:#d72f30;fill-opacity:1.0" />
    <path
       d="M 77.33 173.99 83.03 175.75 84.57 173.95 88.19 174.76 92.55 176.38 97.09 180 99.58 181.33 101.45 181.26 104.12 183.56 105.9 183.56 105.75 186.32 109.58 189.7 112.05 190.56 116.58 189.15 133.26 190.11 133.5 185.92 140.87 186.33 141.35 177.95 138.2 175.89 137.52 173.92 137.36 169.37 138.73 165.88 136.9 160.39 135.08 159.32 134.62 155.89 136.51 155.19 135.73 153.26 136.42 150.51 135.99 145.74 137.77 145.67 155.31 146.65 166.24 147.21 164.19 187.81 174.94 188.3 173.32 221.83 165.79 221.46 165.62 224.32 161.46 224.08 161.18 229.68 156.85 229.47 156.29 232.16 148.55 231.78 148.26 237.36 137.68 236.54 104.17 234.61 102.54 233.72 98.08 234.22 95.08 236.83 89.85 235.24 87.37 236.19 85.36 235.49 83.79 231.51 85.13 228.44 83.78 226.5 81.95 225.8 82.02 224.79 90.35 225.33 90.9 217.02 89.75 216.95 90.57 204.44 93.55 200.19 98.33 202.05 98.42 200.54 96.41 199.01 96.65 194.75 91.22 194.42 90.04 191.68 90.22 188.9 87.43 188.72 86.12 187.23 86.32 184.44 83.61 184.26 82.34 182.72 82.62 178.54 78.45 178.26 77.14 176.77 77.33 173.99 Z"
       id="Missoula"
       fill="#e8ead8"
       style="fill:#7996e2;fill-opacity:1.0" />
    <path
       d="M 166.24 147.21 175.42 147.66 175.4 148.11 187.24 148.67 188.86 151.17 188.27 156.44 188.71 158.91 190.16 159.92 192.32 159.25 190.98 189.07 191.6 189.33 208.28 190.07 206.89 223.4 224.1 223.85 223.61 236.85 231.89 237.16 231.75 241.36 237.71 241.59 239.37 246.56 237.71 249.42 239.08 253.7 238.17 255.67 238.08 261.49 237.58 264.27 234.82 267.66 231.24 267.39 227.93 270.8 222.36 272.43 219.64 275.63 220.45 278.64 198.22 277.72 188.46 277.2 190.38 231.97 185.18 233.87 184.11 232.61 180.91 231.7 181.17 229.09 178.02 226.75 177.27 223.79 175.85 222.65 173.96 224.3 173.32 221.83 174.94 188.3 164.19 187.81 166.24 147.21 Z"
       id="Powell"
       fill="#bbea90"
       style="fill:#d72f30;fill-opacity:1.0" />
    <path
       d="M 272.87 251.09 283.26 251.34 282.76 250.12 283.21 235.08 285.24 231.79 286.79 230.96 291.92 233.25 292.64 232.98 295.42 234.98 296.1 240 297.92 241.63 298.09 244.89 303.47 245.73 303.11 248.25 304 251.91 302.69 254.82 305.81 256.01 308.28 259.76 308.63 264.7 309.85 265.64 312.51 265.52 315.13 263.62 318.53 265.43 321.19 268.83 320.05 271.52 316.95 276.59 316.28 280.81 319.49 283.27 320.54 285.95 320.47 288.65 313.92 289 301.37 288.72 301.04 295.01 299.06 295.86 295.9 300.75 296.03 307.09 293.06 307.64 292.96 310.17 290.78 312.94 288.25 313.79 287.13 315.22 284.52 315.44 282.71 318.52 280.12 320.72 279.42 322.39 279.97 301.56 271.63 301.27 271.75 292.92 272.75 259.17 272.87 251.09 Z"
       id="Broadwater"
       fill="#cde2b7"
       style="fill:#d72f30;fill-opacity:1.0" />
    <path
       d="M 301.97 92.42 310.6 92.62 311.35 59.11 311.48 59.11 312.25 25.52 312.65 17.48 346.14 18 346.04 26.17 345.54 26.16 345.03 59.75 344.64 59.75 344.12 93.27 339.51 93.19 339.38 101.54 301.76 100.85 301.97 92.42 Z"
       id="Liberty"
       fill="#c4e4e2"
       style="fill:#d72f30;fill-opacity:1.0" />
    <path
       d="M 134.88 10.12 158.69 11.58 202.08 13.62 243.05 15.27 253.96 15.65 253.95 23.86 252.8 57.43 252.78 66.03 249.96 65.35 227.63 64.55 226.97 80.91 226.69 81.28 208.28 80.52 177.27 79.06 175.04 76.01 178.2 73.2 177.34 68.05 173.66 68.18 169.52 64.22 170.51 62.83 170.21 59.88 170.82 55.78 168.13 54.45 165.9 51.92 162.43 52.69 159.95 50.08 158.45 51.45 155.65 50.42 153.04 48.38 153.55 44.69 154.91 42.95 156.62 38.36 155.98 36.12 153.16 33 152.59 30.3 153.69 28.67 148.5 24.75 146.23 26.42 143.48 26.48 140.95 28.04 138.03 26.35 138.85 24.37 134.91 20.76 137.83 19.05 136.22 15.33 134.88 10.12 Z"
       id="Glacier"
       fill="#cee8ef"
       style="fill:#7996e2;fill-opacity:1.0" />
    <path
       d="M 301.76 100.85 339.38 101.54 339.51 93.19 344.12 93.27 352.54 93.38 352.66 85 386.12 85.41 402.89 85.52 403.23 93.67 410.53 93.71 410.51 102.28 422.96 102.13 423.04 127.59 422.67 127.6 422.66 140.36 419.46 139.69 418.14 141 414.06 140.66 410.6 143.87 403.7 142.53 403.09 143.42 403.55 149.02 402.08 155.09 402.65 158.66 400.99 160.8 396.74 162.24 393.11 165.41 390.43 165.3 386.02 168.97 381.23 171.28 378.42 171.28 350.5 170.96 350.48 168.08 342.06 167.97 342.23 160.29 336.2 160.27 335.75 158.96 332.16 158.44 329.42 156.38 324.34 153.6 324.16 151.81 326.25 147.51 328.96 143.33 313.1 143.11 300.76 142.78 301.46 114.87 301.76 100.85 Z"
       id="Chouteau"
       fill="#c7d5e6"
       style="fill:#d75d5d;fill-opacity:1.0" />
    <path
       d="M 483.25 359.77 496.84 359.57 505.6 359.82 505.57 357.02 513.92 356.88 513.88 354.08 522.25 353.94 521.8 328.35 523.29 328.32 523.09 317.12 534.25 316.92 534.19 314.13 536.98 314.09 536.92 311.3 539.72 311.25 539.66 308.46 548.03 308.26 547.9 302.68 558.85 302.43 564.67 302.28 564.88 310.65 581.62 310.17 581.74 314.37 590.12 314.09 590.24 318.29 597.86 318.05 597.98 321.76 602.16 321.61 602.3 325.81 599.9 325.89 600.22 335.96 604.74 336.51 612.66 336.6 613.76 367.62 611.09 367.59 611.72 384.3 618.64 384.25 636.92 383.59 645.04 383.03 646.13 382.98 646.87 400.93 625.84 401.66 590.63 402.69 587.71 402.47 563.3 403 553.58 403.31 510.86 404.24 510.79 401.17 512.74 396.63 514.83 394.53 516.09 391.32 515.76 388.86 517.27 387.75 518.26 384.33 520.85 382.75 479.8 383.6 479.67 370.93 480.58 366.77 480.77 362.78 483.25 359.77 Z"
       id="Big-Horn"
       fill="#bce4ec"
       style="fill:#ffb2b2;fill-opacity:1.0" />
    <path
       d="M 154.78 307.29 156.64 309.79 159.24 315.21 160.08 317.98 159.6 320.28 161.97 324.15 164.17 325.21 165.51 320.81 168.15 320.77 170.42 319.76 173.78 315.23 177.17 313.59 182.51 314.16 183.41 316.24 187.37 319.41 188.89 321.55 192.77 322.58 195.52 324.55 200.71 325.36 204.94 328.05 206.32 332.35 206.25 334.1 208.58 335.13 209.34 340.16 209.13 345.5 207.77 348.95 208.75 351.5 208.41 353.27 214.45 359.2 216.03 359.28 218.66 357.77 220.95 358.2 223.57 363.05 223.84 367.31 222.97 392.54 231.37 392.86 231.04 401.35 240.83 401.7 240.58 410.17 242.2 410.24 241.91 418.53 248.88 418.84 248.73 422.94 268.3 423.78 268.1 430.76 289.18 431.36 288.13 432.1 289.26 435.39 285.46 441.25 286.58 445.45 285.42 446.79 281.12 445.25 279.28 446.54 272.99 445.32 272.15 446.87 270.02 447.06 264.74 449.98 261.53 444.61 256.08 445.14 254.05 447.05 250.27 445.89 245.43 448.22 243.04 446.31 239.78 446.85 237.21 445.75 236.75 443.75 232.86 443.17 230.47 445.94 228.04 446.19 227.72 450.29 225.51 454.59 223.44 453.98 219.56 451.33 218.77 452.11 214.37 450.62 211.91 450.85 210.76 449.88 206.49 450.14 202.72 448.23 201.27 449.46 198.45 449.96 194.08 455.66 195.23 457.29 195.7 460.28 193.41 462 189.6 457.86 186.33 455.94 182.75 452.27 181.46 448.11 182.3 446.21 180.98 441.42 177.7 437.94 179.88 436.19 179.41 430.35 177.23 427.59 177.31 425.36 174.96 422.28 175.42 421.05 172.21 419.53 170.27 417.32 167.77 415.89 161.17 419.23 160.24 415.8 158.38 413.99 155.82 413.86 153.66 411.06 152.72 406.75 151.07 403.55 154.88 401.95 154.81 392.37 150.15 388.89 150.91 386.6 148.38 386.83 146.66 384.96 145.64 381.49 145.88 379.82 142.95 376.88 141.68 374.07 139.43 371.81 140.31 370.32 136.67 365.38 137.38 362.77 137.25 359.22 134.63 357.71 134.25 352.93 135.98 350.6 135.29 347.32 131.17 346.49 132.51 342.68 134 340.69 133.41 338.66 129.88 336.45 127 336.48 127.69 334.41 126.13 332.92 125.07 329.23 127.11 327.42 126.93 324.61 128.32 322.34 130.12 321.17 131.38 324.05 134.47 323.21 136.37 320.51 139.82 318.04 141.05 316.28 147.13 316.32 148.97 315.49 150.2 313.43 153.39 313.06 153.38 309.7 154.78 307.29 Z"
       id="Beaverhead"
       fill="#f3d7d4"
       style="fill:#d72f30;fill-opacity:1.0" />
    <path
       d="M 93.08 7.34 115.36 8.7 134.88 10.12 136.22 15.33 137.83 19.05 134.91 20.76 138.85 24.37 138.03 26.35 140.95 28.04 143.48 26.48 146.23 26.42 148.5 24.75 153.69 28.67 152.59 30.3 153.16 33 155.98 36.12 156.62 38.36 154.91 42.95 153.55 44.69 153.04 48.38 155.65 50.42 158.45 51.45 159.95 50.08 162.43 52.69 165.9 51.92 168.13 54.45 170.82 55.78 170.21 59.88 170.51 62.83 169.52 64.22 173.66 68.18 177.34 68.05 178.2 73.2 175.04 76.01 177.27 79.06 178.87 81.32 180.44 81.72 181.8 84.2 184.74 86.63 183.98 89.02 184.3 91.81 185.69 93.58 187.2 92.97 190.99 96.37 193.15 96.62 194.63 95.54 198.01 97.37 198.92 97.44 199.9 103 202.69 104.36 202.71 106.86 205.17 108.52 205.79 111.8 203.83 115.49 201.3 115.53 199.19 114.56 196.65 117.04 192.43 117.71 191.95 119.82 193.8 120.92 193.67 128.41 192.05 133.96 188.33 134.19 186.4 136.62 187.47 140.85 188.57 142.4 187.24 148.67 175.4 148.11 175.42 147.66 166.24 147.21 155.31 146.65 156.35 141.03 158.08 138.75 157.89 135.04 155.96 135.14 154.35 133.51 154.99 129.82 153.26 126.7 154.26 125.42 154.36 117.93 151.45 115.8 149.78 112.21 148.18 111.64 145.63 109.06 143 107.66 142.92 104.81 141.42 102.17 132.08 101.66 128.73 104.23 129.62 107.11 131.08 107.81 130.96 110.22 101.59 108.49 101.06 116.83 102.01 116.9 101.5 125.14 93.24 124.61 93.77 116.35 77.14 115.22 68.81 114.92 69.69 102.36 68.41 100.87 69.28 89.16 68.66 89.12 69.22 80.75 80.3 81.5 82.48 48 79.99 47.83 80.56 39.63 96.5 40.67 93.22 38.4 94.36 34.19 98.29 32.68 96.66 29.01 94.15 26.74 91.5 25.77 92.27 23.66 94.28 22.8 94.59 20.69 93.42 17.99 93.96 16.8 93.21 13.35 95.58 10.15 93.1 9.35 93.08 7.34 Z"
       id="Flathead"
       fill="#cee9e7"
       style="fill:#d75d5d;fill-opacity:1.0" />
    <path
       d="M 183.41 316.24 187.6 315.39 188.36 314.22 191.71 312.27 192.12 310.64 194.6 309.66 193.84 303.91 195.04 302.87 197.56 303.58 199.87 298.81 204.91 299.04 205.3 290.6 211.75 290.88 214.64 287.26 216.27 288.19 218.88 286.98 222.86 288.4 222.55 291.15 223.74 293.62 225.99 295.59 225.13 299.52 227.39 301.75 227.11 304.4 227.95 308.65 227.75 311.43 229.42 315.5 227.53 318.73 229.41 320.93 238.33 325.66 238.61 326.72 241.79 327.78 243.38 329.49 225.01 329.39 223.5 327.75 221.41 328.86 220.68 332.61 218.84 334.8 209.34 340.16 208.58 335.13 206.25 334.1 206.32 332.35 204.94 328.05 200.71 325.36 195.52 324.55 192.77 322.58 188.89 321.55 187.37 319.41 183.41 316.24 Z"
       id="Silver-Bow"
       fill="#e8c7b1"
       style="fill:#7996e2;fill-opacity:1.0" />
    <path
       d="M 93.24 124.61 101.5 125.14 102.01 116.9 101.06 116.83 101.59 108.49 130.96 110.22 131.08 107.81 129.62 107.11 128.73 104.23 132.08 101.66 141.42 102.17 142.92 104.81 143 107.66 145.63 109.06 148.18 111.64 149.78 112.21 151.45 115.8 154.36 117.93 154.26 125.42 153.26 126.7 154.99 129.82 154.35 133.51 155.96 135.14 157.89 135.04 158.08 138.75 156.35 141.03 155.31 146.65 137.77 145.67 135.99 145.74 136.42 150.51 135.73 153.26 136.51 155.19 134.62 155.89 135.08 159.32 136.9 160.39 138.73 165.88 137.36 169.37 137.52 173.92 138.2 175.89 141.35 177.95 140.87 186.33 133.5 185.92 133.26 190.11 116.58 189.15 116.84 184.93 115.79 184.87 116.8 168.11 111.2 167.76 108.93 166.73 107.18 164.22 108.14 159.77 109.4 156.88 111.49 157.46 111.52 154.33 107.99 153.93 107.46 149.59 109.6 148.41 108.62 143.76 93.41 142.84 94.27 128.89 92.94 128.8 93.24 124.61 Z"
       id="Lake"
       fill="#f4ddd3"
       style="fill:#e27f7f;fill-opacity:1.0" />
    <path
       d="M 572.68 16.31 617.18 14.84 640.53 13.9 640.91 22.46 638.37 22.57 638.72 30.94 647.05 30.58 648.26 55.75 662.06 55.1 663.62 88.34 661.09 88.46 662.02 108.61 659.82 107.63 657.15 109.45 653.54 108.46 651.42 106.83 649.07 109.37 648.07 107.44 646.09 107.42 644.18 110.01 643.29 107.3 637.01 108.16 633.93 106.33 630.93 105.6 628.18 106.54 626.19 104.89 624.06 109.47 625.24 113.82 625.01 115.31 622.78 114.15 619.15 116.26 620.56 117.89 619.33 121.94 617.34 124.07 618.24 125.96 616.06 126.94 615.66 129.64 613.14 130.51 610.12 133.51 606.64 133.92 605.3 137.64 601.94 136.95 597.01 137.61 595.93 139.51 596.03 143.29 593.07 144.31 588.29 144.03 587.49 145.1 583.64 145.29 580.78 144.74 576.82 145.55 572 145.72 569.65 143.96 566.55 144.03 564.67 143.06 561.11 143.11 560.68 125.84 561.31 125.82 560.42 92.22 562.67 92.16 562.47 83.78 569.48 83.62 569.24 74.99 566.61 75.03 566.34 66.68 569.15 66.59 569.05 63.33 573.26 63.73 573.09 58.06 572.22 58.08 571.26 24.79 572.93 24.74 572.68 16.31 Z"
       id="Valley"
       fill="#b6a8f0"
       style="fill:#d72f30;fill-opacity:1.0" />
    <path
       d="M 350.5 170.96 378.42 171.28 378.39 176.87 383.98 176.89 383.93 185.31 392.31 185.34 392.3 189.54 400.68 189.57 400.7 193.78 408.29 193.77 408.28 221.75 406.88 221.75 405.48 224.54 405.38 228.03 402.95 228.02 403.3 230.82 405.4 230.82 406.11 232.92 408.16 232.92 408.87 236.4 408.86 241.25 403.93 241.3 398.91 238.14 394.14 235.7 390.07 237.09 388.5 235.79 384.32 236.8 383.54 238.71 381.46 238.95 379.27 238.03 378.01 239.66 373.83 239.44 370.26 242.75 367.04 241.07 361.76 242.3 359.89 240.16 357.16 239.03 354.54 236.48 354.63 233.34 350.85 233.2 348.98 230.35 348.79 228.21 349.9 226.92 350.03 218.54 349.68 201.92 341.41 201.73 341.41 193.29 341.89 188.41 340.5 186.97 340.58 181.3 341.63 181.31 342.05 176.37 350.46 176.51 350.5 170.96 Z"
       id="Judith-Basin"
       fill="#e7d5a7"
       style="fill:#c21b18;fill-opacity:1.0" />
    <path
       d="M 730.18 320.09 733.06 319.92 731.1 286.21 734.7 286 759.44 284.52 759.94 292.36 768.35 291.82 768.87 299.96 773.11 299.91 786.08 298.96 786.66 307.33 792.76 306.9 796.44 355.81 799 392.06 767.07 394.15 730.71 396.2 728.78 362.25 732.24 362.05 732.13 353.28 730.18 320.09 Z"
       id="Carter"
       fill="#f1c9ad"
       style="fill:#a80000;fill-opacity:1.0" />
    <path
       d="M 137.68 236.54 148.26 237.36 148.55 231.78 156.29 232.16 156.85 229.47 161.18 229.68 161.46 224.08 165.62 224.32 165.79 221.46 173.32 221.83 173.96 224.3 175.85 222.65 177.27 223.79 178.02 226.75 181.17 229.09 180.91 231.7 184.11 232.61 185.18 233.87 190.38 231.97 188.46 277.2 188.27 281.4 171.69 280.67 171.25 289.06 171.97 289.1 171.3 297.82 167.79 300.53 162.94 301.74 159.98 303.48 157.21 307.33 154.71 307.16 148.6 305.9 148.22 303.91 146 304.28 145.06 302.75 143.77 297.39 139.24 296.28 138.81 297.62 135.97 296.73 137.25 293.24 139.75 289.67 137.14 285.67 137.94 283.09 135.49 280.79 135.97 279.53 138.89 278.44 140.76 274.31 138.49 272.65 139.59 269.49 139.12 265.77 136.47 260.73 134.35 259.64 135.11 256.99 133.74 251.08 135.41 250.54 135.92 247.44 138.52 243.03 139.16 239.66 137.68 236.54 Z"
       id="Granite"
       fill="#a5a7e4"
       style="fill:#d75d5d;fill-opacity:1.0" />
    <path
       d="M 529.37 167.14 532.34 166.56 532.1 161.08 534.87 157.9 537.27 157.18 540.68 155.19 543.01 149.54 546.14 149.5 549.52 147.46 554.32 148 555.77 149.79 558.9 149.89 560.87 145.96 561.11 143.11 564.67 143.06 566.55 144.03 569.65 143.96 572 145.72 576.82 145.55 580.78 144.74 583.64 145.29 587.49 145.1 588.29 144.03 593.07 144.31 596.03 143.29 595.93 139.51 597.01 137.61 601.94 136.95 605.3 137.64 606.64 133.92 610.12 133.51 613.14 130.51 615.66 129.64 616.06 126.94 618.24 125.96 617.34 124.07 619.33 121.94 620.56 117.89 619.15 116.26 622.78 114.15 625.01 115.31 628.93 115.18 629.28 123.75 635.59 123.49 636.93 156.25 634.52 156.35 635.2 173.22 643.56 172.85 644.29 189.61 649.79 189.36 651.15 220.3 651.22 221.69 609.27 223.42 609.23 222.03 588.47 222.76 559.75 223.58 559.77 224.36 531.66 225.01 528.8 222.9 528.36 220.87 530.46 213.26 531.9 212.11 530.15 207.59 528.41 201.28 527.03 199.08 528.02 196.66 527.86 189.72 525.85 186.62 526.85 184.31 526.29 182.61 527.3 179.79 526.01 178.98 525.96 176.55 529.43 171.89 529.37 167.14 Z"
       id="Garfield"
       fill="#c6edcf"
       style="fill:#a80000;fill-opacity:1.0" />
    <path
       d="M 269.53 325.51 272.88 325.03 276.26 325.95 279.42 322.39 280.12 320.72 282.71 318.52 284.52 315.44 287.13 315.22 288.25 313.79 290.78 312.94 292.96 310.17 293.06 307.64 296.03 307.09 295.9 300.75 299.06 295.86 301.04 295.01 301.37 288.72 313.92 289 320.47 288.65 339.11 289 338.57 293.9 338.21 308.68 338.34 316.79 338.09 328.24 337.7 328.23 337.42 347.13 333.17 347.06 333 353.41 328.87 353.34 328.65 370.11 320.47 369.94 320.11 386.84 319.56 386.84 319.33 403.78 318.68 403.76 317.83 454.25 312.46 452.04 311.16 448.64 309.11 446.68 309.12 445.29 305.93 444.45 305.15 440.79 306.54 440.13 303.38 435.94 301.48 432.28 298.7 429.21 297.46 429.76 296.01 427.41 296.35 411.89 296.72 411.9 297.67 369.53 299.24 369.56 299.81 341.42 287.3 341.08 287.33 339.67 284.56 338.25 283.24 335.4 279.21 331.09 275.02 330.98 275.09 328.17 269.53 325.51 Z"
       id="Gallatin"
       fill="#abe3a6"
       style="fill:#7996e2;fill-opacity:1.0" />
    <path
       d="M 300.76 142.78 313.1 143.11 328.96 143.33 326.25 147.51 324.16 151.81 324.34 153.6 329.42 156.38 332.16 158.44 335.75 158.96 336.2 160.27 342.23 160.29 342.06 167.97 350.48 168.08 350.5 170.96 350.46 176.51 342.05 176.37 341.63 181.31 340.58 181.3 340.5 186.97 341.89 188.41 341.41 193.29 341.41 201.73 349.68 201.92 350.03 218.54 349.9 226.92 348.79 228.21 347.06 228.07 345.95 226.27 344.06 226.59 342.27 224.64 341.75 221.05 338.83 220.49 335.41 218.42 335.33 216.16 331.8 212.74 326.36 210.3 321.35 210.15 319.39 207.79 321.13 206.31 320.94 202.18 315.82 202.05 315.68 209.44 307.31 209.26 307.28 210.29 290.5 209.93 290.29 218.34 282.43 218.13 273.69 217.85 274.36 197.08 268.72 196.93 264.34 195.36 262.14 191.39 257.73 190.4 258.55 159.18 261.69 160.12 266.69 160.5 267.02 150.24 283.75 150.73 283.97 142.38 300.76 142.78 Z"
       id="Cascade"
       fill="#8e94e1"
       style="fill:#d75d5d;fill-opacity:1.0" />
    <path
       d="M 104.17 234.61 137.68 236.54 139.16 239.66 138.52 243.03 135.92 247.44 135.41 250.54 133.74 251.08 135.11 256.99 134.35 259.64 136.47 260.73 139.12 265.77 139.59 269.49 138.49 272.65 140.76 274.31 138.89 278.44 135.97 279.53 135.49 280.79 137.94 283.09 137.14 285.67 139.75 289.67 137.25 293.24 135.97 296.73 138.81 297.62 139.24 296.28 143.77 297.39 145.06 302.75 146 304.28 148.22 303.91 148.6 305.9 154.71 307.16 154.78 307.29 153.38 309.7 153.39 313.06 150.2 313.43 148.97 315.49 147.13 316.32 141.05 316.28 139.82 318.04 136.37 320.51 134.47 323.21 131.38 324.05 130.12 321.17 128.32 322.34 126.93 324.61 127.11 327.42 125.07 329.23 123.44 329.69 121.34 328.26 119.59 329.17 119.68 332.02 115.99 335.23 114.78 338.18 112.05 339.22 110.9 341.8 107.86 342.23 106.21 343.59 103.24 342.46 103.21 344.42 100.78 348.63 96.24 350.33 94.94 347.22 91.53 345.19 90.81 343.23 82.5 337.4 83.98 335.22 82.45 332.75 85.28 331.28 87 329.43 87.48 326.22 87.01 324.39 84.28 322.15 83.12 319.14 86.97 314.18 87.42 312.43 92.31 311.09 94.18 312.2 95.78 309.41 95.45 307.59 93.22 304.04 95.29 302.05 94.79 300.09 90.69 298.44 89.76 292.56 91.43 291.75 92.25 288.32 91.36 286.78 88.4 285.45 88.98 281.5 91.6 282.2 93.69 281.05 93.7 274.59 92.6 272.06 95.6 270.55 95.37 268.36 96.79 265.61 97.22 262.76 96.57 260.58 99.2 258.43 100.23 255.44 98.53 251.82 98.75 249.6 101.98 249.26 102.56 244.97 103.74 243.1 103.01 241.39 104.55 239.4 104.86 235.91 104.17 234.61 Z"
       id="Ravalli"
       fill="#c6a2a0"
       style="fill:#d75d5d;fill-opacity:1.0" />
    <path
       d="M 425.85 18.43 456.93 18.46 489.52 18.13 505.52 17.89 505.66 26.2 504.19 26.22 504.45 42.78 500.64 42.84 500.9 59.63 499.16 59.66 499.36 73.73 495.15 71.65 495.45 93.43 493.99 93.45 494.31 116.93 485.51 116.59 483.03 115.67 482.05 118.95 481.94 122.51 478.95 122.26 464.89 122.45 464.75 127.48 464.85 140.64 463 140.56 461.27 136.95 461.44 135.12 457.66 134.05 454.8 135.02 453.42 134.28 449.08 136.23 445.34 135.3 439.88 135.09 437.37 138.46 432.63 139.96 430.95 141.74 427.53 141.69 423.7 139.68 422.66 140.36 422.67 127.6 423.04 127.59 422.96 102.13 422.99 93.75 421.84 93.74 421.85 86.78 423.95 86.78 423.97 76.99 425.37 76.99 425.39 71.39 427.47 71.4 427.47 64.38 425.38 64.38 424.84 60.26 424.83 26.81 425.84 26.81 425.85 18.43 Z"
       id="Blaine"
       fill="#a0abe9"
       style="fill:#e27f7f;fill-opacity:1.0" />
    <path
       d="M 188.46 277.2 198.22 277.72 220.45 278.64 217.91 282.2 219.24 283.82 218.88 286.98 216.27 288.19 214.64 287.26 211.75 290.88 205.3 290.6 204.91 299.04 199.87 298.81 197.56 303.58 195.04 302.87 193.84 303.91 194.6 309.66 192.12 310.64 191.71 312.27 188.36 314.22 187.6 315.39 183.41 316.24 182.51 314.16 177.17 313.59 173.78 315.23 170.42 319.76 168.15 320.77 165.51 320.81 164.17 325.21 161.97 324.15 159.6 320.28 160.08 317.98 159.24 315.21 156.64 309.79 154.78 307.29 154.71 307.16 157.21 307.33 159.98 303.48 162.94 301.74 167.79 300.53 171.3 297.82 171.97 289.1 171.25 289.06 171.69 280.67 188.27 281.4 188.46 277.2 Z"
       id="Deer-Lodge"
       fill="#9fc4c7"
       style="fill:#7996e2;fill-opacity:1.0" />
    <path
       d="M 531.66 225.01 559.77 224.36 559.75 223.58 588.47 222.76 609.23 222.03 609.27 223.42 651.22 221.69 649.02 223.18 650.48 256.74 648.17 256.84 649.25 281.87 649.71 290.26 647.15 290.38 648.56 324.02 645.68 324.14 645.99 327.2 647.35 366.3 644.37 366.42 645.04 383.03 636.92 383.59 618.64 384.25 611.72 384.3 611.09 367.59 613.76 367.62 612.66 336.6 604.74 336.51 600.22 335.96 599.9 325.89 602.3 325.81 602.16 321.61 597.98 321.76 597.86 318.05 597.02 292.31 592.56 292.45 591.92 276.12 590.5 276.09 590.24 267.52 581.89 267.76 581.67 260.76 580.24 259.39 542.64 260.46 539.76 259.15 538.73 259.19 538.6 249.46 535.79 249.52 537.42 246.04 536.79 244.76 538.6 241.42 536.33 238.16 537.1 235.32 536.13 234.13 535.1 229.53 532.7 225.59 531.66 225.01 Z"
       id="Rosebud"
       fill="#d5d6f7"
       style="fill:#d75d5d;fill-opacity:1.0" />
    <path
       d="M 24.34 149.71 28.43 150.86 30.9 150.45 36.08 151.9 39.27 150.34 45.45 152.09 47.09 150.73 54.96 155.1 57.13 157.95 59.36 157.42 61.81 159.31 66.06 160.83 66.77 163.08 66.36 169 70.48 169.3 70.38 170.7 74.55 170.99 74.37 173.79 77.33 173.99 77.14 176.77 78.45 178.26 82.62 178.54 82.34 182.72 83.61 184.26 86.32 184.44 86.12 187.23 87.43 188.72 90.22 188.9 90.04 191.68 91.22 194.42 96.65 194.75 96.41 199.01 98.42 200.54 98.33 202.05 93.55 200.19 90.57 204.44 89.75 216.95 90.9 217.02 90.35 225.33 82.02 224.79 81.95 225.8 76.56 229.29 74.29 227.68 76.11 223.34 73.44 220.84 72.01 220.67 69.83 217.47 68.38 217.86 66.28 216.01 65.69 209.16 66.59 207.15 64.31 205.87 61.94 201.68 58.77 200.55 57.74 199.15 57.66 196.15 54.05 191.72 53.41 188.48 51.62 187.85 50.86 185.64 47.26 183.31 46.21 180.23 43.75 178.91 44.5 177.36 43.04 175 42.74 172.75 36.2 169.93 29.62 167.59 28.63 162.87 26.91 160.78 24.3 159.13 22.72 159.49 21.95 157.21 16.35 152.75 20.12 151.56 23.52 151.57 24.34 149.71 Z"
       id="Mineral"
       fill="#c7f1bc"
       style="fill:#d72f30;fill-opacity:1.0" />
    <path
       d="M 742.11 239.49 741.87 235.29 750.23 234.8 750.05 232.01 762.58 231.21 762.67 232.61 766.87 232.34 767.04 235.13 787.58 233.73 791.05 283.49 791.78 295.53 792.76 306.9 786.66 307.33 786.08 298.96 773.11 299.91 768.87 299.96 768.35 291.82 759.94 292.36 759.44 284.52 734.7 286 733.69 268.96 732.37 269.04 731.37 252.75 742.9 252.07 742.11 239.49 Z"
       id="Fallon"
       fill="#ccdfe7"
       style="fill:#c21b18;fill-opacity:1.0" />
    <path
       d="M 220.45 278.64 219.64 275.63 222.36 272.43 227.93 270.8 231.24 267.39 234.82 267.66 237.58 264.27 240.26 264.97 245.92 261.7 246.47 259.77 245.13 258.3 246.3 256.85 249.82 255.14 252.95 255.57 256.44 253.13 256.81 250.66 272.87 251.09 272.75 259.17 271.75 292.92 271.63 301.27 279.97 301.56 279.42 322.39 276.26 325.95 272.88 325.03 269.53 325.51 267.05 323.21 265.07 323.47 262.77 322.44 261.49 319.72 257.61 320.49 255.03 319.22 250.56 320.01 248.54 321.39 248.83 324.09 247.08 327.37 244.83 329.39 243.38 329.49 241.79 327.78 238.61 326.72 238.33 325.66 229.41 320.93 227.53 318.73 229.42 315.5 227.75 311.43 227.95 308.65 227.11 304.4 227.39 301.75 225.13 299.52 225.99 295.59 223.74 293.62 222.55 291.15 222.86 288.4 218.88 286.98 219.24 283.82 217.91 282.2 220.45 278.64 Z"
       id="Jefferson"
       fill="#cad1f8"
       style="fill:#d75d5d;fill-opacity:1.0" />
    <path
       d="M 93.08 7.34 93.1 9.35 95.58 10.15 93.21 13.35 93.96 16.8 93.42 17.99 94.59 20.69 94.28 22.8 92.27 23.66 91.5 25.77 94.15 26.74 96.66 29.01 98.29 32.68 94.36 34.19 93.22 38.4 96.5 40.67 80.56 39.63 79.99 47.83 82.48 48 80.3 81.5 69.22 80.75 68.66 89.12 69.28 89.16 68.41 100.87 59.12 100.2 60.06 103.51 57.55 104.53 56.85 108.33 53.78 110.41 52.3 109.66 50 111.88 47.78 108.68 43.65 110.05 38.55 108.1 34.35 108.88 32.48 105.51 33.95 101.98 33.27 99 31.37 97.72 28.37 92.36 28.79 91.04 28.26 86.59 25.35 82.16 27.1 79.49 25.01 75.25 22.97 73.76 21.13 73.91 19 77.25 13.5 78.77 11.71 80.56 9.89 80.27 8.31 83.53 5.04 82.23 4.44 79.58 4.93 77.71 2.94 76.58 9.26 1 62.57 5.34 93.08 7.34 Z"
       id="Lincoln"
       fill="#f1c1ac"
       style="fill:#d72f30;fill-opacity:1.0" />
    <path
       d="M 373.83 239.44 378.01 239.66 379.27 238.03 381.46 238.95 383.54 238.71 384.32 236.8 388.5 235.79 390.07 237.09 394.14 235.7 398.91 238.14 403.93 241.3 408.86 241.25 432.54 241.32 432.61 260.93 431.61 260.92 431.69 287.09 414.87 287.12 398.57 287.07 372.78 286.75 373.08 260.75 373.64 260.75 373.83 239.44 Z"
       id="Wheatland"
       fill="#a0eaa0"
       style="fill:#d72f30;fill-opacity:1.0" />
    <path
       d="M 346.14 18 382.48 18.38 425.85 18.43 425.84 26.81 424.83 26.81 424.84 60.26 425.38 64.38 427.47 64.38 427.47 71.4 425.39 71.39 425.37 76.99 423.97 76.99 423.95 86.78 421.85 86.78 421.84 93.74 422.99 93.75 422.96 102.13 410.51 102.28 410.53 93.71 403.23 93.67 402.89 85.52 386.12 85.41 352.66 85 352.54 93.38 344.12 93.27 344.64 59.75 345.03 59.75 345.54 26.16 346.04 26.17 346.14 18 Z"
       id="Hill"
       fill="#e9dec5"
       style="fill:#e27f7f;fill-opacity:1.0" />
    <path
       d="M 177.27 79.06 208.28 80.52 226.69 81.28 226.97 80.91 227.63 64.55 249.96 65.35 252.78 66.03 256.02 67.18 259.56 70.35 262.19 68.84 265.1 70.21 264.97 74.49 277.5 74.99 277.38 79.17 285.76 79.44 285.42 91.99 301.97 92.42 301.76 100.85 301.46 114.87 277.81 114.5 264.14 114.07 264.33 108.45 260.17 108.3 260.33 104.08 251.94 103.75 252.08 99.54 210.16 97.7 198.01 97.37 194.63 95.54 193.15 96.62 190.99 96.37 187.2 92.97 185.69 93.58 184.3 91.81 183.98 89.02 184.74 86.63 181.8 84.2 180.44 81.72 178.87 81.32 177.27 79.06 Z"
       id="Pondera"
       fill="#cfdbb3"
       style="fill:#d72f30;fill-opacity:1.0" />
    <path
       d="M 649.79 189.36 658.14 188.98 658.52 197.48 666.9 197.08 666.47 188.59 694.53 187.15 699.88 186.88 700.94 206.58 709.39 206.13 709.67 211.72 718.09 211.25 721.02 213.85 721.19 216.66 749.2 215.04 749.14 217.85 750.05 232.01 750.23 234.8 741.87 235.29 742.11 239.49 733.77 240.01 734.02 244.19 725.64 244.66 725.8 247.45 708.87 248.33 708.73 245.52 694.75 246.2 694.6 243.4 691.77 243.53 691.48 237.94 685.9 238.23 685.46 229.84 682.69 229.98 682.27 221.57 668.08 222.27 667.94 219.49 651.15 220.3 649.79 189.36 Z"
       id="Prairie"
       fill="#dbf1e7"
       style="fill:#d72f30;fill-opacity:1.0" />
    <path
       d="M 702.6 127.82 703.04 136.2 719.76 135.29 720.22 143.68 745.3 142.17 745.8 150.56 751.09 150.21 752.15 167.06 758.23 166.69 757.83 170.25 760.81 172.88 761.9 175.61 764.08 176.86 764.25 179.65 766.17 183 767.13 187.17 767.72 196.31 766.32 196.41 766.55 199.89 764.63 202.85 764.11 205.69 761.5 208.67 761.6 210.07 756.89 213.16 756.29 214.59 749.2 215.04 721.19 216.66 721.02 213.85 718.09 211.25 709.67 211.72 709.39 206.13 700.94 206.58 699.88 186.88 694.53 187.15 692.75 153.59 695.57 153.44 694.25 128.27 702.6 127.82 Z"
       id="Dawson"
       fill="#b1d9cd"
       style="fill:#d72f30;fill-opacity:1.0" />
    <path
       d="M 707.49 10.55 719.05 9.9 755.24 7.56 771.51 6.44 772.52 21.15 775.73 65.3 738.44 67.76 737.92 59.37 729.59 59.86 729.09 51.51 715.28 52.32 714.8 43.94 710.62 44.18 709.22 19.04 707.97 19.11 707.49 10.55 Z"
       id="Sheridan"
       fill="#8cd4d9"
       style="fill:#d72f30;fill-opacity:1.0" />
    <path
       d="M 640.53 13.9 669.86 12.53 707.49 10.55 707.97 19.11 709.22 19.04 710.62 44.18 714.8 43.94 715.28 52.32 685.93 53.94 662.06 55.1 648.26 55.75 647.05 30.58 638.72 30.94 638.37 22.57 640.91 22.46 640.53 13.9 Z"
       id="Daniels"
       fill="#e8e1ac"
       style="fill:#c21b18;fill-opacity:1.0" />
    <path
       d="M 542.64 260.46 580.24 259.39 581.67 260.76 581.89 267.76 590.24 267.52 590.5 276.09 591.92 276.12 592.56 292.45 597.02 292.31 597.86 318.05 590.24 318.29 590.12 314.09 581.74 314.37 581.62 310.17 564.88 310.65 564.67 302.28 558.85 302.43 559.32 298.89 560.55 297.96 561.62 293.99 561.56 289.38 558.72 288.05 558.65 285.25 557.19 282.49 554.36 281.16 554.29 278.37 551.45 277.04 551.35 272.84 548.53 271.52 548.46 268.73 545.63 267.38 545.55 264.58 544.15 264.61 544.07 261.81 542.64 260.46 Z"
       id="Treasure"
       fill="#f5e3cd"
       style="fill:#c21b18;fill-opacity:1.0" />
    <path
       d="M 457.72 235.71 482.81 235.62 499.55 235.39 507.34 234.82 523.93 234.53 536.13 234.13 537.1 235.32 536.33 238.16 538.6 241.42 536.79 244.76 537.42 246.04 535.79 249.52 538.6 249.46 538.73 259.19 539.76 259.15 539.92 268.89 530.14 269.09 528.81 271.94 526.09 274.8 524.68 274.84 523.57 277.66 523.64 281.89 504.13 282.23 498.54 285.02 498.69 294.96 473.52 295.3 473.43 281.3 472.03 281.32 472 278.51 469.89 277.12 469.89 274.31 467.8 272.93 467.83 264.52 466.43 264.53 466.51 260.85 464.84 260.86 464.8 252.45 459.2 252.4 459.19 248.21 457.77 248.22 457.72 235.71 Z"
       id="Musselshell"
       fill="#c8e9c4"
       style="fill:#c21b18;fill-opacity:1.0" />
    <path
       d="M 463.8 295.39 473.52 295.3 498.69 294.96 498.54 285.02 504.13 282.23 523.64 281.89 523.57 277.66 524.68 274.84 526.09 274.8 528.81 271.94 530.14 269.09 539.92 268.89 539.76 259.15 542.64 260.46 544.07 261.81 544.15 264.61 545.55 264.58 545.63 267.38 548.46 268.73 548.53 271.52 551.35 272.84 551.45 277.04 554.29 278.37 554.36 281.16 557.19 282.49 558.65 285.25 558.72 288.05 561.56 289.38 561.62 293.99 560.55 297.96 559.32 298.89 558.85 302.43 547.9 302.68 548.03 308.26 539.66 308.46 539.72 311.25 536.92 311.3 536.98 314.09 534.19 314.13 534.25 316.92 523.09 317.12 523.29 328.32 521.8 328.35 522.25 353.94 513.88 354.08 513.92 356.88 505.57 357.02 505.6 359.82 496.84 359.57 483.25 359.77 479.66 359.8 479.52 354.15 475.38 354.17 475.32 351.37 472.54 351.38 472.47 347.95 473.83 345.22 472.74 343.34 469.7 345.7 469.67 342.96 466.86 341.6 465.46 338.8 465.58 329 465.47 312.08 464.08 312.09 463.82 305.09 463.8 295.39 Z"
       id="Yellowstone"
       fill="#f1f2cb"
       style="fill:#d75d5d;fill-opacity:1.0" />
    <path
       d="M 339.11 289 364.22 289.41 364.21 290.16 372.75 290.25 371.98 295.12 371.64 328.81 376.49 328.86 376.56 340.01 376.2 370.99 375.6 370.99 375.45 388.05 386.62 388.15 404.78 388.25 404.78 388.71 404.73 404.66 383.68 404.41 378.37 405 363.03 404.6 360.38 405.13 342.65 405.04 336.79 404.1 319.33 403.78 319.56 386.84 320.11 386.84 320.47 369.94 328.65 370.11 328.87 353.34 333 353.41 333.17 347.06 337.42 347.13 337.7 328.23 338.09 328.24 338.34 316.79 338.21 308.68 338.57 293.9 339.11 289 Z"
       id="Park"
       fill="#c9dfd9"
       style="fill:#e27f7f;fill-opacity:1.0" />
    <path
       d="M 414.87 287.12 431.69 287.09 431.61 260.92 432.61 260.93 432.54 241.32 432.53 235.75 457.72 235.71 457.77 248.22 459.19 248.21 459.2 252.4 464.8 252.45 464.84 260.86 466.51 260.85 466.43 264.53 467.83 264.52 467.8 272.93 469.89 274.31 469.89 277.12 472 278.51 472.03 281.32 473.43 281.3 473.52 295.3 463.8 295.39 448.45 295.53 430.8 295.53 430.75 303.99 418.11 303.97 418.19 295.52 414.86 295.51 414.87 287.12 Z"
       id="Golden-Valley"
       fill="#e0e6ec"
       style="fill:#c21b18;fill-opacity:1.0" />
    <path
       d="M 648.56 324.02 679.87 322.62 730.18 320.09 732.13 353.28 732.24 362.05 728.78 362.25 730.71 396.2 707.92 397.43 670.84 399.26 669.85 399.96 646.87 400.93 646.13 382.98 645.04 383.03 644.37 366.42 647.35 366.3 645.99 327.2 645.68 324.14 648.56 324.02 Z"
       id="Powder-River"
       fill="#abea9a"
       style="fill:#c21b18;fill-opacity:1.0" />
    <path
       d="M 253.96 15.65 281.39 16.64 312.65 17.48 312.25 25.52 311.48 59.11 311.35 59.11 310.6 92.62 301.97 92.42 285.42 91.99 285.76 79.44 277.38 79.17 277.5 74.99 264.97 74.49 265.1 70.21 262.19 68.84 259.56 70.35 256.02 67.18 252.78 66.03 252.8 57.43 253.95 23.86 253.96 15.65 Z"
       id="Toole"
       fill="#ddefea"
       style="fill:#c21b18;fill-opacity:1.0" />
    <path
       d="M 430.75 303.99 430.8 295.53 448.45 295.53 463.8 295.39 463.82 305.09 464.08 312.09 465.47 312.08 465.58 329 465.46 338.8 466.86 341.6 469.67 342.96 469.7 345.7 466.43 346.55 463.55 346.54 460.55 345.25 454.43 348.49 450.37 348.17 450.41 354.33 446.12 354.34 446.12 360 434.94 360.05 434.94 361.45 430.73 361.46 429.36 364.26 426.56 364.26 423.76 367.06 423.76 368.46 420.97 369.86 420.57 372.66 419.17 372.65 419.17 375.46 417.77 375.46 417.78 379.65 412.37 379.64 412.35 388.73 404.78 388.71 404.78 388.25 386.62 388.15 386.74 371.08 395.77 371.14 395.86 354.36 404.22 354.4 404.24 350.2 412.61 350.26 412.62 346.07 420.98 346.07 420.86 329.23 422.04 329.23 421.89 320.8 424.78 320.85 424.74 312.27 430.36 312.18 430.36 305.13 430.75 303.99 Z"
       id="Stillwater"
       fill="#b1dec6"
       style="fill:#d72f30;fill-opacity:1.0" />
    <path
       d="M 662.02 108.61 664.79 107 665.89 105.31 668 106.87 669.89 106.14 671.49 103.97 673.3 103.55 677.79 100.93 679.5 100.68 681.39 102.24 683.98 99.06 686.8 99.72 694.78 99 695.73 100.27 701.4 98.97 702.2 101.36 703.74 101.04 704.77 120.19 702.2 120.33 702.6 127.82 694.25 128.27 695.57 153.44 692.75 153.59 694.53 187.15 666.47 188.59 666.9 197.08 658.52 197.48 658.14 188.98 649.79 189.36 644.29 189.61 643.56 172.85 635.2 173.22 634.52 156.35 636.93 156.25 635.59 123.49 629.28 123.75 628.93 115.18 625.01 115.31 625.24 113.82 624.06 109.47 626.19 104.89 628.18 106.54 630.93 105.6 633.93 106.33 637.01 108.16 643.29 107.3 644.18 110.01 646.09 107.42 648.07 107.44 649.07 109.37 651.42 106.83 653.54 108.46 657.15 109.45 659.82 107.63 662.02 108.61 Z"
       id="McCone"
       fill="#cbe8db"
       style="fill:#c21b18;fill-opacity:1.0" />
    <path
       d="M 749.2 215.04 756.29 214.59 756.89 213.16 761.6 210.07 761.5 208.67 764.11 205.69 764.63 202.85 766.55 199.89 766.32 196.41 767.72 196.31 767.13 187.17 766.17 183 764.25 179.65 764.08 176.86 761.9 175.61 760.81 172.88 757.83 170.25 758.23 166.69 777.12 165.48 776.86 161.29 782.52 160.93 784.35 186.91 786.26 215.5 787.58 233.73 767.04 235.13 766.87 232.34 762.67 232.61 762.58 231.21 750.05 232.01 749.14 217.85 749.2 215.04 Z"
       id="Wibaux"
       fill="#b0d0de"
       style="fill:#c21b18;fill-opacity:1.0" />
    <path
       d="M 651.22 221.69 651.15 220.3 667.94 219.49 668.08 222.27 682.27 221.57 682.69 229.98 685.46 229.84 685.9 238.23 691.48 237.94 691.77 243.53 694.6 243.4 694.75 246.2 708.73 245.52 708.87 248.33 725.8 247.45 725.64 244.66 734.02 244.19 733.77 240.01 742.11 239.49 742.9 252.07 731.37 252.75 732.37 269.04 733.69 268.96 734.7 286 731.1 286.21 733.06 319.92 730.18 320.09 679.87 322.62 648.56 324.02 647.15 290.38 649.71 290.26 649.25 281.87 648.17 256.84 650.48 256.74 649.02 223.18 651.22 221.69 Z"
       id="Custer"
       fill="#dedfee"
       style="fill:#d72f30;fill-opacity:1.0" />
    <path
       d="M 372.75 290.25 372.78 286.75 398.57 287.07 414.87 287.12 414.86 295.51 418.19 295.52 418.11 303.97 430.75 303.99 430.36 305.13 430.36 312.18 424.74 312.27 424.78 320.85 421.89 320.8 422.04 329.23 420.86 329.23 420.98 346.07 412.62 346.07 412.61 350.26 404.24 350.2 404.22 354.4 395.86 354.36 395.77 371.14 386.74 371.08 386.62 388.15 375.45 388.05 375.6 370.99 376.2 370.99 376.56 340.01 376.49 328.86 371.64 328.81 371.98 295.12 372.75 290.25 Z"
       id="Sweet-Grass"
       fill="#f1dcdb"
       style="fill:#d72f30;fill-opacity:1.0" />
  </g>
</svg>