<svg
   xmlns:dc="http://purl.org/dc/elements/1.1/"
   xmlns:cc="http://creativecommons.org/ns#"
   xmlns:rdf="http://www.w3.org/1999/02/22-rdf-syntax-ns#"
   xmlns:svg="http://www.w3.org/2000/svg"
   xmlns="http://www.w3.org/2000/svg"
   xmlns:sodipodi="http://sodipodi.sourceforge.net/DTD/sodipodi-0.dtd"
   xmlns:inkscape="http://www.inkscape.org/namespaces/inkscape"
   width="810"
   height="810"
   viewBox="0 0 810 810"
   stroke-linecap="round"
   stroke-linejoin="round">
  <metadata
     id="metadata10531">
    <rdf:RDF>
      <cc:Work
         rdf:about="">
        <dc:format>image/svg+xml</dc:format>
        <dc:type
           rdf:resource="http://purl.org/dc/dcmitype/StillImage" />
      </cc:Work>
    </rdf:RDF>
  </metadata>
  <defs
     id="defs10529" />
  <sodipodi:namedview
     pagecolor="#ffffff"
     bordercolor="#666666"
     borderopacity="1"
     objecttolerance="10"
     gridtolerance="10"
     guidetolerance="10"
     inkscape:pageopacity="0"
     inkscape:pageshadow="2"
     inkscape:window-width="2117"
     inkscape:window-height="1953"
     id="namedview10527"
     showgrid="false"
     inkscape:zoom="1.0797765"
     inkscape:cx="405"
     inkscape:cy="405"
     inkscape:window-x="1676"
     inkscape:window-y="0"
     inkscape:window-maximized="0"
     inkscape:current-layer="Nevada" />
  <g
     transform="translate(5,5)"
     stroke="white"
     stroke-width="1"
     style="fill:#d72f30;fill-opacity:1">
    <path
       d="M 201.58 3.09 201.04 18.69 200.86 18.69 199.92 48.96 200.42 48.94 199.56 68.99 201.22 69.02 200.5 89.49 198.33 89.36 197.48 120.59 199.22 120.65 198.28 145.23 197.41 170.88 195.2 170.88 194.51 194.31 193.35 229.88 203.33 230.09 202.92 241.44 204.46 241.49 204.17 251.66 205.82 251.7 205.76 254.18 207.41 254.21 207.09 266.47 205.44 266.42 205.35 269.72 199.37 269.57 197.55 272.82 197.01 272.8 191.96 275.57 190.35 275.38 189.19 276.59 185.43 276.05 180.62 276.66 180.44 278.26 176.68 279.01 175 278.53 169.18 281 166.74 284.49 163.07 284.7 160.33 283.28 160.01 291.53 163.63 291.65 163.28 296.57 161.53 296.47 160.68 299.79 162.89 304.81 161.22 304.74 161.02 310.52 159.39 310.46 159.26 312.93 157.8 313.82 157.54 314.56 154.28 314.44 154.22 316.09 152.57 316.04 152.51 317.69 150.03 317.61 145.99 319.11 144.28 320.78 144.26 322.43 142.58 323.01 131.63 322.6 131.9 310.48 132.21 302.6 133.44 280.19 134.26 259.33 135.57 232.73 137 197.96 138.04 170.97 138.86 145.83 139.36 128.53 140.67 93.19 142.08 57.28 142.71 43.77 143.28 28.86 143.75 14.6 144.29 1 154.75 1.14 167.51 1.71 191.36 2.62 201.58 3.09 Z"
       id="Washoe"
       fill="#b3c4db"
       style="fill:#a5b0ff;fill-opacity:1" />
    <path
       d="M 203.33 230.09 250.99 231.41 294.15 231.86 343.22 232.55 350.58 232.74 352.42 235.2 354.1 238.39 356.09 239.77 357.12 243.06 357.47 245.78 357.18 249.03 356.49 251.18 355.11 252.58 355.26 257.16 354.44 258.55 354.38 261.49 356.13 262.92 355.02 265.38 355.2 266.98 356.96 269.74 355.08 273.24 357.07 274.61 357.08 275.55 355.48 278.47 355.9 280.22 355.05 284.53 353.62 286.2 351.79 285.83 348.37 286.71 347.94 287.46 345.79 287.58 346.06 289.29 343.48 290.87 342.82 292.3 339.86 293.21 341.56 295.06 340.75 297.91 338.14 298.35 338.06 299.36 336.26 302.49 333.11 303.1 331.51 302.67 330.38 305.55 331.19 310.85 332.89 314.33 333.98 319.4 333.74 321.56 332.65 322.43 331.77 324.54 328.37 326.27 326.43 329.67 327.51 331.61 327.3 333.93 328.87 335.64 320.9 337.78 287.35 337.31 253.9 336.59 242.01 336.24 242.11 331.91 238.82 331.83 238.9 328.54 237.25 328.5 237.29 326.85 235.64 326.81 235.68 325.13 234.03 325.08 234.07 323.48 232.42 323.43 232.45 321.97 230.32 321.92 230.42 318.63 228.79 318.59 228.82 316.94 227.19 316.9 227.21 315.25 225.58 315.21 225.61 313.56 223.97 313.52 224.01 311.84 222 311.79 222.04 310.14 220.36 310.1 220.41 308.33 218.76 308.28 218.8 306.63 217.14 306.59 217.18 304.94 215.59 304.9 215.64 303.23 213.99 303.17 214.01 301.56 212.39 301.49 212.42 299.89 210.83 299.76 211.24 284.95 213.63 285.03 214.11 271.62 215.17 271.66 215.43 261.9 212.19 265.63 208.13 269.05 205.35 269.72 205.44 266.42 207.09 266.47 207.41 254.21 205.76 254.18 205.82 251.7 204.17 251.66 204.46 241.49 202.92 241.44 203.33 230.09 Z"
       id="Churchill"
       fill="#b8e0da"
       style="fill:#d72f30;fill-opacity:1" />
    <path
       d="M 350.58 232.74 372.1 173.24 376.86 160.06 393.77 160.16 396.62 160.1 396.81 119.5 434 119.54 433.98 125.61 433.14 125.67 433.25 148.01 433.24 169.26 433.43 178.6 433.38 198.59 433.03 214.26 432.94 224.82 433.78 225.01 433.77 274.85 433.61 274.85 433.63 304.25 433.28 304.49 433.28 326.83 432.94 328.5 419.67 328.5 396.36 328.23 368.24 328.07 342.38 332.92 328.87 335.64 327.3 333.93 327.51 331.61 326.43 329.67 328.37 326.27 331.77 324.54 332.65 322.43 333.74 321.56 333.98 319.4 332.89 314.33 331.19 310.85 330.38 305.55 331.51 302.67 333.11 303.1 336.26 302.49 338.06 299.36 338.14 298.35 340.75 297.91 341.56 295.06 339.86 293.21 342.82 292.3 343.48 290.87 346.06 289.29 345.79 287.58 347.94 287.46 348.37 286.71 351.79 285.83 353.62 286.2 355.05 284.53 355.9 280.22 355.48 278.47 357.08 275.55 357.07 274.61 355.08 273.24 356.96 269.74 355.2 266.98 355.02 265.38 356.13 262.92 354.38 261.49 354.44 258.55 355.26 257.16 355.11 252.58 356.49 251.18 357.18 249.03 357.47 245.78 357.12 243.06 356.09 239.77 354.1 238.39 352.42 235.2 350.58 232.74 Z"
       id="Lander"
       fill="#b1e486"
       style="fill:#d72f30;fill-opacity:1" />
    <path
       d="M 434 119.54 470.94 119.47 471.19 157.37 478.79 190.59 485.24 218.54 499.73 218.36 500.69 219.11 500.59 220.83 499.34 221.69 499.42 223.3 500.47 225.77 499.97 227.98 500.52 230.22 499.81 233.49 501.68 238.68 501.41 240.51 502.81 242.77 502.35 244.32 503.53 249.55 503.22 251.6 502.02 252.81 502.3 259.93 500.31 263.64 500.65 267.34 501.16 268.57 501.27 272 500.89 273.1 502.18 279.06 500.05 283.32 500.64 285.53 499.75 288.43 497.29 291.2 496.82 293.63 494.06 293.82 494.36 328.18 485.93 328.32 432.94 328.5 433.28 326.83 433.28 304.49 433.63 304.25 433.61 274.85 433.77 274.85 433.78 225.01 432.94 224.82 433.03 214.26 433.38 198.59 433.43 178.6 433.24 169.26 433.25 148.01 433.14 125.67 433.98 125.61 434 119.54 Z"
       id="Eureka"
       fill="#cbdc93"
       style="fill:#c21b18;fill-opacity:1" />
    <path
       d="M 199.22 120.65 244.32 121.82 244.02 133.75 290.3 134.6 342.7 135.28 342.46 154.99 371.47 155.35 372.28 156.18 372.1 173.24 350.58 232.74 343.22 232.55 294.15 231.86 250.99 231.41 203.33 230.09 193.35 229.88 194.51 194.31 195.2 170.88 197.41 170.88 198.28 145.23 199.22 120.65 Z"
       id="Pershing"
       fill="#e4c9a0"
       style="fill:#d72f30;fill-opacity:1" />
    <path
       d="M 499.73 218.36 528.89 218.03 529.09 218.12 551.17 218.34 571.88 217.99 582.79 217.87 584.48 217.72 627.89 217.28 648.67 216.8 655.89 216.57 657.99 291.72 660.36 380.18 608.5 381.49 575.59 382.16 564.32 374.71 521.77 346.3 521.62 346.31 494.36 328.18 494.06 293.82 496.82 293.63 497.29 291.2 499.75 288.43 500.64 285.53 500.05 283.32 502.18 279.06 500.89 273.1 501.27 272 501.16 268.57 500.65 267.34 500.31 263.64 502.3 259.93 502.02 252.81 503.22 251.6 503.53 249.55 502.35 244.32 502.81 242.77 501.41 240.51 501.68 238.68 499.81 233.49 500.52 230.22 499.97 227.98 500.47 225.77 499.42 223.3 499.34 221.69 500.59 220.83 500.69 219.11 499.73 218.36 Z"
       id="White-Pine"
       fill="#94bbeb"
       style="fill:#d72f30;fill-opacity:1" />
    <path
       d="M 497.44 591.69 511.71 591.58 511.69 590.31 583.37 589.29 601.06 588.95 601.1 590.04 666.13 588.58 666.72 606.1 667.73 627.99 667.98 630.98 668.25 641.24 668.37 653.3 668.76 662.38 666.57 664.22 664.09 670.75 662.26 671.48 662.79 673.62 661.09 677.09 660.82 679.58 659.36 681.98 657.33 681.62 653.79 683.06 651.81 683.34 649.19 681.97 648.26 679.71 646.4 679.19 644.37 677.47 644.83 675.59 642.75 673.03 639.9 670.56 638.83 668.9 634.67 668.72 632.09 671 630.88 669.61 629.76 669.54 627.01 670.99 626.1 668.39 620.29 668.36 616.69 670.66 614.83 669.48 610.1 673.34 605.17 673.98 603.5 676.25 605.33 679.77 604.72 680.67 606.58 682.73 604.98 684.33 605.05 688.61 607.75 693.53 608.95 696.93 612.44 700.05 608.49 702.93 609.57 704.81 608.07 707.8 609.33 709.6 609.15 712 609.7 713.47 609.61 716.01 608.9 718.52 609.3 719.72 611.07 721.11 610.42 723.78 610.57 725.47 611.64 726.41 613.96 729.89 613.48 732.54 612.03 733.35 613.16 735.09 613.8 738.81 611.98 741.05 611.87 742.66 613.12 746.13 613.4 748.42 614.44 750.32 616.91 752.68 617.82 756.01 618.99 758.45 620.05 762.32 619.9 765.42 620.95 769.33 621.74 775.3 622.5 776.31 622.83 780.65 622.09 784.48 620.29 785.32 617.08 785.91 615.76 787.67 619.75 790.66 619.6 792.47 617.73 794.12 616.85 796 617.23 799 602.52 785.04 574.45 758.71 556.77 742.02 535.2 721.78 519.46 706.83 511.81 699.78 502.94 691.35 502.77 667.89 498.16 667.76 497.99 639.5 497.69 609.64 497.44 591.69 Z"
       id="Clark"
       fill="#d8e9e9"
       style="fill:#7996e2;fill-opacity:1" />
    <path
       d="M 320.9 337.78 328.87 335.64 342.38 332.92 368.24 328.07 396.36 328.23 419.67 328.5 432.94 328.5 485.93 328.32 494.36 328.18 521.62 346.31 521.77 346.3 564.32 374.71 575.59 382.16 576.88 453.35 496.6 454.43 497.01 531.13 497.23 542.5 497.12 545.36 497.38 572.53 497.65 589.46 497.44 591.69 497.69 609.64 497.99 639.5 498.16 667.76 502.77 667.89 502.94 691.35 498.57 687.32 479.94 669.75 453.85 645.25 443.5 635.45 423.12 616.34 396.59 591.28 381.58 577.19 381.93 525.13 381.9 517.14 382.27 460.34 377.44 454.59 375.48 454.6 375.51 452.35 361.12 435.85 341.31 412.74 335.56 406.12 332.9 403.12 291.25 354.91 291.4 345.72 320.9 337.78 Z"
       id="Nye"
       fill="#cdec98"
       style="fill:#d75d5d;fill-opacity:1" />
    <path
       d="M 157.85 313.8 163.64 312.2 178.79 304.6 197.01 272.8 197.55 272.82 199.37 269.57 205.35 269.72 208.13 269.05 212.19 265.63 215.43 261.9 215.17 271.66 214.11 271.62 213.63 285.03 211.24 284.95 210.83 299.76 212.42 299.89 212.39 301.49 214.01 301.56 213.99 303.17 215.64 303.23 215.59 304.9 217.18 304.94 217.14 306.59 218.8 306.63 218.76 308.28 220.41 308.33 220.36 310.1 222.04 310.14 222 311.79 224.01 311.84 223.97 313.52 225.61 313.56 225.58 315.21 227.21 315.25 227.19 316.9 228.82 316.94 228.79 318.59 230.42 318.63 230.32 321.92 232.45 321.97 232.42 323.43 234.07 323.48 234.03 325.08 235.68 325.13 235.64 326.81 237.29 326.85 237.25 328.5 238.9 328.54 238.82 331.83 242.11 331.91 242.01 336.24 227.51 335.84 219.9 348.09 218.6 350.51 218.36 360.99 228.35 361.24 228.11 371.16 227.64 371.15 226.78 410.84 204.47 410.45 189.26 396.13 189.64 383.31 188.05 383.26 188.15 373.32 183.15 373.48 183.52 369.83 183.67 364.88 182.07 363.17 182.15 359.86 180.51 359.81 180.65 356.5 182.25 356.54 182.63 348.3 184.23 348.35 184.37 345.07 189.1 345.29 189.58 344.39 192.5 344.48 192.78 333.82 181.53 333.45 171.55 333 171.06 331.1 170.78 327.27 169.84 326.09 170.97 322.49 170.96 320.67 163.31 320.35 160.33 318.64 157.85 313.8 Z"
       id="Lyon"
       fill="#d5bca5"
       style="fill:#d75d5d;fill-opacity:1" />
    <path
       d="M 131.63 322.6 142.58 323.01 144.26 322.43 144.28 320.78 145.99 319.11 150.03 317.61 152.51 317.69 152.57 316.04 154.22 316.09 154.28 314.44 157.54 314.56 157.8 313.82 157.85 313.8 160.33 318.64 163.31 320.35 170.96 320.67 170.97 322.49 169.84 326.09 170.78 327.27 171.06 331.1 171.55 333 153.66 332.56 152.97 329.23 142.05 328.98 131.5 328.62 131.63 322.6 Z"
       id="Carson-City"
       fill="#dbe5d2"
       style="fill:#e27f7f;fill-opacity:1" />
    <path
       d="M 397.29 5.94 452.43 6.31 455.46 6.18 478.09 6.04 479.7 6.15 515.44 5.68 541.92 5.46 565.86 5.06 579.08 4.19 584.98 4.01 602.66 4.43 613.75 4.04 629.51 3.77 649.92 3.21 650.45 15.6 650.44 19.5 650.89 30.5 651.77 60.29 653.99 142.15 654.99 184.59 655.89 216.57 648.67 216.8 627.89 217.28 584.48 217.72 582.79 217.87 571.88 217.99 551.17 218.34 529.09 218.12 528.89 218.03 499.73 218.36 485.24 218.54 478.79 190.59 471.19 157.37 470.94 119.47 434 119.54 396.81 119.5 396.92 91.12 397.11 63.36 397.05 62.71 397.14 34.29 397.29 5.94 Z"
       id="Elko"
       fill="#9a94d1"
       style="fill:#d72f30;fill-opacity:1" />
    <path
       d="M 204.47 410.45 226.78 410.84 227.64 371.15 228.11 371.16 228.35 361.24 218.36 360.99 218.6 350.51 219.9 348.09 227.51 335.84 242.01 336.24 253.9 336.59 287.35 337.31 320.9 337.78 291.4 345.72 291.25 354.91 332.9 403.12 335.56 406.12 307.64 436.2 300.41 443.85 296.01 448.78 286.08 459.27 284.56 461.17 275.33 471.16 269.61 471.03 268.46 470.74 255.71 458.71 251.33 454.7 243.16 446.82 238.09 442.19 222.48 427.38 217.98 423.32 204.47 410.45 Z"
       id="Mineral"
       fill="#e8ead8"
       style="fill:#d75d5d;fill-opacity:1" />
    <path
       d="M 197.01 272.8 178.79 304.6 163.64 312.2 157.85 313.8 157.8 313.82 159.26 312.93 159.39 310.46 161.02 310.52 161.22 304.74 162.89 304.81 160.68 299.79 161.53 296.47 163.28 296.57 163.63 291.65 160.01 291.53 160.33 283.28 163.07 284.7 166.74 284.49 169.18 281 175 278.53 176.68 279.01 180.44 278.26 180.62 276.66 185.43 276.05 189.19 276.59 190.35 275.38 191.96 275.57 197.01 272.8 Z"
       id="Storey"
       fill="#bbea90"
       style="fill:#d75d5d;fill-opacity:1" />
    <path
       d="M 575.59 382.16 608.5 381.49 660.36 380.18 660.88 400.34 661.74 427.07 662.5 457.15 663.13 477.18 663.19 486.01 663.57 503.42 664.23 523.27 665.26 560.72 665.83 575.56 666.13 588.58 601.1 590.04 601.06 588.95 583.37 589.29 511.69 590.31 511.71 591.58 497.44 591.69 497.65 589.46 497.38 572.53 497.12 545.36 497.23 542.5 497.01 531.13 496.6 454.43 576.88 453.35 575.59 382.16 Z"
       id="Lincoln"
       fill="#cde2b7"
       style="fill:#d72f30;fill-opacity:1" />
    <path
       d="M 201.58 3.09 211.41 3.5 229.01 3.93 254.85 4.82 271.45 4.78 303.45 5.18 324.71 5.39 345.71 5.69 382.05 5.74 397.29 5.94 397.14 34.29 397.05 62.71 397.11 63.36 396.92 91.12 396.81 119.5 396.62 160.1 393.77 160.16 376.86 160.06 372.1 173.24 372.28 156.18 371.47 155.35 342.46 154.99 342.7 135.28 290.3 134.6 244.02 133.75 244.32 121.82 199.22 120.65 197.48 120.59 198.33 89.36 200.5 89.49 201.22 69.02 199.56 68.99 200.42 48.94 199.92 48.96 200.86 18.69 201.04 18.69 201.58 3.09 Z"
       id="Humboldt"
       fill="#c4e4e2"
       style="fill:#d72f30;fill-opacity:1" />
    <path
       d="M 335.56 406.12 341.31 412.74 361.12 435.85 375.51 452.35 375.48 454.6 377.44 454.59 382.27 460.34 381.9 517.14 381.93 525.13 381.58 577.19 372.51 568.76 362.57 559.39 351.36 548.67 344.03 541.95 335.11 533.41 332.26 530.93 317.59 516.86 315.02 514.71 308.66 508.55 268.46 470.74 269.61 471.03 275.33 471.16 284.56 461.17 286.08 459.27 296.01 448.78 300.41 443.85 307.64 436.2 335.56 406.12 Z"
       id="Esmeralda"
       fill="#cee8ef"
       style="fill:#d72f30;fill-opacity:1" />
    <path
       d="M 131.5 328.62 142.05 328.98 152.97 329.23 153.66 332.56 171.55 333 181.53 333.45 192.78 333.82 192.5 344.48 189.58 344.39 189.1 345.29 184.37 345.07 184.23 348.35 182.63 348.3 182.25 356.54 180.65 356.5 180.51 359.81 182.15 359.86 182.07 363.17 183.67 364.88 183.52 369.83 183.15 373.48 188.15 373.32 188.05 383.26 189.64 383.31 189.26 396.13 185.26 392.5 175.01 382.76 150.34 359.53 131.24 341.48 131.5 328.62 Z"
       id="Douglas"
       fill="#c7d5e6"
       style="fill:#d75d5d;fill-opacity:1" />
  </g>
</svg>