<svg
   xmlns:dc="http://purl.org/dc/elements/1.1/"
   xmlns:cc="http://creativecommons.org/ns#"
   xmlns:rdf="http://www.w3.org/1999/02/22-rdf-syntax-ns#"
   xmlns:svg="http://www.w3.org/2000/svg"
   xmlns="http://www.w3.org/2000/svg"
   xmlns:sodipodi="http://sodipodi.sourceforge.net/DTD/sodipodi-0.dtd"
   xmlns:inkscape="http://www.inkscape.org/namespaces/inkscape"
   width="810"
   height="810"
   viewBox="0 0 810 810"
   stroke-linecap="round"
   stroke-linejoin="round">
  <metadata
     id="metadata9799">
    <rdf:RDF>
      <cc:Work
         rdf:about="">
        <dc:format>image/svg+xml</dc:format>
        <dc:type
           rdf:resource="http://purl.org/dc/dcmitype/StillImage" />
      </cc:Work>
    </rdf:RDF>
  </metadata>
  <defs
     id="defs9797" />
  <sodipodi:namedview
     pagecolor="#ffffff"
     bordercolor="#666666"
     borderopacity="1"
     objecttolerance="10"
     gridtolerance="10"
     guidetolerance="10"
     inkscape:pageopacity="0"
     inkscape:pageshadow="2"
     inkscape:window-width="2087"
     inkscape:window-height="1930"
     id="namedview9795"
     showgrid="false"
     inkscape:zoom="1.3338306"
     inkscape:cx="405"
     inkscape:cy="375.01118"
     inkscape:window-x="1723"
     inkscape:window-y="2"
     inkscape:window-maximized="0"
     inkscape:current-layer="New Mexico" />
  <g
     transform="translate(5,5)"
     stroke="white"
     stroke-width="1"
     style="fill:#d75d5d;fill-opacity:1">
    <path
       d="M 48.68 534.03 59.37 534.5 95.88 535.13 108.06 535.6 119.02 536.81 171.97 537.78 187.94 538.21 190.77 540.62 189.27 542.3 189.46 549.48 191.3 555.35 189.22 558.38 189.58 567.1 191.59 571.35 197.38 572.99 199.1 578.76 197.46 580.83 198.06 586.87 201.33 590.94 200.72 593.69 203.99 597.46 203.78 603.44 204.64 605.49 203.15 609.6 203.34 613.95 202.45 618.66 217.09 621.92 179.66 621.54 179.5 633.72 143.22 633.18 142.02 694.39 143.57 694.42 143 724.64 106.24 723.99 106.86 693.7 105.31 693.67 106.69 632.48 93.66 632.21 93.96 619.99 69.48 619.46 69.88 595.09 47.08 594.44 48.68 534.03 Z"
       id="Grant"
       fill="#b3c4db"
       style="fill:#7996e2;fill-opacity:1" />
    <path
       d="M 584.22 114.84 632.76 113.88 632.9 119.99 657.33 119.48 657.58 131.85 706.47 130.46 706.82 142.72 705.7 142.75 706.74 179.08 706.61 191.29 707.62 227.14 706.59 228.17 678.1 228.96 677.98 224.38 668.05 224.57 637.75 172.16 632.7 175.12 592.9 176.26 591.87 170.07 593.17 167.87 590.38 165.23 593.07 160.41 594.85 159.22 594.76 152.33 597.3 150.81 594 147.73 595.79 145.26 592.82 143.44 592.69 139.11 587.5 126.91 587.99 123.62 584.31 120.61 584.22 114.84 Z"
       id="Harding"
       fill="#b8e0da"
       style="fill:#d75d5d;fill-opacity:1" />
    <path
       d="M 206.42 499.69 237.37 500.14 264.23 500.2 319.54 500.95 351.84 501.02 363.76 500.47 363.85 512.97 366.93 512.98 367.5 560.29 302.72 592.29 302.7 598.38 253.97 597.87 253.71 622.35 217.09 621.92 202.45 618.66 203.34 613.95 203.15 609.6 204.64 605.49 203.78 603.44 203.99 597.46 200.72 593.69 201.33 590.94 198.06 586.87 197.46 580.83 199.1 578.76 197.38 572.99 191.59 571.35 189.58 567.1 189.22 558.38 191.3 555.35 189.46 549.48 189.27 542.3 190.77 540.62 187.94 538.21 171.97 537.78 172.62 499 179.85 499.63 206.42 499.69 Z"
       id="Sierra"
       fill="#b1e486"
       style="fill:#d75d5d;fill-opacity:1" />
    <path
       d="M 246.51 6.44 307.64 6.99 308.48 8.08 336.89 8.15 383.64 8.07 405.58 7.86 409.5 23.14 409.22 29.98 408.1 33.64 408.64 39.81 408.54 47.34 409.7 51.61 409.61 58.72 411.46 66.68 411.57 71.78 413.26 79.05 413.42 82.53 411.55 88.61 411.97 94.86 410.62 98.25 405.99 100.95 402.45 101.58 399.92 105.75 422.82 115.01 436.66 133.21 460.13 145.27 459.39 148.37 455.39 150.98 448.57 150.03 447.1 152.48 439.98 151.6 438.85 150.21 438.91 146.9 399.46 147.09 400.49 149.34 400.48 157.07 378.67 157.1 378.39 152.11 378.5 147.19 311.82 147.38 305.81 147.3 306.04 116.81 264.13 116.45 258.38 116.66 246.3 116.05 222.08 115.48 222.25 85.14 223.09 51.64 223.54 51.64 223.94 33.58 231.05 26.27 233.94 25.77 242.91 19.85 242.4 12.95 245.37 10.61 246.51 6.44 Z"
       id="Rio-Arriba"
       fill="#cbdc93"
       style="fill:#6674de;fill-opacity:1" />
    <path
       d="M 493.95 7.3 518.69 7.27 558.67 6.65 560.97 6.47 593.11 6 630.33 4.8 631.35 46.66 631.24 49.31 632.43 95.48 632.76 113.88 584.22 114.84 535.45 115.74 535.37 109.63 501.3 110.12 481.34 110.21 482.89 108.05 481.93 104.65 482.64 99.63 481.77 94.58 483 92.43 481.28 84.44 480.16 83.05 482.68 76.82 480.24 72.35 477.01 69.92 479.92 66.69 477.11 61.59 479.7 57.66 477.47 51.5 479.52 49.21 482.42 49.09 483.9 45.52 486.64 44.84 488.96 46.38 493.22 45.35 493.92 40.89 492.59 35.98 493.77 31.54 493.17 27.98 496.36 18.42 492.24 11.92 493.95 7.3 Z"
       id="Colfax"
       fill="#e4c9a0"
       style="fill:#e27f7f;fill-opacity:1" />
    <path
       d="M 405.58 7.86 493.95 7.3 492.24 11.92 496.36 18.42 493.17 27.98 493.77 31.54 492.59 35.98 493.92 40.89 493.22 45.35 488.96 46.38 486.64 44.84 483.9 45.52 482.42 49.09 479.52 49.21 477.47 51.5 479.7 57.66 477.11 61.59 479.92 66.69 477.01 69.92 480.24 72.35 482.68 76.82 480.16 83.05 481.28 84.44 483 92.43 481.77 94.58 482.64 99.63 481.93 104.65 482.89 108.05 481.34 110.21 476.12 111.52 474.79 114.76 475.1 120.12 472.31 123.21 472.56 128.53 467.74 136.05 464.78 141.81 460.13 145.27 436.66 133.21 422.82 115.01 399.92 105.75 402.45 101.58 405.99 100.95 410.62 98.25 411.97 94.86 411.55 88.61 413.42 82.53 413.26 79.05 411.57 71.78 411.46 66.68 409.61 58.72 409.7 51.61 408.54 47.34 408.64 39.81 408.1 33.64 409.22 29.98 409.5 23.14 405.58 7.86 Z"
       id="Taos"
       fill="#94bbeb"
       style="fill:#584cde;fill-opacity:1" />
    <path
       d="M 438.85 150.21 439.98 151.6 447.1 152.48 448.57 150.03 455.39 150.98 459.39 148.37 460.13 145.27 464.78 141.81 467.74 136.05 472.56 128.53 472.31 123.21 475.1 120.12 474.79 114.76 476.12 111.52 481.34 110.21 501.3 110.12 535.37 109.63 535.45 115.74 584.22 114.84 584.31 120.61 587.99 123.62 587.5 126.91 592.69 139.11 592.82 143.44 595.79 145.26 594 147.73 597.3 150.81 594.76 152.33 594.85 159.22 593.07 160.41 590.38 165.23 593.17 167.87 591.87 170.07 592.9 176.26 572.77 176.43 560.06 176.27 536.61 177.39 520.13 178.55 517.83 180.81 508.37 173.55 503.76 173.43 500.64 171.14 495.84 170.68 493.71 169.45 481.1 165.04 438.58 165.28 438.85 150.21 Z"
       id="Mora"
       fill="#d8e9e9"
       style="fill:#6674de;fill-opacity:1" />
    <path
       d="M 217.09 621.92 253.71 622.35 253.74 638.04 253.1 695.6 253.23 695.99 252.93 737.42 211.83 736.99 143.84 735.94 142.89 730.76 143 724.64 143.57 694.42 142.02 694.39 143.22 633.18 179.5 633.72 179.66 621.54 217.09 621.92 Z"
       id="Luna"
       fill="#cdec98"
       style="fill:#e27f7f;fill-opacity:1" />
    <path
       d="M 246.51 6.44 245.37 10.61 242.4 12.95 242.91 19.85 233.94 25.77 231.05 26.27 223.94 33.58 223.54 51.64 223.09 51.64 222.25 85.14 222.08 115.48 221.39 146.25 159.98 144.85 139.87 144.51 59.69 142.45 63.83 2.76 74.05 3.08 153.35 5.02 246.51 6.44 Z"
       id="San-Juan"
       fill="#d5bca5"
       style="fill:#d75d5d;fill-opacity:1" />
    <path
       d="M 47.08 594.44 69.88 595.09 69.48 619.46 93.96 619.99 93.66 632.21 106.69 632.48 105.31 693.67 106.86 693.7 106.24 723.99 143 724.64 142.89 730.76 143.84 735.94 142.69 799 82.66 797.83 41.48 796.94 47.08 594.44 Z"
       id="Hidalgo"
       fill="#dbe5d2"
       style="fill:#e27f7f;fill-opacity:1" />
    <path
       d="M 378.39 152.11 378.67 157.1 378.37 167.62 378.38 169.93 380.99 171.39 386.93 171.65 386.11 174.18 381.19 179.98 378.12 181.61 374.45 176.55 365.96 173.12 360.97 174.35 361.14 152.97 362.66 154.01 370.72 154.06 372.44 151.12 378.39 152.11 Z"
       id="Los-Alamos"
       fill="#9a94d1"
       style="fill:#6674de;fill-opacity:1" />
    <path
       d="M 253.71 622.35 253.97 597.87 302.7 598.38 302.72 592.29 367.5 560.29 367.46 573.52 363.23 573.56 363 707.57 334.19 707.6 331.67 710.41 333.48 713.12 333.51 718.12 330.94 722.38 332.04 726.4 336.09 730.14 335.69 731.77 339.03 734.24 342.63 734.68 344.47 737.96 288.37 737.75 252.93 737.42 253.23 695.99 253.1 695.6 253.74 638.04 253.71 622.35 Z"
       id="Doña-Ana"
       fill="#e8ead8"
       style="fill:#7996e2;fill-opacity:1" />
    <path
       d="M 415.88 391.13 487.17 390.68 487.08 378.47 536.05 377.94 536.34 414.18 536.69 451.17 537.11 451.46 537.73 510.87 538.6 511.55 538.76 523.8 536.55 523.82 536.67 547.22 512.73 548.51 488.16 548.67 487.9 524.34 475.88 524.57 439.83 524.84 439.63 512.83 398.92 513.12 366.93 512.98 363.85 512.97 363.76 500.47 363.69 475.16 376.04 475.17 388.92 476.3 401.3 476.58 401.26 452.02 416.22 451.98 416.05 403.38 415.88 391.13 Z"
       id="Lincoln"
       fill="#bbea90"
       style="fill:#d75d5d;fill-opacity:1" />
    <path
       d="M 283.96 293.13 288.72 305.39 323.8 305.59 327.82 300.54 357.46 301.03 359.52 302.95 359.49 305.68 353.48 305.68 353.1 323.18 353.28 342.36 352.55 342.35 352.68 354.57 358.82 354.51 358.8 366 354.22 366.36 348.62 363.55 318.07 353.03 304.86 346.21 302.33 346.05 267.86 346.01 267.6 341.8 268.23 292.94 283.96 293.13 Z"
       id="Valencia"
       fill="#cde2b7"
       style="fill:#e27f7f;fill-opacity:1" />
    <path
       d="M 55.56 288.63 122.09 290.41 123.25 241.69 178.23 242.99 207.65 243.51 207.74 237.46 219.9 237.61 219.76 243.77 231.71 244.05 256.46 244.03 264.56 244.14 269.23 256.25 283.96 293.13 268.23 292.94 267.6 341.8 267.86 346.01 252.81 345.75 207.23 345.37 168.33 344.5 132.49 343.94 54.04 341.97 55.56 288.63 Z"
       id="Cibola"
       fill="#c4e4e2"
       style="fill:#a5b0ff;fill-opacity:1" />
    <path
       d="M 378.84 257.3 378.88 281.91 378.9 294.05 389.74 294.03 389.76 305.7 359.49 305.68 359.52 302.95 357.46 301.03 327.82 300.54 323.8 305.59 288.72 305.39 283.96 293.13 269.23 256.25 280.6 256.48 331.23 256.89 333.35 258.99 337.41 256.92 364.69 257.05 378.84 257.3 Z"
       id="Bernalillo"
       fill="#cee8ef"
       style="fill:#7996e2;fill-opacity:1" />
    <path
       d="M 622.81 265 653.2 247.19 653.29 250.24 678.64 249.82 678.1 228.96 706.59 228.17 707.62 227.14 706.61 191.29 706.74 179.08 744.91 177.91 748.34 288 720.44 288.86 720.8 301.36 708.6 301.65 708.9 313.89 696.71 314.17 697.04 326.39 672.71 326.88 672.98 339.14 669.26 339.28 644.85 339.81 623.98 340.24 623.43 315.84 623.24 291.28 622.81 265 Z"
       id="Quay"
       fill="#c7d5e6"
       style="fill:#d75d5d;fill-opacity:1" />
    <path
       d="M 536.05 377.94 535.54 341.88 587.37 340.99 587.13 328.84 599.31 328.54 599.07 316.37 623.43 315.84 623.98 340.24 644.85 339.81 645.9 388.21 646.3 388.2 646.83 413.04 622.39 413.46 622.56 425.76 574.56 426.34 549.03 426.37 548.82 414.11 536.34 414.18 536.05 377.94 Z"
       id="De-Baca"
       fill="#bce4ec"
       style="fill:#d72f30;fill-opacity:1" />
    <path
       d="M 669.26 339.28 672.98 339.14 672.71 326.88 697.04 326.39 696.71 314.17 708.9 313.89 708.6 301.65 720.8 301.36 720.44 288.86 748.34 288 751.08 379.33 670.09 381.55 669.26 339.28 Z"
       id="Curry"
       fill="#f3d7d4"
       style="fill:#d75d5d;fill-opacity:1" />
    <path
       d="M 644.85 339.81 669.26 339.28 670.09 381.55 751.08 379.33 752.44 421.25 753.27 481.98 699.59 483.58 699.31 471.37 674.86 472.14 674.47 449.25 659.84 449.65 659 412.83 646.83 413.04 646.3 388.2 645.9 388.21 644.85 339.81 Z"
       id="Roosevelt"
       fill="#cee9e7"
       style="fill:#d75d5d;fill-opacity:1" />
    <path
       d="M 665.85 569.25 671.53 569.1 670.11 508.84 675.39 508.66 674.87 484.29 699.59 483.58 753.27 481.98 754.31 562.01 758.52 702.07 727.22 702.97 679.88 704.19 678.15 631.03 667.31 631.28 665.85 569.25 Z"
       id="Lea"
       fill="#e8c7b1"
       style="fill:#c21b18;fill-opacity:1" />
    <path
       d="M 488.16 548.67 512.73 548.51 536.67 547.22 536.55 523.82 538.76 523.8 538.6 511.55 537.73 510.87 537.11 451.46 536.69 451.17 536.34 414.18 548.82 414.11 549.03 426.37 574.56 426.34 622.56 425.76 622.39 413.46 646.83 413.04 659 412.83 659.84 449.65 674.47 449.25 674.86 472.14 699.31 471.37 699.59 483.58 674.87 484.29 675.39 508.66 670.11 508.84 671.53 569.1 665.85 569.25 602.11 570.65 544.53 571.73 545.28 633.74 544.17 633.75 508.83 634.14 484.53 634.64 484.67 622.6 484.5 589.87 484.18 572.56 488.49 572.51 488.16 548.67 Z"
       id="Chaves"
       fill="#f4ddd3"
       style="fill:#d72f30;fill-opacity:1" />
    <path
       d="M 221.39 146.25 222.08 115.48 246.3 116.05 258.38 116.66 264.13 116.45 306.04 116.81 305.81 147.3 311.82 147.38 378.5 147.19 378.39 152.11 372.44 151.12 370.72 154.06 362.66 154.01 361.14 152.97 360.97 174.35 365.96 173.12 374.45 176.55 378.12 181.61 378.33 196.03 378.3 244.84 378.84 257.3 364.69 257.05 337.41 256.92 333.35 258.99 331.23 256.89 280.6 256.48 269.23 256.25 264.56 244.14 256.46 244.03 257.01 228.15 257 205.11 257.59 146.94 221.39 146.25 Z"
       id="Sandoval"
       fill="#b6a8f0"
       style="fill:#7996e2;fill-opacity:1" />
    <path
       d="M 438.58 165.28 481.1 165.04 493.71 169.45 495.84 170.68 500.64 171.14 503.76 173.43 508.37 173.55 517.83 180.81 520.13 178.55 536.61 177.39 560.06 176.27 572.77 176.43 592.9 176.26 632.7 175.12 637.75 172.16 668.05 224.57 677.98 224.38 678.1 228.96 678.64 249.82 653.29 250.24 653.2 247.19 622.81 265 622.59 254.68 564.42 255.69 488.46 256.65 488.74 281.09 439.91 281.52 439.37 244.72 438.98 195.82 438.61 184.55 438.58 165.28 Z"
       id="San-Miguel"
       fill="#e7d5a7"
       style="fill:#6674de;fill-opacity:1" />
    <path
       d="M 544.17 633.75 545.28 633.74 544.53 571.73 602.11 570.65 665.85 569.25 667.31 631.28 678.15 631.03 679.88 704.19 643.86 705.01 583.3 706.1 556.7 706.44 554.61 706.89 545.57 706.65 545.12 671.15 544.69 671.16 544.17 633.75 Z"
       id="Eddy"
       fill="#f1c9ad"
       style="fill:#d72f30;fill-opacity:1" />
    <path
       d="M 359.49 305.68 389.76 305.7 389.74 294.03 378.9 294.05 378.88 281.91 439.91 281.52 488.74 281.09 489.37 342.08 486.78 342.08 487.08 378.47 487.17 390.68 415.88 391.13 358.87 391.2 358.8 366 358.82 354.51 352.68 354.57 352.55 342.35 353.28 342.36 353.1 323.18 353.48 305.68 359.49 305.68 Z"
       id="Torrance"
       fill="#a5a7e4"
       style="fill:#d75d5d;fill-opacity:1" />
    <path
       d="M 367.5 560.29 366.93 512.98 398.92 513.12 439.63 512.83 439.83 524.84 475.88 524.57 487.9 524.34 488.16 548.67 488.49 572.51 484.18 572.56 484.5 589.87 484.67 622.6 484.53 634.64 508.83 634.14 544.17 633.75 544.69 671.16 545.12 671.15 545.57 706.65 476.15 707.29 393.03 707.38 363 707.57 363.23 573.56 367.46 573.52 367.5 560.29 Z"
       id="Otero"
       fill="#c6edcf"
       style="fill:#d75d5d;fill-opacity:1" />
    <path
       d="M 488.74 281.09 488.46 256.65 564.42 255.69 622.59 254.68 622.81 265 623.24 291.28 623.43 315.84 599.07 316.37 599.31 328.54 587.13 328.84 587.37 340.99 535.54 341.88 536.05 377.94 487.08 378.47 486.78 342.08 489.37 342.08 488.74 281.09 Z"
       id="Guadalupe"
       fill="#abe3a6"
       style="fill:#7996e2;fill-opacity:1" />
    <path
       d="M 207.23 345.37 252.81 345.75 267.86 346.01 302.33 346.05 304.86 346.21 318.07 353.03 348.62 363.55 354.22 366.36 358.8 366 358.87 391.2 415.88 391.13 416.05 403.38 416.22 451.98 401.26 452.02 401.3 476.58 388.92 476.3 376.04 475.17 363.69 475.16 363.76 500.47 351.84 501.02 319.54 500.95 264.23 500.2 237.37 500.14 206.42 499.69 207.04 463.04 206.76 450.82 207.57 389.98 206.51 389.97 207.23 345.37 Z"
       id="Socorro"
       fill="#8e94e1"
       style="fill:#ffb2b2;fill-opacity:1" />
    <path
       d="M 378.12 181.61 381.19 179.98 386.11 174.18 386.93 171.65 380.99 171.39 378.38 169.93 378.37 167.62 378.67 157.1 400.48 157.07 400.49 149.34 399.46 147.09 438.91 146.9 438.85 150.21 438.58 165.28 438.61 184.55 438.98 195.82 439.37 244.72 439.91 281.52 378.88 281.91 378.84 257.3 378.3 244.84 378.33 196.03 378.12 181.61 Z"
       id="Santa-Fe"
       fill="#c6a2a0"
       style="fill:#584cde;fill-opacity:1" />
    <path
       d="M 54.04 341.97 132.49 343.94 168.33 344.5 207.23 345.37 206.51 389.97 207.57 389.98 206.76 450.82 207.04 463.04 206.42 499.69 179.85 499.63 172.62 499 171.97 537.78 119.02 536.81 108.06 535.6 95.88 535.13 59.37 534.5 48.68 534.03 51.29 440.67 51.7 423.15 54.04 341.97 Z"
       id="Catron"
       fill="#a0abe9"
       style="fill:#d72f30;fill-opacity:1" />
    <path
       d="M 630.33 4.8 690.61 2.82 743.43 1 745.78 71.07 741.31 71.21 743.51 133.63 744.91 177.91 706.74 179.08 705.7 142.75 706.82 142.72 706.47 130.46 657.58 131.85 657.33 119.48 632.9 119.99 632.76 113.88 632.43 95.48 631.24 49.31 631.35 46.66 630.33 4.8 Z"
       id="Union"
       fill="#9fc4c7"
       style="fill:#d72f30;fill-opacity:1" />
    <path
       d="M 59.69 142.45 139.87 144.51 159.98 144.85 221.39 146.25 257.59 146.94 257 205.11 257.01 228.15 256.46 244.03 231.71 244.05 219.76 243.77 219.9 237.61 207.74 237.46 207.65 243.51 178.23 242.99 123.25 241.69 122.09 290.41 55.56 288.63 57.04 232.03 59.69 142.45 Z"
       id="McKinley"
       fill="#d5d6f7"
       style="fill:#6674de;fill-opacity:1" />
  </g>
</svg>