<svg
   width="810"
   height="810"
   viewBox="0 0 810 810"
   stroke-linecap="round"
   stroke-linejoin="round"
   xmlns:inkscape="http://www.inkscape.org/namespaces/inkscape"
   xmlns:sodipodi="http://sodipodi.sourceforge.net/DTD/sodipodi-0.dtd"
   xmlns="http://www.w3.org/2000/svg"
   xmlns:svg="http://www.w3.org/2000/svg"
   xmlns:rdf="http://www.w3.org/1999/02/22-rdf-syntax-ns#"
   xmlns:cc="http://creativecommons.org/ns#"
   xmlns:dc="http://purl.org/dc/elements/1.1/">
  <metadata
     id="metadata2294">
    <rdf:RDF>
      <cc:Work
         rdf:about="">
        <dc:format>image/svg+xml</dc:format>
        <dc:type
           rdf:resource="http://purl.org/dc/dcmitype/StillImage" />
      </cc:Work>
    </rdf:RDF>
  </metadata>
  <defs
     id="defs2292" />
  <sodipodi:namedview
     pagecolor="#ffffff"
     bordercolor="#666666"
     borderopacity="1"
     objecttolerance="10"
     gridtolerance="10"
     guidetolerance="10"
     inkscape:pageopacity="0"
     inkscape:pageshadow="2"
     inkscape:window-width="1904"
     inkscape:window-height="1041"
     id="namedview2290"
     showgrid="false"
     inkscape:zoom="0.66691529"
     inkscape:cx="155.94184"
     inkscape:cy="350.11943"
     inkscape:window-x="0"
     inkscape:window-y="0"
     inkscape:window-maximized="0"
     inkscape:current-layer="New Jersey"
     inkscape:showpageshadow="2"
     inkscape:pagecheckerboard="0"
     inkscape:deskcolor="#d1d1d1" />
  <g
     transform="translate(5,5)"
     stroke="white"
     stroke-width="1"
     style="fill:#7996e2;fill-opacity:1">
    <path
       d="M 342.92 87.22 349.79 95.52 369.37 119.78 378.71 131.49 391.94 147.7 386.72 152.46 386.26 154.55 383.33 155.95 382.19 161.3 383.76 163.19 381.95 164.34 381.76 166.23 379.04 167.8 378.28 169.62 379.62 171.98 376.47 174.58 373.49 180.36 371.62 182.72 369.5 183.62 368.09 183.04 367.44 185.12 361.71 188.09 358 190.43 358.46 193.29 355.8 195.02 355.31 196.37 352.29 198.94 351.4 200.75 347.44 205.41 346.12 207.73 343.16 210.1 341.36 213.61 338.96 213.44 338.68 214.83 336.13 215.84 333.36 218.8 329.73 218.53 325.43 222.13 322.91 223.71 321.63 223.46 314.62 228.64 313.96 230.04 311.5 231.38 309.89 233.64 307.44 234.72 306.6 236.5 301.91 238.12 299.68 239.52 297.42 239.88 296.31 242.66 295.12 242.26 293.42 243.4 292.93 245.77 290.24 248.3 288.39 251.25 286.03 252.07 285.58 248.44 283.34 244.49 284.22 242.96 286.03 242.76 286.57 241.23 286.07 237.53 283.64 233.89 284.62 231.19 286.09 228.97 288.13 227.66 289.47 225.49 289.46 223.8 284.62 222.59 282.9 219.22 285.33 211.84 287.37 209.8 288.36 206.64 287.56 204.22 285.18 201.5 284.9 199.48 288.3 196.97 289.7 195.37 290.19 192.52 291.21 190.94 293.2 190.75 296.76 191.96 300.5 192.32 303.37 188.07 307.02 186.67 308.97 183.82 309.12 181.27 311.58 178.54 313.24 175.74 312.86 173.89 309.87 170.3 310.33 168.29 311.54 167.61 315.11 167.4 316.57 168.23 318.4 167.56 318.31 165.6 321.41 162.79 320.91 159.62 315.39 152.34 315.38 148.61 314.6 146.36 310.57 142.96 308.1 138.95 306.59 135.06 305.08 133.43 303.92 127.79 301.13 127.5 300.71 125.56 301.98 120.9 307.36 116.66 311.48 114.77 314.37 112.52 315.89 112.43 324.2 107.7 327.87 105.15 328.06 102.88 330.41 99.49 331.41 96.31 333.09 95.97 334.79 93.87 339.04 92.18 342.59 89.36 342.92 87.22 Z"
       id="Warren"
       fill="#b3c4db"
       style="fill:#e27f7f;fill-opacity:1" />
    <path
       d="M 347.68 334.63 350.37 335.37 369.51 333.07 366.18 322.84 383.21 320.54 381.63 310.12 396.8 307.71 403.32 323.81 406.9 322.45 415.49 320.79 420.42 318.66 428.34 320.86 429.61 323.18 428.95 324.34 427.69 327.83 426.91 333.46 426.22 335.39 428.16 337.26 428.36 340.42 430.03 340.38 433.18 341.55 434.58 343.8 435.65 343.37 438.02 344.67 439.17 347.33 444.22 349.9 446.17 351.7 448.54 351.29 449.15 352.43 451.17 350.81 452.64 350.88 454.58 353.03 455.46 352.82 458.53 355.32 461.98 356.13 463.73 357.17 462.99 363.94 462.82 365.42 463.87 367.36 448.29 375.97 446.94 378.93 444.72 381.65 443.54 384.57 441.43 386.15 438.1 386.45 435.56 388.21 434.06 385.79 430.29 387.23 437.02 401.74 434.61 401.86 428.05 400.27 428.11 398.32 425.6 398.16 424.23 396.43 421.88 396.03 418.44 393.85 418.31 392.95 415.2 391.28 412.64 388.66 411.11 389.01 409.68 387.07 406.64 387.35 405.49 389.55 406.6 390.65 407.13 393.96 405.21 396.95 403.12 397.72 403.09 394.33 400.19 389.76 394.7 385.73 393.73 382.38 390.67 376.33 384.73 371.67 378.64 368.66 374.41 366.11 372.91 364.69 368.37 353.48 366.44 349.98 361.7 345 359.36 343.41 356.37 342.8 348.49 335.83 347.68 334.63 Z"
       id="Mercer"
       fill="#b8e0da"
       style="fill:#584cde;fill-opacity:1" />
    <path
       d="M 317.48 449.49 320.16 449.63 320.56 448.7 323.76 448.14 328.01 450.43 329.15 453.28 328.57 456.56 327.6 456.87 328.16 460.13 329.3 461.11 328.77 464.29 331.5 466.05 333.99 466.76 338.73 466.66 338.88 467.3 336.63 470.9 338.85 472.61 341.92 473.08 343.7 475.41 345.28 480.32 350.03 484.42 353.84 501.38 356.93 515.6 358.96 518.14 363.71 518.8 365.42 517.86 372.09 516.05 378.13 516.71 381.31 518.21 385.4 522.22 387.8 526.41 388.88 526.67 390.11 529.09 394.24 531.81 399.2 535.91 363.2 575.68 359.42 572.31 359.36 570.2 356.8 567.99 355.57 565.01 354.93 557.71 352.8 552.82 348.26 547.17 346.45 546.03 344.06 545.78 342.47 544.47 339.3 544.72 335.31 543.23 333.76 542.01 333.59 540.16 332.28 538.85 328.2 536.84 326.03 535.33 326.59 530.14 323.34 527.34 319.83 521.93 319.31 518.98 316.44 517.6 314 519.09 310.18 519.13 311.51 515.28 312.82 515.71 313.57 511.42 310.7 508.28 309.89 505.7 311.37 503.54 311.3 501.37 308.55 495.34 303.81 491.44 301.54 490.59 300.7 487.99 299.15 486.93 300.15 485.58 297.08 483.33 299.35 479.41 300.11 475.61 298.35 470.5 298.22 463.99 299.67 460.19 302.44 458.01 306.74 455.75 310.91 454.88 313.51 453.93 316.42 451.33 317.48 449.49 Z"
       id="Camden"
       fill="#b1e486"
       style="fill:#6674de;fill-opacity:1" />
    <path
       d="M 316.14 588.45 335.55 606.24 358.01 626.82 364.37 632.4 368.12 635.97 369.1 639.07 369.05 641.52 368.01 643.18 367.84 645.86 369.37 649.75 368.97 653.27 367.62 655.87 365.98 664.38 366.16 667.69 366.89 669.2 366.05 669.01 363.69 672.87 361.54 674.25 357.79 698.33 353.58 700.96 351.35 701.6 350.26 703.63 351.06 708.43 350.24 709.38 351.03 713.49 352.53 713.5 353 717.18 352.18 717.47 349.87 715.76 344.28 713.92 340.64 712.39 337.28 712.29 330.27 712.69 329.35 712.19 324.51 711.77 324.1 709.84 325.19 708.83 324.49 705.34 325.8 703.52 323.64 701.3 323.09 702.96 320.13 702.77 318.84 704.64 312.39 704.96 307.17 705.6 305.63 703.97 303.77 703.51 302.88 704.83 300.89 705.53 299.22 709.04 298.01 709.37 298.48 712.68 294.73 713.85 292.44 712.75 291.12 710.27 288.39 708.35 289.53 704.74 288.62 703.22 287.68 698.05 284.49 694.21 282.23 694.37 280.39 690.75 278.69 688.79 276.99 688.73 269.57 684.94 269.17 681.06 266.8 677.58 267.07 676.3 259.08 674.55 258.83 676.81 257.69 679.09 255.38 677.36 250.87 672.79 248.15 665.55 247.98 663.22 246.24 661.33 242.07 659.79 240.37 660.48 240.12 662.46 238.4 662.49 237.43 659.46 235.39 658.23 233.77 658.2 231.9 656.95 230.82 655.13 230.63 652.62 229.6 649.95 227.63 649.4 226.19 648.31 225.15 647.31 227.08 644.85 226.53 641.38 224.7 639.73 224.87 638.08 227.46 634.94 225.52 631.87 227.28 629.03 227.03 626.74 225.92 626 227.73 623.87 229.74 622.74 233.11 624.23 236.54 624.94 237.81 624.62 240.73 620.2 242.11 619.8 242.52 617.09 244.5 613.57 248.62 614.31 250.69 613.16 254.02 609.44 256.89 606.8 263.03 600.39 271.16 591.32 287.56 604.86 302.98 618.6 310.31 625.02 311.23 620.21 313.06 615.91 312.92 613.59 311.46 610.54 312.19 609.41 311.91 607.08 313.41 603.05 312.89 596.38 316.14 588.45 Z"
       id="Cumberland"
       fill="#cbdc93"
       style="fill:#7996e2;fill-opacity:1" />
    <path
       d="M 286.03 252.07 288.39 251.25 290.24 248.3 292.93 245.77 293.42 243.4 295.12 242.26 296.31 242.66 297.42 239.88 299.68 239.52 301.91 238.12 306.6 236.5 307.44 234.72 309.89 233.64 311.5 231.38 313.96 230.04 314.62 228.64 321.63 223.46 322.91 223.71 325.43 222.13 329.73 218.53 333.36 218.8 336.13 215.84 338.68 214.83 338.96 213.44 341.36 213.61 343.16 210.1 346.12 207.73 347.44 205.41 351.4 200.75 352.29 198.94 355.31 196.37 355.8 195.02 358.46 193.29 358 190.43 361.71 188.09 373.11 197.71 373.37 198.56 377.25 202.5 382.06 203.48 384.62 203.14 385.7 203.75 391.38 205.18 395.9 206.81 399.79 209.95 402.71 210.64 404.87 215.44 404.95 217.5 403.92 218.11 403.11 221.06 404.66 222.33 403.41 226.9 401.38 228.38 402.18 230.66 404.17 232.9 403.07 234.53 403.55 236.32 402.14 238.02 402.41 239.28 405.74 239.87 406.17 241.71 408.38 243 405.72 245.96 403.59 249.7 404.38 250.05 402.78 253.63 405.78 255.12 402.85 261.04 401.31 261.89 398.2 265.28 390.05 281.26 388.53 281.11 386.99 278.73 384.4 277.59 388.24 286.77 396.8 307.71 381.63 310.12 383.21 320.54 366.18 322.84 369.51 333.07 350.37 335.37 347.68 334.63 346.27 327.02 342.48 316.99 341.44 315.71 339.25 314.8 336.24 312.51 334.36 311.92 327.2 314.21 324.78 313.33 321.84 310.72 318.66 309.35 318.01 307.77 316.8 299.77 315.79 297.14 316.71 293.81 316.55 291.06 317.78 288.45 317.72 282.63 317.33 281.26 317.32 273.82 316.47 268.53 314 266.52 308.57 260.07 304.32 258.26 299.45 257.4 296.77 258.23 293.98 260.79 289.74 260.86 286.89 259.39 285.07 257.12 284.93 255.25 286.03 252.07 Z"
       id="Hunterdon"
       fill="#e4c9a0"
       style="fill:#e27f7f;fill-opacity:1" />
    <path
       d="M 516.12 152.17 517.56 153.28 518.07 155.63 520.87 157.37 524.07 157.74 551.69 177.52 550.21 178.06 549.32 182.34 549.65 184.67 547.36 188.53 547.01 191.32 545.31 193.69 543.15 198.47 542.8 202.15 544.31 205.64 547.51 205.65 550.1 203.32 553.61 203.1 555.07 204.73 553.99 210.03 554.27 211.7 556.17 215.9 550.22 225.35 545.91 221.59 543.1 220.21 542.04 220.72 533.9 221.34 532.03 220.07 531.08 216.75 528.83 214.61 520.29 212.64 512.98 209.79 510.84 210.51 509.98 212.09 508.4 212.75 505.13 210.75 502.87 211.48 498.9 209.07 494.51 205.28 491.31 204.08 494.38 200.26 494.85 199.1 491.68 197.55 491.84 193.65 491.04 192.11 492.51 190.69 492.45 186.45 493.25 184.47 496.48 182 496.79 180.24 499.72 179.78 501.12 176.98 500.47 175.09 501.96 173.9 502.32 167.64 503.77 163.21 499.81 161.95 500.21 159.11 499.06 157.95 499.63 155.55 499.39 153.3 500.54 149.59 504.45 150.25 511.03 149.43 511.02 150.94 513.18 151.99 516.12 152.17 Z"
       id="Essex"
       fill="#94bbeb"
       style="fill:#584cde;fill-opacity:1" />
    <path
       d="M 403.12 397.72 405.21 396.95 407.13 393.96 406.6 390.65 405.49 389.55 406.64 387.35 409.68 387.07 411.11 389.01 412.64 388.66 415.2 391.28 418.31 392.95 418.44 393.85 421.88 396.03 424.23 396.43 425.6 398.16 428.11 398.32 428.05 400.27 434.61 401.86 437.02 401.74 445.78 421.18 452.04 435.13 457.58 450.04 466.74 472.64 475.88 494.78 477.1 497.98 487.2 521.67 487.1 579.86 486.62 580.4 484.46 587.74 483.35 588.61 480.59 588.33 479.8 589.19 481 591.44 480.24 592.67 477.58 594.01 476.03 593.2 474.9 594.62 475.95 596.18 474.26 597.65 473.03 596.25 473.58 593.49 471.27 592.78 471.06 595.53 469.5 595.53 468.84 593.06 465.4 594.58 463.67 592.3 461.27 593.22 460.18 590.95 457.7 588.6 456.09 588.5 454.87 587.12 453.68 588.41 451.91 588.49 448.88 586.64 448.52 583.29 446.72 581.81 445.38 579.12 443.08 579.7 439.92 579.15 437.54 576.99 436.63 574.74 434.45 573.79 430.83 571.06 427.59 569.97 425.61 571.33 424.91 569.41 421.56 570.36 418.7 568.36 418.51 565.74 418.96 559.91 418.4 555.99 417.27 554.02 416.51 551.09 414.43 548.48 399.2 535.91 394.24 531.81 390.11 529.09 388.88 526.67 387.8 526.41 385.4 522.22 381.31 518.21 378.13 516.71 372.09 516.05 365.42 517.86 363.71 518.8 358.96 518.14 356.93 515.6 353.84 501.38 350.03 484.42 345.28 480.32 343.7 475.41 341.92 473.08 338.85 472.61 336.63 470.9 338.88 467.3 338.73 466.66 333.99 466.76 331.5 466.05 328.77 464.29 329.3 461.11 328.16 460.13 327.6 456.87 328.57 456.56 329.15 453.28 328.01 450.43 323.76 448.14 320.56 448.7 320.16 449.63 317.48 449.49 319.18 445.25 320.79 443.49 324.06 441.78 329.63 440.01 330.56 438.97 341.16 429.55 349.86 424.31 352.82 423.47 355.82 423.88 368.27 419.1 369.6 416.36 373.8 413.86 376.81 406.26 379.36 405.07 383.28 406.7 387.95 407.37 391.14 404.64 393.83 403.04 398.46 402.58 402.55 398.99 403.12 397.72 Z"
       id="Burlington"
       fill="#d8e9e9"
       style="fill:#6674de;fill-opacity:1" />
    <path
       d="M 462.99 363.94 469.09 364.58 486.07 355.27 485.85 352.4 490.05 346.79 519.48 316.75 522.61 313.47 522.7 305.28 525.49 301.36 527.97 300.95 529 298.45 532.16 300.03 533.14 302.7 536.15 302.13 539.46 296.53 540.44 296.75 543.38 299.61 546.69 299.76 550.2 296.83 551.28 296.88 554.22 299.19 557.67 301.12 562.76 302.87 565.76 304.4 570.1 307.99 572.9 309.23 583.35 311.74 584.76 311.58 586.08 308.97 586.99 301.26 586.23 299.87 584.29 299.19 583.33 294.15 580.42 292.23 580.55 289.98 584.37 290.18 585.33 291.39 588.38 297.47 589.15 302.65 589.31 306.69 591.11 313.39 592.23 324.63 592.27 330.4 590.85 348.41 589.82 354.98 586.97 368.72 583.35 382.39 583.03 385.5 577.78 406.56 577.01 413.36 573.98 412.29 571.36 413.77 570.99 414.93 567.8 417.54 564.44 415.54 561.72 411.62 561.6 409.57 560.47 404.97 558.28 401.94 547.56 414.52 546.52 414.25 545.02 411.85 542.09 411.64 539.27 410.84 534.49 410.1 528.83 411.26 524.98 410.16 523.72 408.27 524.4 404.05 523.24 402.51 522.58 399.84 519.85 398.12 520.17 394.4 519.42 392.21 482.75 390.52 466.89 404.93 452.3 417.52 445.78 421.18 437.02 401.74 430.29 387.23 434.06 385.79 435.56 388.21 438.1 386.45 441.43 386.15 443.54 384.57 444.72 381.65 446.94 378.93 448.29 375.97 463.87 367.36 462.82 365.42 462.99 363.94 Z"
       id="Monmouth"
       fill="#cdec98"
       style="fill:#e27f7f;fill-opacity:1" />
    <path
       d="M 458.4 90.31 463.57 84.49 470.01 76.54 473.47 72.62 478.52 65.81 492.16 51.63 497.75 55.38 508.44 61.75 523.09 70.17 531.03 74.53 521.36 98.46 515.97 112.57 517.95 114.52 521.9 121.04 527.9 124.57 541.22 125.92 541.43 123.67 548.74 129.41 546.99 137.37 548.92 139.38 548.44 141.5 549.34 143.59 551.71 144.56 550.71 146.97 551.17 149.34 550.88 152.17 551.95 153 551.59 156.1 553.73 157.46 555.15 159.35 557.44 164.56 553.83 165.13 554.31 167.29 553.16 171.34 553.91 173.2 553.26 176.57 551.69 177.52 524.07 157.74 520.87 157.37 518.07 155.63 517.56 153.28 516.12 152.17 517.45 148.79 516.2 146.26 513.46 145.79 511.8 141.88 512.83 141.02 513.95 138.28 514.71 133.23 513.95 132.35 514.24 129.9 513.57 128.6 514.36 126.55 512.77 125.44 509.72 125.17 510.85 122.4 510.18 120.22 508.71 118.73 506.7 119.01 505.19 117.71 502.39 118.19 498.93 116.59 496.55 117.2 496.29 115.01 495.25 113.94 493.04 114.91 484.13 112.77 482.58 110.58 480.34 109.33 478.25 109.43 477.11 111.73 475.6 110.91 477.01 108.22 475.97 106.02 473.89 103.74 473.66 101.93 472.4 100.64 468.84 101.44 467.6 102.44 465.19 102.8 461.51 106.25 459.35 106.84 458.78 104.7 459.92 99.39 462.35 96.34 461.27 92.85 458.4 90.31 Z"
       id="Passaic"
       fill="#d5bca5"
       style="fill:#7996e2;fill-opacity:1" />
    <path
       d="M 531.03 74.53 538.25 78.49 560.53 91.27 589.65 108.13 608.12 118.91 610.38 118.94 609.79 123.97 607.08 133.98 605.39 141.72 601.59 154.66 595.92 167.05 593.38 175.02 588.04 184.65 585.9 183.48 585.93 182.01 581.08 178.44 581.35 177.08 577.16 178.81 574.76 181.47 569.42 181.96 567 184.53 565.41 185.12 561.75 191.26 562.29 195.71 560.32 196.24 559.66 193.07 556.95 191.34 554.46 193.14 552.47 193.49 551.67 191.45 547.36 188.53 549.65 184.67 549.32 182.34 550.21 178.06 551.69 177.52 553.26 176.57 553.91 173.2 553.16 171.34 554.31 167.29 553.83 165.13 557.44 164.56 555.15 159.35 553.73 157.46 551.59 156.1 551.95 153 550.88 152.17 551.17 149.34 550.71 146.97 551.71 144.56 549.34 143.59 548.44 141.5 548.92 139.38 546.99 137.37 548.74 129.41 541.43 123.67 541.22 125.92 527.9 124.57 521.9 121.04 517.95 114.52 515.97 112.57 521.36 98.46 531.03 74.53 Z"
       id="Bergen"
       fill="#dbe5d2"
       style="fill:#7996e2;fill-opacity:1" />
    <path
       d="M 353 717.18 352.53 713.5 351.03 713.49 350.24 709.38 351.06 708.43 350.26 703.63 351.35 701.6 353.58 700.96 357.79 698.33 361.54 674.25 363.69 672.87 366.05 669.01 366.89 669.2 367.06 670.63 369.51 671.7 372.94 672.16 376.07 675.29 381.16 674.96 382.37 674.3 384.54 675.38 386.68 674.73 389.26 676.78 392.18 678.16 394.19 677.39 394.72 678.75 397.62 678.59 400.01 677.58 402.54 677.71 403.05 679.04 405.68 679.94 407.69 679.16 408.19 680.65 413 679.16 414.32 678.21 417.86 677.88 418.77 680.57 421.07 680.49 422.55 678.66 425.26 678.78 427.35 679.67 429.04 679.32 435.75 674.13 437.82 674.29 441.8 677.5 444.67 677.59 446.77 676.84 445.79 681.66 443.73 684.5 438.74 686.85 434.3 690.84 430.16 695.37 421.51 707.39 420.44 710.5 418.17 712.51 415.31 716.66 409.29 727.14 405.55 735.17 404.28 736.35 404.33 738.05 406.81 740.28 406.43 741.9 398.34 751.08 394.67 757.37 389.61 764.98 387.91 765.92 385.46 764.67 382.61 767.04 383.58 768.53 383.82 771.13 385.49 775.35 383.82 777.58 376.34 784.01 369.11 790.54 365.57 795.17 364.03 794.14 360.57 794.49 354.62 797.89 351.18 798.81 347.8 799 346.86 798.1 344.29 797.84 341.72 798.28 339.15 797.35 337.95 795.06 340.27 787.9 340 785.69 342.32 775.07 343.86 770.36 346.75 763.95 355.72 746.82 357.24 743.09 358.6 738.37 358.9 733.79 359.44 733.54 359.41 729.44 360.35 728.38 360.05 723.38 356.82 718.61 353 717.18 Z"
       id="Cape-May"
       fill="#9a94d1"
       style="fill:#e27f7f;fill-opacity:1" />
    <path
       d="M 428.95 324.34 433.4 322.05 437.1 317.65 437.62 314.6 437.58 310.59 438.04 309.58 445.6 305.76 450.11 303.13 452.53 300.99 457.24 295.69 460.38 293.07 462.99 289.57 464.61 288.15 469.29 285.81 469.49 284.16 467.49 281.9 467.5 279.94 463.8 278.97 460.41 273.31 456.25 269.78 455.22 268.08 454.79 265.6 453.31 263.62 452.71 260.44 456.76 255.19 463.41 253.47 466.71 250.55 468.41 250.27 470.01 251.38 508.63 247.09 508.03 249.76 511.67 252.59 519.51 250.8 519.97 249.17 523.81 250.08 525.5 249.07 526.99 250.28 531.31 248.96 531.56 250.44 533.16 251.89 532.71 252.23 530.85 261.38 529.37 263.4 526.5 262.29 524.78 263.78 521.38 265.45 520.79 266.81 521.28 271.09 522.18 275.12 519.65 279.12 518.92 281.6 516.31 286.6 517.75 289.65 519.04 294.39 522 295.44 523.31 296.57 525.38 296.64 527.03 298.33 529 298.45 527.97 300.95 525.49 301.36 522.7 305.28 522.61 313.47 519.48 316.75 490.05 346.79 485.85 352.4 486.07 355.27 469.09 364.58 462.99 363.94 463.73 357.17 461.98 356.13 458.53 355.32 455.46 352.82 454.58 353.03 452.64 350.88 451.17 350.81 449.15 352.43 448.54 351.29 446.17 351.7 444.22 349.9 439.17 347.33 438.02 344.67 435.65 343.37 434.58 343.8 433.18 341.55 430.03 340.38 428.36 340.42 428.16 337.26 426.22 335.39 426.91 333.46 427.69 327.83 428.95 324.34 Z"
       id="Middlesex"
       fill="#e8ead8"
       style="fill:#6674de;fill-opacity:1" />
    <path
       d="M 391.94 147.7 395.41 146.82 397.3 144.8 399.91 145.1 404.68 147.26 406.06 148.82 406.44 151.61 410.05 148.91 414.39 148.35 417.72 145.78 421.01 144.26 420.79 142.23 421.68 141.06 423.87 140.31 425.23 137.36 425.56 134.71 424.02 131.87 424.12 129.9 430.63 121.58 447.32 102.75 453.74 95.28 458.4 90.31 461.27 92.85 462.35 96.34 459.92 99.39 458.78 104.7 459.35 106.84 461.51 106.25 465.19 102.8 467.6 102.44 468.84 101.44 472.4 100.64 473.66 101.93 473.89 103.74 475.97 106.02 477.01 108.22 475.6 110.91 477.11 111.73 478.25 109.43 480.34 109.33 482.58 110.58 484.13 112.77 493.04 114.91 495.25 113.94 496.29 115.01 496.55 117.2 498.93 116.59 502.39 118.19 505.19 117.71 506.7 119.01 508.71 118.73 510.18 120.22 510.85 122.4 509.72 125.17 512.77 125.44 514.36 126.55 513.57 128.6 514.24 129.9 513.95 132.35 514.71 133.23 513.95 138.28 512.83 141.02 511.8 141.88 513.46 145.79 516.2 146.26 517.45 148.79 516.12 152.17 513.18 151.99 511.02 150.94 511.03 149.43 504.45 150.25 500.54 149.59 499.39 153.3 499.63 155.55 499.06 157.95 500.21 159.11 499.81 161.95 503.77 163.21 502.32 167.64 501.96 173.9 500.47 175.09 501.12 176.98 499.72 179.78 496.79 180.24 496.48 182 493.25 184.47 492.45 186.45 492.51 190.69 491.04 192.11 491.84 193.65 491.68 197.55 494.85 199.1 494.38 200.26 491.31 204.08 491.46 205.75 488.18 209.07 486.55 208.77 486.56 211.06 483.8 211.16 480.94 213.9 480.3 215.3 478.36 216.13 474.32 220.52 471.25 221.93 470.68 225.65 468.97 225.84 466.81 227.68 463.01 228.49 461.23 229.81 458.28 230.4 457.27 232.72 455.92 233.71 453.38 233.85 451.8 228.75 452.72 225.9 452 223.68 453.07 220.7 455.48 218.83 455.73 216.79 454.52 215.07 452.7 214.07 453.15 212.74 451.39 210.67 451.75 208.42 449.2 206.03 447.27 204.98 446.91 201.67 445.19 197.97 402.71 210.64 399.79 209.95 395.9 206.81 391.38 205.18 385.7 203.75 384.62 203.14 382.06 203.48 377.25 202.5 373.37 198.56 373.11 197.71 361.71 188.09 367.44 185.12 368.09 183.04 369.5 183.62 371.62 182.72 373.49 180.36 376.47 174.58 379.62 171.98 378.28 169.62 379.04 167.8 381.76 166.23 381.95 164.34 383.76 163.19 382.19 161.3 383.33 155.95 386.26 154.55 386.72 152.46 391.94 147.7 Z"
       id="Morris"
       fill="#bbea90"
       style="fill:#7996e2;fill-opacity:1" />
    <path
       d="M 335.55 606.24 363.2 575.68 399.2 535.91 414.43 548.48 416.51 551.09 417.27 554.02 418.4 555.99 418.96 559.91 418.51 565.74 418.7 568.36 421.56 570.36 424.91 569.41 425.61 571.33 427.59 569.97 430.83 571.06 434.45 573.79 436.63 574.74 437.54 576.99 439.92 579.15 443.08 579.7 445.38 579.12 446.72 581.81 448.52 583.29 448.88 586.64 451.91 588.49 453.68 588.41 454.87 587.12 456.09 588.5 457.7 588.6 460.18 590.95 461.27 593.22 463.67 592.3 465.4 594.58 468.84 593.06 469.5 595.53 471.06 595.53 471.27 592.78 473.58 593.49 473.03 596.25 474.26 597.65 475.95 596.18 474.9 594.62 476.03 593.2 477.58 594.01 480.24 592.67 480.54 595.11 482.25 596 484.25 599.02 489.59 611.95 494.64 610.8 496.36 609.63 500.34 609.2 503.45 609.37 504.23 611.48 507.09 616.84 506.86 620.1 503.06 626.45 503.76 628.45 502.94 631.28 498.09 637.61 493.15 643.66 487.65 648.83 483.31 653.27 482.64 655.81 481.5 657.21 478.71 658.99 474.82 659.9 469.45 662.41 461.22 667.43 453.82 673.02 450.3 676.29 446.77 676.84 444.67 677.59 441.8 677.5 437.82 674.29 435.75 674.13 429.04 679.32 427.35 679.67 425.26 678.78 422.55 678.66 421.07 680.49 418.77 680.57 417.86 677.88 414.32 678.21 413 679.16 408.19 680.65 407.69 679.16 405.68 679.94 403.05 679.04 402.54 677.71 400.01 677.58 397.62 678.59 394.72 678.75 394.19 677.39 392.18 678.16 389.26 676.78 386.68 674.73 384.54 675.38 382.37 674.3 381.16 674.96 376.07 675.29 372.94 672.16 369.51 671.7 367.06 670.63 366.89 669.2 366.16 667.69 365.98 664.38 367.62 655.87 368.97 653.27 369.37 649.75 367.84 645.86 368.01 643.18 369.05 641.52 369.1 639.07 368.12 635.97 364.37 632.4 358.01 626.82 335.55 606.24 Z"
       id="Atlantic"
       fill="#cde2b7"
       style="fill:#7996e2;fill-opacity:1" />
    <path
       d="M 229.4 512.94 225.87 515.09 227.33 516.65 228.71 515.79 230.12 517.48 231.38 521.88 229.46 521.92 229.87 524.49 233.23 524.76 232.11 526.38 232.72 528.21 236.53 529.91 237 532.48 236.51 536 240.45 539.39 240.6 540.37 243.16 541.05 243.86 542.42 246.74 543.51 246.94 544.7 249.1 546.02 249.05 547.85 252.06 547.66 257.09 549.42 259.19 551.52 263.86 550.76 265.51 550.96 268.18 552.6 268.33 555.28 269.69 556.78 272.76 557.68 281.23 555.91 297.89 571.36 316.14 588.45 312.89 596.38 313.41 603.05 311.91 607.08 312.19 609.41 311.46 610.54 312.92 613.59 313.06 615.91 311.23 620.21 310.31 625.02 302.98 618.6 287.56 604.86 271.16 591.32 263.03 600.39 256.89 606.8 254.02 609.44 250.69 613.16 248.62 614.31 244.5 613.57 242.52 617.09 242.11 619.8 240.73 620.2 237.81 624.62 236.54 624.94 233.11 624.23 229.74 622.74 227.73 623.87 225.92 626 227.03 626.74 227.28 629.03 225.52 631.87 227.46 634.94 224.87 638.08 224.7 639.73 226.53 641.38 227.08 644.85 225.15 647.31 222.35 647.14 218.68 642.34 216.52 637.7 215.09 635.61 212.98 630.24 211.05 630.81 207.13 628.72 207.09 627.21 204.42 626.9 202.71 625.53 202.04 623.48 194.9 622.93 193.29 619.66 192.95 616.65 193.44 611.08 197.23 610.61 196.73 606.44 197.63 604.39 197.41 598.4 195.82 596.6 199.69 591.82 201.77 587.66 201.68 584.68 199.64 582.66 197.98 581.95 194.61 578.99 191.09 576.4 190.28 574.85 189.62 569.09 190.52 565.58 192.84 563.76 194.17 561.97 195.93 561.6 201.23 554.63 201.98 552.76 203.23 545.33 206.02 543.9 207.3 540.73 208.87 539.2 210.47 539.87 211.76 532.77 213.04 530.11 215.6 522.84 217.42 521.81 217.86 519.82 221.04 516.79 229.4 512.94 Z"
       id="Salem"
       fill="#c4e4e2"
       style="fill:#e27f7f;fill-opacity:1" />
    <path
       d="M 492.16 51.63 478.52 65.81 473.47 72.62 470.01 76.54 463.57 84.49 458.4 90.31 453.74 95.28 447.32 102.75 430.63 121.58 424.12 129.9 424.02 131.87 425.56 134.71 425.23 137.36 423.87 140.31 421.68 141.06 420.79 142.23 421.01 144.26 417.72 145.78 414.39 148.35 410.05 148.91 406.44 151.61 406.06 148.82 404.68 147.26 399.91 145.1 397.3 144.8 395.41 146.82 391.94 147.7 378.71 131.49 369.37 119.78 349.79 95.52 342.92 87.22 340.88 87.29 337.64 89.2 336.79 87.86 339.18 82.62 341.51 80.97 343.65 80.68 347.75 77.64 348.46 75.83 351.94 74.43 353.93 72.87 358.41 67.13 359.81 63.69 364.2 58.89 366.24 53.08 369.92 45.87 367.92 43.48 370.5 36.52 372.53 35.8 373.52 33.55 373.21 31.89 375.2 27.23 377.28 23.98 379.31 21.81 381.76 20.39 383.05 18.76 386.61 16.31 385.81 13.72 386.73 12.42 391.83 11.58 393.84 9.45 394.64 6.58 396.4 4.68 402.07 4.74 404.42 4.28 410.87 1 424.09 9.09 432.57 14.07 459.3 30.66 469.74 36.94 482.99 45.46 492.16 51.63 Z"
       id="Sussex"
       fill="#cee8ef"
       style="fill:#e27f7f;fill-opacity:1" />
    <path
       d="M 468.97 225.84 470.68 225.65 471.25 221.93 474.32 220.52 478.36 216.13 480.3 215.3 480.94 213.9 483.8 211.16 486.56 211.06 486.55 208.77 488.18 209.07 491.46 205.75 491.31 204.08 494.51 205.28 498.9 209.07 502.87 211.48 505.13 210.75 508.4 212.75 509.98 212.09 510.84 210.51 512.98 209.79 520.29 212.64 528.83 214.61 531.08 216.75 532.03 220.07 533.9 221.34 542.04 220.72 543.1 220.21 545.91 221.59 550.22 225.35 544.27 234.91 539.36 234.15 538.19 234.4 533.74 238.76 532.85 241.18 533.26 243.67 532.95 247.91 534.21 249.27 533.16 251.89 531.56 250.44 531.31 248.96 526.99 250.28 525.5 249.07 523.81 250.08 519.97 249.17 519.51 250.8 511.67 252.59 508.03 249.76 508.63 247.09 470.01 251.38 468.41 250.27 472.88 247.02 474.7 246.8 478.39 243.13 478.59 241.7 480.44 239.59 480.65 236.63 482.13 235.42 483.58 231.44 483.82 228.86 483.01 227.73 479.31 231.02 476.8 228.64 475.26 229.14 471.52 232.2 468.97 225.84 Z"
       id="Union"
       fill="#c7d5e6"
       style="fill:#6674de;fill-opacity:1" />
    <path
       d="M 445.78 421.18 452.3 417.52 466.89 404.93 482.75 390.52 519.42 392.21 520.17 394.4 519.85 398.12 522.58 399.84 523.24 402.51 524.4 404.05 523.72 408.27 524.98 410.16 528.83 411.26 534.49 410.1 539.27 410.84 542.09 411.64 545.02 411.85 546.52 414.25 547.56 414.52 558.28 401.94 560.47 404.97 561.6 409.57 561.72 411.62 564.44 415.54 567.8 417.54 570.99 414.93 571.36 413.77 573.98 412.29 577.01 413.36 575.5 420.11 569.5 453.85 568.11 465.76 566.29 476.42 562.87 512.63 561.35 522.97 560.68 525.18 561 526.87 558.24 530.52 556.41 533.95 550.19 548.95 537.7 570.19 525.25 593.07 523.02 595.55 519.62 601.07 518.79 601.44 513.87 607.43 512.48 608.54 504.1 608.88 503.45 609.37 500.34 609.2 496.36 609.63 494.64 610.8 489.59 611.95 484.25 599.02 482.25 596 480.54 595.11 480.24 592.67 481 591.44 479.8 589.19 480.59 588.33 483.35 588.61 484.46 587.74 486.62 580.4 487.1 579.86 487.2 521.67 477.1 497.98 475.88 494.78 466.74 472.64 457.58 450.04 452.04 435.13 445.78 421.18 Z"
       id="Ocean"
       fill="#bce4ec"
       style="fill:#d75d5d;fill-opacity:1" />
    <path
       d="M 547.36 188.53 551.67 191.45 552.47 193.49 554.46 193.14 556.95 191.34 559.66 193.07 560.32 196.24 562.29 195.71 561.75 191.26 565.41 185.12 567 184.53 569.42 181.96 574.76 181.47 577.16 178.81 581.35 177.08 581.08 178.44 585.93 182.01 585.9 183.48 588.04 184.65 580.8 197.88 578.47 210.87 578.15 213.7 575.98 213.45 574.27 215.02 570.66 219.86 568.15 218.2 566.88 219.95 566.92 222.15 564.97 225.21 568.39 227.1 566.9 229.75 562.7 227.82 561.74 228.86 562.59 232.1 560.69 233.6 557.55 233.32 554.34 234.69 548.58 235.45 544.27 234.91 550.22 225.35 556.17 215.9 554.27 211.7 553.99 210.03 555.07 204.73 553.61 203.1 550.1 203.32 547.51 205.65 544.31 205.64 542.8 202.15 543.15 198.47 545.31 193.69 547.01 191.32 547.36 188.53 Z"
       id="Hudson"
       fill="#f3d7d4"
       style="fill:#584cde;fill-opacity:1" />
    <path
       d="M 229.4 512.94 226.99 511.09 233.26 506.75 242.51 498.76 245.73 496.76 248.61 495.83 253.88 495.49 258.01 495.99 263.4 495.93 272.83 493.54 276.3 491.95 281.79 488.15 284.48 485.71 286.08 485.3 294.73 484.8 297.08 483.33 300.15 485.58 299.15 486.93 300.7 487.99 301.54 490.59 303.81 491.44 308.55 495.34 311.3 501.37 311.37 503.54 309.89 505.7 310.7 508.28 313.57 511.42 312.82 515.71 311.51 515.28 310.18 519.13 314 519.09 316.44 517.6 319.31 518.98 319.83 521.93 323.34 527.34 326.59 530.14 326.03 535.33 328.2 536.84 332.28 538.85 333.59 540.16 333.76 542.01 335.31 543.23 339.3 544.72 342.47 544.47 344.06 545.78 346.45 546.03 348.26 547.17 352.8 552.82 354.93 557.71 355.57 565.01 356.8 567.99 359.36 570.2 359.42 572.31 363.2 575.68 335.55 606.24 316.14 588.45 297.89 571.36 281.23 555.91 272.76 557.68 269.69 556.78 268.33 555.28 268.18 552.6 265.51 550.96 263.86 550.76 259.19 551.52 257.09 549.42 252.06 547.66 249.05 547.85 249.1 546.02 246.94 544.7 246.74 543.51 243.86 542.42 243.16 541.05 240.6 540.37 240.45 539.39 236.51 536 237 532.48 236.53 529.91 232.72 528.21 232.11 526.38 233.23 524.76 229.87 524.49 229.46 521.92 231.38 521.88 230.12 517.48 228.71 515.79 227.33 516.65 225.87 515.09 229.4 512.94 Z"
       id="Gloucester"
       fill="#cee9e7"
       style="fill:#7996e2;fill-opacity:1" />
    <path
       d="M 402.71 210.64 445.19 197.97 446.91 201.67 447.27 204.98 449.2 206.03 451.75 208.42 451.39 210.67 453.15 212.74 452.7 214.07 454.52 215.07 455.73 216.79 455.48 218.83 453.07 220.7 452 223.68 452.72 225.9 451.8 228.75 453.38 233.85 455.92 233.71 457.27 232.72 458.28 230.4 461.23 229.81 463.01 228.49 466.81 227.68 468.97 225.84 471.52 232.2 475.26 229.14 476.8 228.64 479.31 231.02 483.01 227.73 483.82 228.86 483.58 231.44 482.13 235.42 480.65 236.63 480.44 239.59 478.59 241.7 478.39 243.13 474.7 246.8 472.88 247.02 468.41 250.27 466.71 250.55 463.41 253.47 456.76 255.19 452.71 260.44 453.31 263.62 454.79 265.6 455.22 268.08 456.25 269.78 460.41 273.31 463.8 278.97 467.5 279.94 467.49 281.9 469.49 284.16 469.29 285.81 464.61 288.15 462.99 289.57 460.38 293.07 457.24 295.69 452.53 300.99 450.11 303.13 445.6 305.76 438.04 309.58 437.58 310.59 437.62 314.6 437.1 317.65 433.4 322.05 428.95 324.34 429.61 323.18 428.34 320.86 420.42 318.66 415.49 320.79 406.9 322.45 403.32 323.81 396.8 307.71 388.24 286.77 384.4 277.59 386.99 278.73 388.53 281.11 390.05 281.26 398.2 265.28 401.31 261.89 402.85 261.04 405.78 255.12 402.78 253.63 404.38 250.05 403.59 249.7 405.72 245.96 408.38 243 406.17 241.71 405.74 239.87 402.41 239.28 402.14 238.02 403.55 236.32 403.07 234.53 404.17 232.9 402.18 230.66 401.38 228.38 403.41 226.9 404.66 222.33 403.11 221.06 403.92 218.11 404.95 217.5 404.87 215.44 402.71 210.64 Z"
       id="Somerset"
       fill="#e8c7b1"
       style="fill:#7996e2;fill-opacity:1" />
  </g>
</svg>