<svg
   xmlns:dc="http://purl.org/dc/elements/1.1/"
   xmlns:cc="http://creativecommons.org/ns#"
   xmlns:rdf="http://www.w3.org/1999/02/22-rdf-syntax-ns#"
   xmlns:svg="http://www.w3.org/2000/svg"
   xmlns="http://www.w3.org/2000/svg"
   xmlns:sodipodi="http://sodipodi.sourceforge.net/DTD/sodipodi-0.dtd"
   xmlns:inkscape="http://www.inkscape.org/namespaces/inkscape"
   width="810"
   height="488"
   viewBox="0 0 810 488"
   stroke-linecap="round"
   stroke-linejoin="round">
  <sodipodi:namedview
     id="namedview1"
     pagecolor="#ffffff"
     bordercolor="#000000"
     borderopacity="0.25"
     inkscape:showpageshadow="2"
     inkscape:pageopacity="0.0"
     inkscape:pagecheckerboard="0"
     inkscape:deskcolor="#d1d1d1"
     inkscape:zoom="0.93058744"
     inkscape:cx="404.58315"
     inkscape:cy="243.93194"
     inkscape:window-width="2053"
     inkscape:window-height="1895"
     inkscape:window-x="1698"
     inkscape:window-y="0"
     inkscape:window-maximized="0"
     inkscape:current-layer="North Dakota"
     showgrid="false" />
  <metadata
     id="metadata62">
    <rdf:RDF>
      <cc:Work
         rdf:about="">
        <dc:format>image/svg+xml</dc:format>
        <dc:type
           rdf:resource="http://purl.org/dc/dcmitype/StillImage" />
      </cc:Work>
    </rdf:RDF>
  </metadata>
  <defs
     id="defs60" />
  <g
     transform="translate(5,5)"
     stroke="white"
     stroke-width="1"
     style="fill:#b3b3b3;fill-opacity:1.0">
    <path
       d="M 19.34 57 40.17 57.98 70.02 59.14 86.27 59.85 104.98 60.51 137.09 61.55 136.69 74.85 135.92 101.44 141.75 101.63 140.59 139.73 136.93 137.59 132.55 139.77 130.33 139.42 129.37 138.03 125.88 137.08 122.16 137.89 120.28 137.29 116 137.62 113.52 138.25 113.71 135.9 112.18 135.34 107.01 136.74 102.42 136.74 98.66 140.63 96.95 143.15 99.64 145.85 98.22 148.08 96.07 147.64 94.29 148.28 92.76 151.07 89.53 150.88 86 152.47 83.6 152.93 78.68 151.1 75.43 152.69 72.7 155.34 70.17 154.5 68.71 151.11 64.22 150.57 62.71 149.21 62.75 147.7 66.31 144.2 62.55 141.47 60.72 138.42 63.08 136.92 61 135.96 58.08 138.78 53.91 136.88 49.54 138.74 46.87 141.04 47 142.57 50.05 145.45 49.84 146.58 45.99 149.07 43.74 146.57 42.33 146.04 41.1 147.84 40.81 149.65 41.3 153.08 40.23 155.95 38.46 157.8 37.32 154.95 34.67 152.53 33.81 153.47 34.58 155.58 33.06 158.94 31.07 160.5 27.77 161.29 25.55 158.16 23.08 156.55 21.09 156.93 20.68 158.54 19.04 159.2 17.55 155.74 15.29 154.58 16.89 114.71 17.66 96.75 19.03 62.33 19.34 57 Z"
       id="Williams"
       fill="#a08a6b"
       style="fill:#d72f30;fill-opacity:1.0" />
    <path
       d="M 211.2 356.74 235.48 357.21 250.95 357.44 250.75 370.73 294.86 371.37 294.91 371.81 294.49 411.01 321 411.23 320.91 424.51 323.33 424.57 321.31 424.9 320.12 426.61 316.78 425.91 316.34 428.55 314.72 429.89 315.37 432.81 313.69 435.18 311.98 435.21 310.74 436.88 305.68 438.68 305.12 443.25 303.4 444.03 301.73 446.37 299.26 446.31 294.77 447.41 293.6 451.69 291.26 453.84 289.32 454.14 288.17 456.36 284.75 455.59 279.91 459.07 276.19 459.94 272.85 461.21 273.31 463.75 269.18 463.62 269.63 464.99 267.4 465.85 265.65 465.38 264.63 463.98 262.48 464.77 260.87 464.54 258.54 461.9 256.01 464.77 254.28 465.29 249.36 463.41 248.19 461.72 245.3 460.93 242.95 461.2 239.11 462.86 237.94 461.41 236.22 461.94 235.46 455.83 234.12 457.1 230.57 456.37 227.22 458.2 225.46 456.91 223.92 459.11 220.33 459.56 219.56 458.6 220.04 435.34 220.26 423.35 215.08 423.26 215.55 385.61 215.67 370.12 210.88 370.01 211.2 356.74 Z"
       id="Grant"
       fill="#a1ffde"
       style="fill:#c21b18;fill-opacity:1.0" />
    <path
       d="M 644.61 127.98 684.41 126.58 697.72 126.02 722.52 125.2 721.71 126.79 722.41 129.98 724.55 130.73 722.36 132.65 724.12 134.41 727.46 141.5 727.77 143.76 730.16 146.47 731.04 150.26 730.73 151.59 731.69 154.71 732.86 156.27 732.21 160.04 733.03 162.65 734.98 163.62 735.07 165.03 736.99 166.54 737.35 168.45 736.42 170.36 736.95 173.77 738.6 174.07 739.55 177.12 741.3 180.04 741.75 184.06 744.03 185.8 744.37 188.43 746.58 189.6 747.28 192.04 746.99 194.07 748.46 196.25 751.14 203.44 752.18 203.81 737.75 204.46 691.71 206.37 649.43 207.87 647.67 154.53 645.46 154.59 644.61 127.98 Z"
       id="Grand-Forks"
       fill="#d6fde2"
       style="fill:#d75d5d;fill-opacity:1.0" />
    <path
       d="M 15.29 154.58 17.55 155.74 19.04 159.2 20.68 158.54 21.09 156.93 23.08 156.55 25.55 158.16 27.77 161.29 31.07 160.5 33.06 158.94 34.58 155.58 33.81 153.47 34.67 152.53 37.32 154.95 38.46 157.8 40.23 155.95 41.3 153.08 40.81 149.65 41.1 147.84 42.33 146.04 43.74 146.57 45.99 149.07 49.84 146.58 50.05 145.45 47 142.57 46.87 141.04 49.54 138.74 53.91 136.88 58.08 138.78 61 135.96 63.08 136.92 60.72 138.42 62.55 141.47 66.31 144.2 62.75 147.7 62.71 149.21 64.22 150.57 68.71 151.11 70.17 154.5 72.7 155.34 75.43 152.69 78.68 151.1 83.6 152.93 86 152.47 89.53 150.88 92.76 151.07 94.29 148.28 96.07 147.64 98.22 148.08 99.64 145.85 96.95 143.15 98.66 140.63 102.42 136.74 107.01 136.74 112.18 135.34 113.71 135.9 113.52 138.25 116 137.62 120.28 137.29 122.16 137.89 125.88 137.08 129.37 138.03 130.33 139.42 132.55 139.77 136.93 137.59 140.59 139.73 142.82 140.52 145.01 140.15 146.99 138.89 149.87 141.08 149.38 143.49 150.2 145.42 153.22 145.57 157.29 147.41 156.71 151.34 158.03 153.16 159.55 153.52 162.81 152.2 163.69 153.62 164.16 157.55 167.93 159.32 168.41 160.74 166.85 164.15 164.13 167.34 162.15 168.6 158.49 173.47 157.13 180.3 157.8 185.21 158.41 186.17 157.74 209.08 143.12 208.65 110.55 207.58 108.85 260.47 67.15 258.99 49.89 258.23 10.57 256.41 13.66 192.66 14.61 175.06 15.29 154.58 Z"
       id="McKenzie"
       fill="#8cf001"
       style="fill:#c21b18;fill-opacity:1.0" />
    <path
       d="M 477.18 8.56 492.25 8.35 530.14 7.62 530.57 35.27 530.96 50.78 533.95 50.73 534.46 77.35 534.93 103.97 511.54 104.35 481.72 104.75 481.35 78.12 481.03 51.55 477.7 51.59 477.18 8.56 Z"
       id="Towner"
       fill="#d7c1b7"
       style="fill:#d72f30;fill-opacity:1.0" />
    <path
       d="M 669.98 273.35 683.26 273.01 696.47 272.51 711.85 271.95 749.38 270.32 760.8 269.88 760.71 273.52 762.29 279.65 761.9 284.73 763.44 289.54 763.67 294.22 763 297.8 763.81 299.21 762.41 304.75 763.57 306.55 764.07 309.69 765.22 311.7 767.36 317.03 770.45 315.93 770.79 316.97 769.43 322.99 770.03 324.7 768.8 325.8 769.39 327.84 768.96 330.95 767.07 334.96 767.73 335.36 767.93 340.13 770.15 341.51 769.37 345.39 770.1 348.33 769.21 351.22 769.77 352.78 768.58 359 769.49 359.72 768.85 362.63 731.09 364.44 718.14 365.02 691.58 366.03 675.82 366.56 673.96 313.25 671.38 313.33 671.08 302.43 669.98 273.35 Z"
       id="Cass"
       fill="#d8654a"
       style="fill:#e27f7f;fill-opacity:1.0" />
    <path
       d="M 481.72 104.75 511.54 104.35 512.13 137.32 517.35 139.82 518.36 138.99 520.16 141.28 521.53 144.45 525.51 144.35 525.76 157.5 526.8 157.48 527.83 154.98 530.32 152.92 532.48 154.32 534.21 160.43 534.84 161.35 537.73 160.15 540.31 161.05 541.65 159.67 541.41 157.38 544.99 156.62 546.94 154.72 549.78 152.89 550.79 150.81 552.6 151.17 554.83 156.32 555.29 160.03 557.31 160.07 558.7 162.88 557.83 164.22 555.71 164.41 554.01 166.98 554.77 167.78 556.67 165.21 560.24 163.18 561.43 160.5 563.17 159.57 566.7 159.95 567.58 161.21 566.91 163.01 568 165.95 571.66 169.31 570.97 170.75 571.8 172.69 582.07 172.65 582.34 183.17 580.35 183.05 556.06 183.59 532.75 184.25 523.28 184.25 502.89 184.7 476.4 185.06 449.87 185.27 449.64 158.6 445.94 158.64 445.62 105.09 481.72 104.75 Z"
       id="Benson"
       fill="#df0b4d"
       style="fill:#e27f7f;fill-opacity:1.0" />
    <path
       d="M 691.71 206.37 737.75 204.46 752.18 203.81 753.3 211.65 755.68 213.04 756.26 214.69 756.3 217.8 754.84 219.97 756.84 221.91 754.99 225.63 757.32 230.27 755.89 231.58 757.09 233.5 756.37 239.59 757.14 241.59 756.59 243.09 758.98 245.45 758.66 250.09 757.98 251.37 759.31 254.21 760.5 259.36 759.31 261.55 759.25 264.61 760.8 269.88 749.38 270.32 711.85 271.95 696.47 272.51 695.95 259.44 693.6 259.51 691.71 206.37 Z"
       id="Traill"
       fill="#dbde18"
       style="fill:#d75d5d;fill-opacity:1.0" />
    <path
       d="M 237.81 184.3 264.29 184.69 327.25 185.27 330.54 185.21 357 185.47 370.28 185.5 370.26 212.08 361.24 212.09 361.15 225.11 361.04 265.09 353.13 265.07 353.04 291.15 330.5 291.06 328.67 288.52 327.69 283.88 329.45 279.25 329.32 276.85 326.72 273.54 323.15 271.09 317.89 269.65 314.28 270.12 311.86 271.21 308.23 272.01 306.66 276.86 304.56 276.89 300.25 274.34 297.48 272.26 291.06 270.11 290.81 266.95 289.98 265.06 289.66 258.89 288.11 257.66 285.34 253.15 284.39 248.06 281.8 244.45 281.58 241.62 283.26 239.47 287.12 237.07 288.83 235.37 288.69 234.04 286.2 232.42 283.66 229.3 282.14 228.35 280.28 228.47 277.63 229.62 275.66 229.45 267.41 232.76 263.93 233.51 260.79 233.53 256.29 231.99 254 231.91 250.43 233.24 243.07 238.06 240.91 238.36 237.36 236.87 234.81 236.67 231.58 233.83 227.56 231.52 224.7 231.26 221.81 231.72 220.42 230.48 221.54 228.08 220.02 226.05 217.36 226.5 215.93 225.8 207.25 226.92 202.57 225.41 199.95 221.71 197.86 219.89 196.52 217.65 196.57 212.53 196.94 209.66 197.11 201.93 194.98 200.26 194.31 197.78 197.43 196.58 197.53 193.62 189.91 190.43 187.53 191.98 185.66 196.09 184.58 196.91 184.92 183.17 195.5 183.45 237.81 184.3 Z"
       id="McLean"
       fill="#f52caa"
       style="fill:#d72f30;fill-opacity:1.0" />
    <path
       d="M 530.14 7.62 583.02 6.38 610.05 5.62 635.84 4.81 636.03 12.79 636.44 20.36 636.8 34.81 637.3 48.11 639.56 48.21 640.44 74.75 613.99 75.56 600.73 75.86 574.2 76.57 545.43 77.18 534.46 77.35 533.95 50.73 530.96 50.78 530.57 35.27 530.14 7.62 Z"
       id="Cavalier"
       fill="#bce01a"
       style="fill:#d72f30;fill-opacity:1.0" />
    <path
       d="M 212.05 316.41 246.74 317.05 281.6 317.58 297.14 317.75 333.43 317.75 333.69 320.58 336.21 322.65 336.73 325.67 336.28 329.59 336.76 330.98 339.68 335.8 341.94 340.25 344.79 343.02 345.73 345 345.51 347.1 343.39 351.33 343.87 353.57 345.67 355.38 349.67 355.51 349.77 358.05 347.72 358.72 348.67 362.38 349.78 363.18 352.93 362.26 353.82 363.48 353.36 366.88 355.41 367.9 357.8 367.18 360.56 365.16 363.05 364.22 364.12 366.39 362.25 368.78 361.99 371.15 365.84 374.59 371.87 377.38 372.16 379.76 369.88 380.52 374.35 386.6 374.22 387.91 370.74 390.91 369.91 392.88 368.69 399.21 369.52 402.8 366.29 403.45 363.99 405.15 361.51 406.08 359.33 405.56 358.75 407.36 355.64 408.55 350.41 407.4 350.06 408.29 346.68 408.65 345.74 409.34 340.72 407.2 338.52 408.2 338.86 405.59 334.73 407.72 334.04 409.65 332.2 411.79 332.31 414.59 328.26 417.67 327.73 419.32 325.59 418.62 324.25 419.19 324.6 421.04 323.33 424.57 320.91 424.51 321 411.23 294.49 411.01 294.91 371.81 294.86 371.37 250.75 370.73 250.95 357.44 235.48 357.21 211.2 356.74 211.92 316.53 212.05 316.41 Z"
       id="Morton"
       fill="#d44e2a"
       style="fill:#d72f30;fill-opacity:1.0" />
    <path
       d="M 718.14 365.02 731.09 364.44 768.85 362.63 770.93 363.43 771.73 366.57 774.63 370.72 774.57 374.72 775.52 376.03 775.34 378.25 776.41 380.52 776.04 382.05 777.49 386.47 778.96 387.46 778.6 391.33 781.39 393.93 782.71 396.05 784.65 401.05 787.09 402.81 789.71 405.89 791.98 407.63 792.84 415.64 792.51 417.89 794.17 420.02 792.82 420.79 793.61 425.22 794.58 426.67 793.96 429.68 795.29 430.89 795.53 435.29 796.79 437.57 797.11 440.24 798.01 441.69 798.67 444.88 798.56 447.82 796.61 453.73 797.08 455.29 797.9 463.36 799 466.05 798.83 467.66 774.55 468.75 773.1 468.88 741.33 470.23 728 470.93 727.61 462.19 724.28 461.64 722.49 417.98 720.25 418.07 718.14 365.02 Z"
       id="Richland"
       fill="#a3059d"
       style="fill:#d75d5d;fill-opacity:1.0" />
    <path
       d="M 635.84 4.81 662.23 3.9 692.2 2.78 708.43 2.11 707.58 4.89 708.23 10.24 710.14 12.45 711.18 17.01 713.04 18.18 712.25 20.4 714.15 21.49 714.99 24.88 714.7 28.79 713.66 30.04 716.71 30.83 716.34 33.11 717.06 36.03 718.3 37.72 717.46 39.01 719.18 40.03 718.87 42.01 720.1 43.18 721.38 45.9 721.34 47.42 723.32 50.44 723.71 53.81 722.47 58.27 720.61 60.95 719.61 63.3 719.79 65.53 719.01 68.03 717.08 68.5 718.2 71.92 677.99 73.44 640.44 74.75 639.56 48.21 637.3 48.11 636.8 34.81 636.44 20.36 636.03 12.79 635.84 4.81 Z"
       id="Pembina"
       fill="#e6b8a0"
       style="fill:#d72f30;fill-opacity:1.0" />
    <path
       d="M 600.73 75.86 613.99 75.56 640.44 74.75 677.99 73.44 718.2 71.92 719.06 73.87 719.63 78.07 721.48 79.46 718.99 81.22 720.67 83.95 722.06 84.35 720.93 87.73 720.82 90.89 722.12 92.58 719.63 95.89 720.97 96.46 721.56 98.15 719.95 99.24 721.97 100.9 723.13 103 722.08 107.09 724.71 109.15 723.49 110.11 723.8 116.03 721.84 117.19 722.39 120.84 724.04 121.5 722.48 123.82 722.52 125.2 697.72 126.02 684.41 126.58 644.61 127.98 631.88 128.42 604.85 129.14 604.14 102.43 601.43 102.5 600.73 75.86 Z"
       id="Walsh"
       fill="#a27bca"
       style="fill:#d72f30;fill-opacity:1.0" />
    <path
       d="M 219.2 475.23 219.56 458.6 220.33 459.56 223.92 459.11 225.46 456.91 227.22 458.2 230.57 456.37 234.12 457.1 235.46 455.83 236.22 461.94 237.94 461.41 239.11 462.86 242.95 461.2 245.3 460.93 248.19 461.72 249.36 463.41 254.28 465.29 256.01 464.77 258.54 461.9 260.87 464.54 262.48 464.77 264.63 463.98 265.65 465.38 267.4 465.85 269.63 464.99 269.18 463.62 273.31 463.75 272.85 461.21 276.19 459.94 279.91 459.07 284.75 455.59 288.17 456.36 289.32 454.14 291.26 453.84 293.6 451.69 294.77 447.41 299.26 446.31 301.73 446.37 303.4 444.03 305.12 443.25 305.68 438.68 310.74 436.88 311.98 435.21 313.69 435.18 315.37 432.81 314.72 429.89 316.34 428.55 316.78 425.91 320.12 426.61 321.31 424.9 323.33 424.57 324.6 421.04 324.25 419.19 325.59 418.62 327.73 419.32 328.26 417.67 332.31 414.59 332.2 411.79 334.04 409.65 334.73 407.72 338.86 405.59 338.52 408.2 340.72 407.2 345.74 409.34 346.68 408.65 350.06 408.29 350.41 407.4 355.64 408.55 358.75 407.36 359.33 405.56 361.51 406.08 363.99 405.15 366.29 403.45 369.52 402.8 372.77 409.87 373.63 412.65 373.84 417.89 372.79 421.15 370.53 425.21 370.59 426.61 372.88 430.13 372.67 432.49 370.91 436.46 369.18 438.34 366.8 442.3 365.3 446.36 365.62 448.83 366.71 450.56 366.87 457.28 368.41 460.63 371.11 464.25 372.64 466.99 375.72 468.28 378.3 473.4 377.78 476.9 352.34 476.86 314.91 476.62 280.93 476.31 248.56 475.8 219.2 475.23 Z"
       id="Sioux"
       fill="#a9eb02"
       style="fill:#7996e2;fill-opacity:1.0" />
    <path
       d="M 511.54 104.35 534.93 103.97 534.46 77.35 545.43 77.18 574.2 76.57 600.73 75.86 601.43 102.5 604.14 102.43 604.85 129.14 591.58 129.56 592.24 156.14 581.66 156.42 582.07 172.65 571.8 172.69 570.97 170.75 571.66 169.31 568 165.95 566.91 163.01 567.58 161.21 566.7 159.95 563.17 159.57 561.43 160.5 560.24 163.18 556.67 165.21 554.77 167.78 554.01 166.98 555.71 164.41 557.83 164.22 558.7 162.88 557.31 160.07 555.29 160.03 554.83 156.32 552.6 151.17 550.79 150.81 549.78 152.89 546.94 154.72 544.99 156.62 541.41 157.38 541.65 159.67 540.31 161.05 537.73 160.15 534.84 161.35 534.21 160.43 532.48 154.32 530.32 152.92 527.83 154.98 526.8 157.48 525.76 157.5 525.51 144.35 521.53 144.45 520.16 141.28 518.36 138.99 517.35 139.82 512.13 137.32 511.54 104.35 Z"
       id="Ramsey"
       fill="#b95f14"
       style="fill:#d72f30;fill-opacity:1.0" />
    <path
       d="M 278.68 8.48 316.06 8.95 371.28 9.14 411.02 9.11 411.15 52.05 414.95 52.04 415.04 78.64 401.75 78.75 388.55 78.8 388.51 65.44 328.88 65.17 322.29 65.17 322.19 78.48 301.44 78.28 282.4 78 282.75 51.36 278.13 51.3 278.68 8.48 Z"
       id="Bottineau"
       fill="#f96a8a"
       style="fill:#d72f30;fill-opacity:1.0" />
    <path
       d="M 123.4 367.92 151.93 368.76 178.69 369.44 210.88 370.01 215.67 370.12 215.55 385.61 215.08 423.26 220.26 423.35 220.04 435.34 206.74 435.08 167.06 434.07 167.31 422.25 135.36 421.63 122.06 421.23 122.35 407.91 123.16 381.61 123.4 367.92 Z"
       id="Hettinger"
       fill="#c3fb45"
       style="fill:#c21b18;fill-opacity:1.0" />
    <path
       d="M 136.69 74.85 185.2 76.18 202.9 76.6 229.37 77.12 228.85 103.79 234.08 103.88 233.12 157.33 238.31 157.42 237.81 184.3 195.5 183.45 184.92 183.17 184.58 196.91 181.5 197.75 179.71 196.59 175.61 195.63 173.35 193.44 170.64 192.67 166.5 193.07 160.17 188.87 158.41 186.17 157.8 185.21 157.13 180.3 158.49 173.47 162.15 168.6 164.13 167.34 166.85 164.15 168.41 160.74 167.93 159.32 164.16 157.55 163.69 153.62 162.81 152.2 159.55 153.52 158.03 153.16 156.71 151.34 157.29 147.41 153.22 145.57 150.2 145.42 149.38 143.49 149.87 141.08 146.99 138.89 145.01 140.15 142.82 140.52 140.59 139.73 141.75 101.63 135.92 101.44 136.69 74.85 Z"
       id="Mountrail"
       fill="#ad121d"
       style="fill:#d75d5d;fill-opacity:1.0" />
    <path
       d="M 361.99 371.15 370.09 371.12 396.59 371.24 423.16 371.24 440.61 371.2 440.76 409.23 440.88 424.72 444.95 424.74 445.18 476.94 414.17 477 377.78 476.9 378.3 473.4 375.72 468.28 372.64 466.99 371.11 464.25 368.41 460.63 366.87 457.28 366.71 450.56 365.62 448.83 365.3 446.36 366.8 442.3 369.18 438.34 370.91 436.46 372.67 432.49 372.88 430.13 370.59 426.61 370.53 425.21 372.79 421.15 373.84 417.89 373.63 412.65 372.77 409.87 369.52 402.8 368.69 399.21 369.91 392.88 370.74 390.91 374.22 387.91 374.35 386.6 369.88 380.52 372.16 379.76 371.87 377.38 365.84 374.59 361.99 371.15 Z"
       id="Emmons"
       fill="#91ad62"
       style="fill:#c21b18;fill-opacity:1.0" />
    <path
       d="M 401.75 78.75 415.04 78.64 452.6 78.44 481.35 78.12 481.72 104.75 445.62 105.09 445.94 158.64 449.64 158.6 449.87 185.27 423.4 185.43 410.15 185.46 410.09 158.79 406.04 158.81 405.85 105.31 401.83 105.31 401.75 78.75 Z"
       id="Pierce"
       fill="#d46bd5"
       style="fill:#d72f30;fill-opacity:1.0" />
    <path
       d="M 49.89 258.23 67.15 258.99 108.85 260.47 115.8 260.71 114.05 313.95 93.3 313.3 91.37 366.9 51.62 365.42 53.53 317.89 53.71 311.89 47.7 311.66 49.89 258.23 Z"
       id="Billings"
       fill="#974a5c"
       style="fill:#c21b18;fill-opacity:1.0" />
    <path
       d="M 590.75 275.72 630.14 274.47 643.41 274.2 669.98 273.35 671.08 302.43 671.38 313.33 673.96 313.25 675.82 366.56 638.78 367.68 596.11 368.85 595.44 342.53 594.64 315.54 591.74 315.62 590.75 275.72 Z"
       id="Barnes"
       fill="#d9cfc0"
       style="fill:#d75d5d;fill-opacity:1.0" />
    <path
       d="M 502.89 184.7 523.28 184.25 532.75 184.25 556.06 183.59 580.35 183.05 582.34 183.17 582.92 193.93 582.6 194.31 583.02 209.79 585.62 209.71 585.96 222.75 544.09 223.7 506.75 224.32 506.55 211.26 503.29 211.3 502.89 184.7 Z"
       id="Eddy"
       fill="#b17b9b"
       style="fill:#d72f30;fill-opacity:1.0" />
    <path
       d="M 582.34 183.17 582.07 172.65 581.66 156.42 592.24 156.14 591.58 129.56 604.85 129.14 631.88 128.42 644.61 127.98 645.46 154.59 647.67 154.53 649.43 207.87 638.9 208.2 610.54 209.07 585.62 209.71 583.02 209.79 582.6 194.31 582.92 193.93 582.34 183.17 Z"
       id="Nelson"
       fill="#92eb93"
       style="fill:#d75d5d;fill-opacity:1.0" />
    <path
       d="M 423.4 185.43 449.87 185.27 476.4 185.06 502.89 184.7 503.29 211.3 506.55 211.26 506.75 224.32 507.33 264.2 484.99 264.52 451.88 264.86 427.58 265.04 427.31 212.02 423.51 212.04 423.4 185.43 Z"
       id="Wells"
       fill="#bc8226"
       style="fill:#d72f30;fill-opacity:1.0" />
    <path
       d="M 114.05 313.95 132.95 314.52 167.12 315.38 167.23 310.95 207.03 311.88 206.93 316.29 212.05 316.41 211.92 316.53 211.2 356.74 210.88 370.01 178.69 369.44 151.93 368.76 123.4 367.92 91.37 366.9 93.3 313.3 114.05 313.95 Z"
       id="Stark"
       fill="#b639d1"
       style="fill:#c21b18;fill-opacity:1.0" />
    <path
       d="M 202.57 225.41 207.25 226.92 215.93 225.8 217.36 226.5 220.02 226.05 221.54 228.08 220.42 230.48 221.81 231.72 224.7 231.26 227.56 231.52 231.58 233.83 234.81 236.67 237.36 236.87 240.91 238.36 243.07 238.06 250.43 233.24 254 231.91 256.29 231.99 260.79 233.53 263.93 233.51 267.41 232.76 275.66 229.45 277.63 229.62 280.28 228.47 282.14 228.35 283.66 229.3 286.2 232.42 288.69 234.04 288.83 235.37 287.12 237.07 283.26 239.47 281.58 241.62 281.8 244.45 284.39 248.06 285.34 253.15 288.11 257.66 289.66 258.89 289.98 265.06 290.81 266.95 291.06 270.11 297.48 272.26 300.25 274.34 300.15 277.94 247.35 277.29 246.74 317.05 212.05 316.41 206.93 316.29 207.03 311.88 208.08 263.26 201.73 263.12 202.57 225.41 Z"
       id="Mercer"
       fill="#bdacb4"
       style="fill:#c21b18;fill-opacity:1" />
    <path
       d="M 5.14 377.07 30.89 378.22 31.45 364.61 51.62 365.42 91.37 366.9 123.4 367.92 123.16 381.61 122.35 407.91 122.06 421.23 114.57 421.13 108.78 421.06 75.78 419.93 29.15 418.07 3.31 416.93 3.96 401.06 5.14 377.07 Z"
       id="Slope"
       fill="#ce309c"
       style="fill:#c21b18;fill-opacity:1.0" />
    <path
       d="M 114.57 421.13 122.06 421.23 135.36 421.63 167.31 422.25 167.06 434.07 206.74 435.08 220.04 435.34 219.56 458.6 219.2 475.23 200.18 474.84 160.31 473.83 112.94 472.44 114.57 421.13 Z"
       id="Adams"
       fill="#854774"
       style="fill:#c21b18;fill-opacity:1.0" />
    <path
       d="M 538.45 475.95 538.35 464.37 537.73 423.47 573.78 422.74 618.47 421.55 640.37 420.92 643.32 420.83 644.44 460.6 644.86 473.84 625.93 474.4 601.51 475.04 538.45 475.95 Z"
       id="Dickey"
       fill="#d5a3f7"
       style="fill:#d72f30;fill-opacity:1.0" />
    <path
       d="M 322.08 91.8 322.19 78.48 322.29 65.17 328.88 65.17 388.51 65.44 388.55 78.8 401.75 78.75 401.83 105.31 405.85 105.31 406.04 158.81 410.09 158.79 410.15 185.46 392.02 185.56 370.28 185.5 357 185.47 330.54 185.21 330.77 158.57 326.2 158.54 326.63 105.16 321.97 105.12 322.08 91.8 Z"
       id="McHenry"
       fill="#8e4bd5"
       style="fill:#d72f30;fill-opacity:1.0" />
    <path
       d="M 225.23 37.12 225 50.41 243.14 50.78 242.4 90.67 270.08 91.17 295.52 91.52 322.08 91.8 321.97 105.12 326.63 105.16 326.2 158.54 330.77 158.57 330.54 185.21 327.25 185.27 264.29 184.69 237.81 184.3 238.31 157.42 233.12 157.33 234.08 103.88 228.85 103.79 229.37 77.12 202.9 76.6 203.52 49.97 211.72 50.14 212.04 36.84 225.23 37.12 Z"
       id="Ward"
       fill="#c76cfd"
       style="fill:#d72f30;fill-opacity:1.0" />
    <path
       d="M 440.61 371.2 473.71 371.03 489.68 370.88 533.19 370.41 533.84 410.2 534.11 423.55 456.1 424.69 444.95 424.74 440.88 424.72 440.76 409.23 440.61 371.2 Z"
       id="Logan"
       fill="#c8e6f1"
       style="fill:#c21b18;fill-opacity:1.0" />
    <path
       d="M 638.9 208.2 649.43 207.87 691.71 206.37 693.6 259.51 695.95 259.44 696.47 272.51 683.26 273.01 669.98 273.35 643.41 274.2 643.1 261.08 640.37 261.15 638.9 208.2 Z"
       id="Steele"
       fill="#fcf0b8"
       style="fill:#d75d5d;fill-opacity:1.0" />
    <path
       d="M 638.78 367.68 675.82 366.56 691.58 366.03 718.14 365.02 720.25 418.07 680.27 419.62 653.65 420.54 643.32 420.83 640.37 420.92 639.92 407.58 639.23 381.01 638.78 367.68 Z"
       id="Ransom"
       fill="#9efab3"
       style="fill:#d75d5d;fill-opacity:1.0" />
    <path
       d="M 411.02 9.11 438.1 8.99 477.18 8.56 477.7 51.59 481.03 51.55 481.35 78.12 452.6 78.44 415.04 78.64 414.95 52.04 411.15 52.05 411.02 9.11 Z"
       id="Rolette"
       fill="#aabed7"
       style="fill:#7996e2;fill-opacity:1.0" />
    <path
       d="M 133.44 5.33 159.86 6.15 206.7 7.4 225.84 7.73 225.23 37.12 212.04 36.84 211.72 50.14 203.52 49.97 202.9 76.6 185.2 76.18 136.69 74.85 137.09 61.55 137.51 48.2 132.02 48.04 133.44 5.33 Z"
       id="Burke"
       fill="#df6ad5"
       style="fill:#c21b18;fill-opacity:1.0" />
    <path
       d="M 419.27 265.07 427.58 265.04 451.88 264.86 484.99 264.52 485.2 277.7 485.69 317.52 489.37 317.55 489.68 370.88 473.71 371.03 440.61 371.2 423.16 371.24 423.43 335.84 423.51 318 419.38 317.96 419.27 265.07 Z"
       id="Kidder"
       fill="#da2c34"
       style="fill:#d72f30;fill-opacity:1.0" />
    <path
       d="M 506.75 224.32 544.09 223.7 585.96 222.75 587.07 262.63 573.76 262.96 537.68 263.7 507.33 264.2 506.75 224.32 Z"
       id="Foster"
       fill="#9e152c"
       style="fill:#d72f30;fill-opacity:1.0" />
    <path
       d="M 10.57 256.41 49.89 258.23 47.7 311.66 53.71 311.89 53.53 317.89 51.62 365.42 31.45 364.61 30.89 378.22 5.14 377.07 7.06 332.74 9.22 287.4 10.57 256.41 Z"
       id="Golden-Valley"
       fill="#8a5b9c"
       style="fill:#c21b18;fill-opacity:1.0" />
    <path
       d="M 330.5 291.06 353.04 291.15 353.13 265.07 361.04 265.09 392.74 265.14 419.27 265.07 419.38 317.96 423.51 318 423.43 335.84 423.16 371.24 396.59 371.24 370.09 371.12 361.99 371.15 362.25 368.78 364.12 366.39 363.05 364.22 360.56 365.16 357.8 367.18 355.41 367.9 353.36 366.88 353.82 363.48 352.93 362.26 349.78 363.18 348.67 362.38 347.72 358.72 349.77 358.05 349.67 355.51 345.67 355.38 343.87 353.57 343.39 351.33 345.51 347.1 345.73 345 344.79 343.02 341.94 340.25 339.68 335.8 336.76 330.98 336.28 329.59 336.73 325.67 336.21 322.65 333.69 320.58 333.43 317.75 334.23 316.6 337.66 314.74 339.08 312.84 339.47 309.3 338.89 307.92 334.61 303.37 333.37 300.8 333.16 296.2 332.65 293.78 330.5 291.06 Z"
       id="Burleigh"
       fill="#89c44c"
       style="fill:#d72f30;fill-opacity:1.0" />
    <path
       d="M 3.31 416.93 29.15 418.07 75.78 419.93 108.78 421.06 114.57 421.13 112.94 472.44 82.14 471.4 52.87 470.32 1 468.11 1.23 459.71 2.26 440.64 3.31 416.93 Z"
       id="Bowman"
       fill="#b49b0d"
       style="fill:#c21b18;fill-opacity:1.0" />
    <path
       d="M 533.19 370.41 582.82 369.22 596.11 368.85 638.78 367.68 639.23 381.01 639.92 407.58 640.37 420.92 618.47 421.55 573.78 422.74 537.73 423.47 534.11 423.55 533.84 410.2 533.19 370.41 Z"
       id="LaMoure"
       fill="#e18aed"
       style="fill:#d72f30;fill-opacity:1.0" />
    <path
       d="M 585.96 222.75 585.62 209.71 610.54 209.07 638.9 208.2 640.37 261.15 643.1 261.08 643.41 274.2 630.14 274.47 590.75 275.72 590.4 262.55 587.07 262.63 585.96 222.75 Z"
       id="Griggs"
       fill="#890026"
       style="fill:#d72f30;fill-opacity:1.0" />
    <path
       d="M 300.25 274.34 304.56 276.89 306.66 276.86 308.23 272.01 311.86 271.21 314.28 270.12 317.89 269.65 323.15 271.09 326.72 273.54 329.32 276.85 329.45 279.25 327.69 283.88 328.67 288.52 330.5 291.06 332.65 293.78 333.16 296.2 333.37 300.8 334.61 303.37 338.89 307.92 339.47 309.3 339.08 312.84 337.66 314.74 334.23 316.6 333.43 317.75 297.14 317.75 281.6 317.58 246.74 317.05 247.35 277.29 300.15 277.94 300.25 274.34 Z"
       id="Oliver"
       fill="#edd319"
       style="fill:#c21b18;fill-opacity:1.0" />
    <path
       d="M 133.44 5.33 132.02 48.04 137.51 48.2 137.09 61.55 104.98 60.51 86.27 59.85 70.02 59.14 40.17 57.98 19.34 57 20.68 24.34 21.75 1 27.41 1.3 67.24 3.03 89.5 3.92 91.51 3.89 133.44 5.33 Z"
       id="Divide"
       fill="#860b08"
       style="fill:#d72f30;fill-opacity:1.0" />
    <path
       d="M 370.28 185.5 392.02 185.56 410.15 185.46 423.4 185.43 423.51 212.04 427.31 212.02 427.58 265.04 419.27 265.07 392.74 265.14 361.04 265.09 361.15 225.11 361.24 212.09 370.26 212.08 370.28 185.5 Z"
       id="Sheridan"
       fill="#d552f8"
       style="fill:#d72f30;fill-opacity:1.0" />
    <path
       d="M 484.99 264.52 507.33 264.2 537.68 263.7 573.76 262.96 587.07 262.63 590.4 262.55 590.75 275.72 591.74 315.62 594.64 315.54 595.44 342.53 596.11 368.85 582.82 369.22 533.19 370.41 489.68 370.88 489.37 317.55 485.69 317.52 485.2 277.7 484.99 264.52 Z"
       id="Stutsman"
       fill="#f15e24"
       style="fill:#d72f30;fill-opacity:1.0" />
    <path
       d="M 444.95 424.74 456.1 424.69 534.11 423.55 537.73 423.47 538.35 464.37 538.45 475.95 511.57 476.4 486.77 476.71 476.26 476.72 459.02 476.93 445.18 476.94 444.95 424.74 Z"
       id="McIntosh"
       fill="#fe9eea"
       style="fill:#d72f30;fill-opacity:1.0" />
    <path
       d="M 643.32 420.83 653.65 420.54 680.27 419.62 720.25 418.07 722.49 417.98 724.28 461.64 727.61 462.19 728 470.93 701.19 472 669.5 473.12 644.86 473.84 644.44 460.6 643.32 420.83 Z"
       id="Sargent"
       fill="#a8de7c"
       style="fill:#d75d5d;fill-opacity:1.0" />
    <path
       d="M 158.41 186.17 160.17 188.87 166.5 193.07 170.64 192.67 173.35 193.44 175.61 195.63 179.71 196.59 181.5 197.75 184.58 196.91 185.66 196.09 187.53 191.98 189.91 190.43 197.53 193.62 197.43 196.58 194.31 197.78 194.98 200.26 197.11 201.93 196.94 209.66 196.57 212.53 196.52 217.65 197.86 219.89 199.95 221.71 202.57 225.41 201.73 263.12 208.08 263.26 207.03 311.88 167.23 310.95 167.12 315.38 132.95 314.52 114.05 313.95 115.8 260.71 108.85 260.47 110.55 207.58 143.12 208.65 157.74 209.08 158.41 186.17 Z"
       id="Dunn"
       fill="#ce7da1"
       style="fill:#c21b18;fill-opacity:1.0" />
    <path
       d="M 225.23 37.12 225.84 7.73 265.7 8.38 278.68 8.48 278.13 51.3 282.75 51.36 282.4 78 301.44 78.28 322.19 78.48 322.08 91.8 295.52 91.52 270.08 91.17 242.4 90.67 243.14 50.78 225 50.41 225.23 37.12 Z"
       id="Renville"
       fill="#a7b201"
       style="fill:#c21b18;fill-opacity:1.0" />
  </g>
</svg>