<svg
   width="810"
   height="810"
   viewBox="0 0 810 810"
   stroke-linecap="round"
   stroke-linejoin="round"
   xmlns:inkscape="http://www.inkscape.org/namespaces/inkscape"
   xmlns:sodipodi="http://sodipodi.sourceforge.net/DTD/sodipodi-0.dtd"
   xmlns="http://www.w3.org/2000/svg"
   xmlns:svg="http://www.w3.org/2000/svg"
   xmlns:rdf="http://www.w3.org/1999/02/22-rdf-syntax-ns#"
   xmlns:cc="http://creativecommons.org/ns#"
   xmlns:dc="http://purl.org/dc/elements/1.1/">
  <metadata
     id="metadata3683">
    <rdf:RDF>
      <cc:Work
         rdf:about="">
        <dc:format>image/svg+xml</dc:format>
        <dc:type
           rdf:resource="http://purl.org/dc/dcmitype/StillImage" />
      </cc:Work>
    </rdf:RDF>
  </metadata>
  <defs
     id="defs3681" />
  <sodipodi:namedview
     pagecolor="#ffffff"
     bordercolor="#666666"
     borderopacity="1"
     objecttolerance="10"
     gridtolerance="10"
     guidetolerance="10"
     inkscape:pageopacity="0"
     inkscape:pageshadow="2"
     inkscape:window-width="1312"
     inkscape:window-height="466"
     id="namedview3679"
     showgrid="false"
     inkscape:zoom="1.24"
     inkscape:cx="575"
     inkscape:cy="319.35484"
     inkscape:window-x="0"
     inkscape:window-y="25"
     inkscape:window-maximized="0"
     inkscape:current-layer="Ohio"
     inkscape:showpageshadow="2"
     inkscape:pagecheckerboard="0"
     inkscape:deskcolor="#d1d1d1" />
  <g
     transform="translate(5,5)"
     stroke="white"
     stroke-width="1"
     style="fill:#cc2f4a;fill-opacity:1">
    <path
       d="M 522.07 109.41 526.08 112.18 537.37 114.15 539.6 114.24 548.16 111.37 553.22 111.24 559.46 113.09 565.37 109.87 568.74 106.11 578.92 100.29 583.53 96.53 589.47 90.64 595.09 84.57 597.47 83.7 601.89 80.61 602.18 94.23 618.35 94.11 618.62 121.78 621.38 121.73 621.48 126.36 618.63 126.43 618.86 143.32 584.29 143.08 585.98 144.95 585.44 148.24 586.5 152.45 588.63 154.23 590.31 159.14 585.72 159.42 569.89 159.67 537.52 160.4 537.58 143.59 521.79 143.57 521.92 115.4 522.07 109.41 Z"
       id="Cuyahoga"
       fill="#b3c4db"
       style="fill:#7996e2;fill-opacity:1" />
    <path
       d="M 394.11 87.72 396.1 84.78 398.64 84.18 399.53 85.78 402.97 85.91 403.16 89.53 402.23 91.27 395.71 89.45 394.11 87.72 Z M 458.65 126.69 459.67 158.7 442.86 158.81 418.84 158.27 406.23 158.17 375.99 157.33 375.07 126.11 366 126.08 372.45 123.92 376.75 121.82 378.37 119.87 378.06 116.71 380.96 117.39 388.69 122.76 390.64 123.17 392.44 121.76 394.66 121.84 399.52 118.97 401.08 120.87 404.17 121.09 404.42 119.07 402.95 115.78 413.1 125.67 412.18 127.66 416.34 128.65 422.62 132.54 425.14 133.37 431.19 136.78 436.38 137.15 444.73 133.7 451.39 129.41 456.07 126.99 458.65 126.69 Z"
       id="Erie"
       fill="#b8e0da"
       style="fill:#d75d5d;fill-opacity:1" />
    <path
       d="M 276.09 64.49 278.73 62.9 279.76 64.77 276.89 66.75 276.09 64.49 Z M 202.1 111.72 202.64 82.84 203.49 82.84 203.35 60.05 222.9 59.58 235.85 59.11 274.15 58.16 272.08 60.42 270.33 65.76 273.25 67.26 274.02 65.89 279.41 67.86 284.41 67.37 286.65 68.79 291.31 68.54 292.78 67.44 293.99 64.44 298.97 68.44 298.87 70.91 302.7 71.15 315.14 80.25 321.56 82.95 299.89 83.11 280.46 83.51 254.77 83.65 251.7 87.21 247.5 93.87 245.34 94 238.6 98.54 236.18 99.03 233.81 100.85 231.25 104.24 230.77 110.36 227.21 112.73 224.96 116.42 223.48 117.53 220.35 117.31 219.08 120.29 214.71 123.25 208.12 125.71 206.63 128.03 201.8 127.95 202.1 111.72 Z"
       id="Lucas"
       fill="#b1e486"
       style="fill:#e27f7f;fill-opacity:1" />
    <path
       d="M 439.6 459.56 447.23 460.1 447.15 461.32 463.09 462.46 478.76 463.3 491.02 464.12 489.78 483.82 506.43 484.75 505.84 494.81 505.27 504.44 514.89 505.05 512.45 543.83 511.09 543.71 491.88 542.52 473.91 541.34 474.17 535.02 453.89 533.69 454.79 520.75 456.22 501.29 449.66 500.84 450.95 481.18 437.96 480.26 439.6 459.56 Z"
       id="Perry"
       fill="#cbdc93"
       style="fill:#d72f30;fill-opacity:1" />
    <path
       d="M 32.72 593.18 52.95 593.82 63.38 593.99 65.45 592.48 70.84 593.39 77.12 593.65 83.77 594.87 87.07 594.35 90.41 595.41 93.82 595.18 100.07 596.24 106.64 596.65 113.15 597.97 122.83 598.29 128.85 599.17 129.25 603.06 128.88 604.43 123.3 607.83 122.17 610.85 118.56 613.39 120.34 616.68 124.89 615.93 126.02 617.89 123.75 622.81 121.89 624.47 121.18 631.41 117.64 658.13 113.19 654.73 106.15 652.75 102.67 652.57 98.77 649.68 98.27 646.4 98.42 641.67 96.38 637.13 92.03 635.48 90.21 636.48 87.92 639.61 85.1 641.5 82.51 641.78 78.01 640.07 74.23 643.83 69.07 645.47 63.76 644.75 60.74 641.37 53.99 638.42 49.18 630.98 46.89 629.28 43.03 628.69 40.85 630.43 37.75 634.91 31.41 637.54 32.13 610.49 32.72 593.18 Z"
       id="Hamilton"
       fill="#e4c9a0"
       style="fill:#e27f7f;fill-opacity:1" />
    <path
       d="M 379.02 69.56 381.29 68.02 382.69 68.64 382.31 72.39 380.96 72.61 379.02 69.56 Z M 377.35 63.74 378.99 61.16 381.03 61.02 381.21 63.4 379.39 64.51 377.35 63.74 Z M 375.9 78.12 377.54 75.76 381.19 76.29 381.07 78.32 378.75 80.83 375.9 78.12 Z M 280.46 83.51 299.89 83.11 321.56 82.95 327.24 84.8 332.57 85.34 337.28 88.12 339.23 90.18 343.32 96.68 349.68 101.94 354.78 105.26 362 107.44 368.34 105.79 371.67 103.16 373.59 100.19 374.33 92.15 377.52 91.34 379.62 94.81 382.22 97.34 385.55 101.66 387.55 101.78 391.45 100.44 396.49 101.35 397.78 104.54 395.43 108.07 391.9 107.99 388.92 110.08 386.33 109.22 382.1 109.23 379.59 112.56 375.72 110.2 372.17 112.27 369.24 113.13 356.46 113.12 353.78 117.96 350.18 119.35 348.2 118.1 343.16 119.94 338.35 119.99 319.1 119.58 293.08 119.55 293.04 109.84 280.4 109.93 280.46 83.51 Z"
       id="Ottawa"
       fill="#94bbeb"
       style="fill:#d72f30;fill-opacity:1" />
    <path
       d="M 44.05 277.16 72.4 278 102.53 278.55 102.31 288.21 101.83 311.13 101.42 336.89 100.81 360.69 104.37 361.67 104.32 361.73 76.28 361.31 76.25 361.63 41.51 360.54 41.79 347.47 42.65 327.44 44.05 277.16 Z"
       id="Mercer"
       fill="#d8e9e9"
       style="fill:#c21b18;fill-opacity:1" />
    <path
       d="M 546.13 565.84 549.42 566.05 549.79 556.07 556.63 556.35 560.52 557.2 560.53 558.49 569.56 558.86 570.06 547.69 567.1 547.6 566.85 544.03 567.89 540.68 568.34 535.88 572.71 534.45 590.04 535.06 609.78 535.65 609.67 521.73 613.32 521.8 613.22 524.97 619.93 525.04 619.94 528.29 623.18 528.29 623.24 531.43 629.88 531.5 629.88 533.13 642.42 533.34 642.45 530.23 645.69 530.29 645.59 536.63 648.77 536.09 684.92 537.07 684.71 544.2 679.31 549.63 674.21 556.12 671.94 560.8 668.57 565.57 662.35 566.98 659.74 568.89 655.54 574.99 655.2 577.87 653.4 578.91 650.23 578.02 645.27 579.06 640.68 581.69 632.13 588.17 627.24 589.13 625.75 588.76 623.76 586.1 621.81 578.89 617.98 575.1 613.22 574.29 610.31 576.35 605.2 582.39 598.5 586.99 595.91 590.16 594.72 600.15 594.73 604.08 593.88 605.98 591.24 605.77 587.27 604.19 585.05 604.74 579.02 603.98 575.2 604.82 572.11 608.56 573.04 615.02 571.4 616.61 567.15 617.76 567.69 605.82 551.01 605.29 551.26 598.73 548 598.59 548.12 595.31 544.83 595.2 546.13 565.84 Z"
       id="Washington"
       fill="#cdec98"
       style="fill:#d72f30;fill-opacity:1" />
    <path
       d="M 570.91 497.78 571.3 478.42 590.81 479.02 590.96 466 610.57 466.47 610.72 460.04 623.72 460.32 623.78 453.83 630.31 453.91 630.31 453.1 649.77 453.35 649.48 471.9 636.41 471.72 635.95 507.75 642.57 507.71 642.45 530.23 642.42 533.34 629.88 533.13 629.88 531.5 623.24 531.43 623.18 528.29 619.94 528.29 619.93 525.04 613.22 524.97 613.32 521.8 609.67 521.73 609.78 535.65 590.04 535.06 590.22 517.94 580.41 517.66 580.79 498.16 570.91 497.78 Z"
       id="Noble"
       fill="#d5bca5"
       style="fill:#c21b18;fill-opacity:1" />
    <path
       d="M 344.79 347.44 345.54 336.17 355.45 334.86 355.73 300.54 372.33 300.34 372.63 287.31 372.66 285.67 394.82 286.01 411.72 286.44 411.88 296.06 408.7 295.99 408.83 302.48 412.11 302.47 412.28 321.89 409.03 321.86 409.01 328.06 410.65 327.85 408.32 367.4 391.59 366.35 360.2 364.34 361.08 351.7 344.55 350.75 344.79 347.44 Z"
       id="Morrow"
       fill="#dbe5d2"
       style="fill:#c21b18;fill-opacity:1" />
    <path
       d="M 260.16 331.07 277.39 331.01 306.32 330.89 306.13 344.89 305.85 358.72 305.77 389.23 318.73 389.38 318.96 411.86 318.86 419.86 312.71 419.67 299.92 419.22 261.96 418.34 263.82 393.03 254.15 392.05 257.33 359.03 260.16 331.07 Z"
       id="Union"
       fill="#9a94d1"
       style="fill:#d72f30;fill-opacity:1" />
    <path
       d="M 671.3 222.62 685.55 222.44 684.89 189.91 709.27 189.43 753.07 188.79 766.06 188.47 767.15 235.64 767.13 240.25 748.21 240.79 716.19 241.18 716.12 234.77 703.61 234.92 703.7 241.4 671.55 241.82 671.3 222.62 Z"
       id="Mahoning"
       fill="#e8ead8"
       style="fill:#d75d5d;fill-opacity:1" />
    <path
       d="M 178.3 334.55 179.76 334.6 179.94 323.01 194.41 323.2 199.25 322.54 199.23 324.05 240.52 327.89 260.26 329.84 260.16 331.07 257.33 359.03 254.15 392.05 221.02 388.59 214.34 387.99 214.63 384.76 175.39 381.09 176.31 371.39 177.42 372.36 177.52 355.14 178.02 355.08 178.3 334.55 Z"
       id="Logan"
       fill="#bbea90"
       style="fill:#c21b18;fill-opacity:1" />
    <path
       d="M 631.2 395.17 631.52 375.15 641.61 375.21 642.12 346.3 651.9 346.16 670.97 346.51 670.97 346.88 697.85 347.36 710.83 347.52 710.73 357.2 709.99 357.19 709.66 376.69 708.97 406.1 669.86 404.9 669.87 404.19 650.46 404.13 650.45 404.72 631.07 404.56 631.2 395.17 Z"
       id="Harrison"
       fill="#cde2b7"
       style="fill:#d72f30;fill-opacity:1" />
    <path
       d="M 199.6 298.99 200.24 260.06 219.44 260.5 238.83 260.72 261.71 261.3 265.02 261.39 264.71 280.82 264.82 287.26 274.22 287.21 274.16 290.45 277.62 290.66 277.38 312.98 277.93 328.76 277.39 331.01 260.16 331.07 260.26 329.84 240.52 327.89 199.23 324.05 199.25 322.54 199.6 298.99 Z"
       id="Hardin"
       fill="#c4e4e2"
       style="fill:#c21b18;fill-opacity:1" />
    <path
       d="M 93.5 458.34 103.68 458.32 149.58 458.52 147.93 460.88 148.47 464.74 149.5 466.73 167.66 468.44 167.08 474.95 166.8 478.11 160.32 477.52 159.24 490.44 157.63 506.8 156.19 524.56 155.61 535.25 126.16 532.16 112.49 531.89 93.75 531.33 92.9 531.11 93.07 516.44 93.5 458.34 Z"
       id="Montgomery"
       fill="#cee8ef"
       style="fill:#e27f7f;fill-opacity:1" />
    <path
       d="M 201.28 182.76 227.14 182.99 251.53 183.62 265.29 184.1 278.54 184.01 278.25 222.88 271.93 222.86 271.86 232.45 268.64 232.44 268.54 242.09 262.13 241.98 261.71 261.3 238.83 260.72 219.44 260.5 200.24 260.06 200.53 237.73 201.28 182.76 Z"
       id="Hancock"
       fill="#c7d5e6"
       style="fill:#d72f30;fill-opacity:1" />
    <path
       d="M 488.49 207.67 488.7 191.32 504.77 191.39 505 177.31 521.55 177.22 521.68 160.55 537.52 160.4 569.89 159.67 569.84 191.04 569.9 223.79 546.25 224.06 512.26 223.81 495.65 223.58 488.24 223.55 488.49 207.67 Z"
       id="Medina"
       fill="#bce4ec"
       style="fill:#d75d5d;fill-opacity:1" />
    <path
       d="M 496.49 295.45 508.9 295.38 529.39 295.52 548.7 295.22 577.07 295.01 577.29 302.4 575 304.03 574.76 320.27 574.19 344.77 567.52 344.65 536.14 344.17 503.54 343.02 486.83 342.59 487.71 316.65 480.64 317.77 480.43 295.73 496.49 295.45 Z"
       id="Holmes"
       fill="#f3d7d4"
       style="fill:#c21b18;fill-opacity:1" />
    <path
       d="M 330.05 222.98 373.76 223.18 377.75 222.54 395.38 222.81 395.45 237.29 395.27 256.67 394.82 286.01 372.66 285.67 372.63 287.31 358.94 287.39 355.81 287.62 329.83 287.54 329.9 245.55 330.05 222.98 Z"
       id="Crawford"
       fill="#cee9e7"
       style="fill:#d72f30;fill-opacity:1" />
    <path
       d="M 486.83 342.59 503.54 343.02 536.14 344.17 567.52 344.65 567.13 361.1 583.5 361.54 582.69 394.17 575.04 393.98 574.63 409.87 566.89 409.68 566.89 409.53 502.63 407.81 486.58 406.92 487.25 390.97 485.02 390.88 486.83 342.59 Z"
       id="Coshocton"
       fill="#e8c7b1"
       style="fill:#d72f30;fill-opacity:1" />
    <path
       d="M 175.74 607.65 197.19 609.51 196.21 641.32 195.27 659.72 204.87 660.12 224.23 660.14 229.81 660.42 227.05 694.37 223.58 735.07 223.04 744.96 220.36 743.38 213.12 742.07 211.44 740.7 209.57 732.34 208.36 730.98 202.95 729.14 199.73 726.35 198.82 721.81 196.64 718.55 191.78 716.51 184.87 715.08 181.95 712.35 175.9 711.47 164.41 714.95 162.99 714.74 166.14 688.51 168.4 668.7 172.65 635.13 175.74 607.65 Z"
       id="Brown"
       fill="#f4ddd3"
       style="fill:#c21b18;fill-opacity:1" />
    <path
       d="M 495.65 223.58 512.26 223.81 546.25 224.06 569.9 223.79 576.77 223.73 576.92 240.3 577.18 277 577.07 295.01 548.7 295.22 529.39 295.52 508.9 295.38 496.49 295.45 496.17 265.25 496.48 247.03 495.98 243.78 495.65 223.58 Z"
       id="Wayne"
       fill="#b6a8f0"
       style="fill:#d72f30;fill-opacity:1" />
    <path
       d="M 567.52 344.65 574.19 344.77 574.76 320.27 575 304.03 577.29 302.4 604.64 298.1 607.99 297.31 609.08 294.98 612.96 295.71 611.45 297.82 633.34 297.96 632.94 316.83 642.59 317.06 642.12 346.3 641.61 375.21 631.52 375.15 631.2 395.17 582.69 394.17 583.5 361.54 567.13 361.1 567.52 344.65 Z"
       id="Tuscarawas"
       fill="#e7d5a7"
       style="fill:#d72f30;fill-opacity:1" />
    <path
       d="M 618.86 143.32 634.46 143.33 665.42 142.86 683.9 142.44 684.89 189.91 685.55 222.44 671.3 222.62 619.61 223.26 619.4 194.51 618.86 143.32 Z"
       id="Portage"
       fill="#f1c9ad"
       style="fill:#d75d5d;fill-opacity:1" />
    <path
       d="M 576.92 240.3 615.27 241.54 615.73 223.32 619.61 223.26 671.3 222.62 671.55 241.82 672.07 280.44 653.23 280.43 653.19 281.98 646.74 281.78 646.29 298.01 633.34 297.96 611.45 297.82 612.96 295.71 609.08 294.98 607.99 297.31 604.64 298.1 577.29 302.4 577.07 295.01 577.18 277 576.92 240.3 Z"
       id="Stark"
       fill="#a5a7e4"
       style="fill:#d75d5d;fill-opacity:1" />
    <path
       d="M 46.9 160.67 87.91 161.68 104.97 161.88 104.78 171.67 124.15 172.17 123.95 181.84 123.07 220.68 113.38 220.56 65.72 219.61 45.39 219.13 46.9 160.67 Z"
       id="Paulding"
       fill="#c6edcf"
       style="fill:#d72f30;fill-opacity:1" />
    <path
       d="M 235.27 505.7 268.32 508.73 304.04 511.21 301.23 551.01 282.68 581.69 245.05 580.98 247.12 554.3 248.02 544.16 231.88 542.68 235.27 505.7 Z"
       id="Fayette"
       fill="#abe3a6"
       style="fill:#c21b18;fill-opacity:1" />
    <path
       d="M 125.4 110.75 169.75 111.5 202.1 111.72 201.8 127.95 201.47 147.13 201.28 182.76 165.67 182.45 142.99 182.16 143.9 143.36 144.1 123.96 125.16 123.63 125.4 110.75 Z"
       id="Henry"
       fill="#8e94e1"
       style="fill:#c21b18;fill-opacity:1" />
    <path
       d="M 45.39 219.13 65.72 219.61 113.38 220.56 113.14 239.9 122.82 240.04 122.69 249.92 122.56 259.47 112.89 259.31 112.36 288.41 102.31 288.21 102.53 278.55 72.4 278 44.05 277.16 45.39 219.13 Z"
       id="Van-Wert"
       fill="#c6a2a0"
       style="fill:#c21b18;fill-opacity:1" />
    <path
       d="M 460.74 207.25 488.49 207.67 488.24 223.55 495.65 223.58 495.98 243.78 496.48 247.03 496.17 265.25 496.49 295.45 480.43 295.73 480.64 317.77 460.87 320.75 460.6 305.51 460.42 282.6 453.79 282.51 453.68 269.16 451.84 267.17 452.05 264.5 448.81 264.49 447.27 263.09 447.4 249.11 447.06 223.45 444.54 223.45 443.84 207.36 460.74 207.25 Z"
       id="Ashland"
       fill="#a0abe9"
       style="fill:#d72f30;fill-opacity:1" />
    <path
       d="M 391.59 366.35 408.32 367.4 410.65 327.85 409.01 328.06 409.03 321.86 412.28 321.89 454.44 321.67 460.87 320.75 480.64 317.77 487.71 316.65 486.83 342.59 485.02 390.88 470.55 390.68 464.31 390.82 454.54 390.47 437.1 389.47 437.3 385.28 408.68 383.49 390.55 382.48 391.59 366.35 Z"
       id="Knox"
       fill="#9fc4c7"
       style="fill:#d72f30;fill-opacity:1" />
    <path
       d="M 683.35 108.26 731.8 107.78 764.2 107.04 764.98 142.41 765.56 162.82 766.06 188.47 753.07 188.79 709.27 189.43 684.89 189.91 683.9 142.44 683.35 108.26 Z"
       id="Trumbull"
       fill="#d5d6f7"
       style="fill:#d75d5d;fill-opacity:1" />
    <path
       d="M 278.54 184.01 278.95 164.63 295.17 164.6 313.07 165.12 327.3 164.53 337.17 164.49 347.3 164.77 376.19 165.04 377.75 222.54 373.76 223.18 330.05 222.98 278.25 222.88 278.54 184.01 Z"
       id="Seneca"
       fill="#c7f1bc"
       style="fill:#d72f30;fill-opacity:1" />
    <path
       d="M 104.32 361.73 104.37 361.67 104.55 356.4 120.73 356.64 121.15 333.91 160.52 334.22 178.3 334.55 178.02 355.08 177.52 355.14 177.42 372.36 176.31 371.39 175.39 381.09 173.65 400.95 140.26 397.77 140.36 396.77 128.91 396.88 103.9 396.66 103.9 388.96 104.32 361.73 Z"
       id="Shelby"
       fill="#ccdfe7"
       style="fill:#c21b18;fill-opacity:1" />
    <path
       d="M 306.13 344.89 321.1 346.15 344.79 347.44 344.55 350.75 361.08 351.7 360.2 364.34 391.59 366.35 390.55 382.48 388.56 416.06 347.06 413.55 327.49 412.57 318.96 411.86 318.73 389.38 305.77 389.23 305.85 358.72 306.13 344.89 Z"
       id="Delaware"
       fill="#cad1f8"
       style="fill:#d75d5d;fill-opacity:1" />
    <path
       d="M 277.62 290.66 297.09 290.79 297.13 287.48 316.14 287.62 329.83 287.54 355.81 287.62 358.94 287.39 372.63 287.31 372.33 300.34 355.73 300.54 355.45 334.86 345.54 336.17 344.79 347.44 321.1 346.15 306.13 344.89 306.32 330.89 277.39 331.01 277.93 328.76 277.38 312.98 277.62 290.66 Z"
       id="Marion"
       fill="#f1c1ac"
       style="fill:#d72f30;fill-opacity:1" />
    <path
       d="M 41.51 360.54 76.25 361.63 76.28 361.31 104.32 361.73 103.9 388.96 103.9 396.66 103.81 446.96 103.68 458.32 93.5 458.34 74.52 458.28 52.8 457.79 37.54 457.31 39.49 410.21 40.25 394.9 41.3 370.01 41.51 360.54 Z"
       id="Darke"
       fill="#a0eaa0"
       style="fill:#c21b18;fill-opacity:1" />
    <path
       d="M 173.65 400.95 175.39 381.09 214.63 384.76 214.34 387.99 221.02 388.59 254.15 392.05 263.82 393.03 261.96 418.34 259.57 440.82 239.73 439.23 211.38 436.48 192.41 434.87 179.24 433.48 170.85 432.85 173.65 400.95 Z"
       id="Champaign"
       fill="#e9dec5"
       style="fill:#d72f30;fill-opacity:1" />
    <path
       d="M 299.55 662.23 305.18 664.48 309.14 667.62 308.76 672.1 309.63 674.68 323.98 675.29 351.51 676.05 379.92 677.78 389.24 678.41 387.91 698.52 407.15 699.86 405.54 719.06 404.87 722.32 399.21 721.87 398.12 735 397.26 737.98 387.24 737.4 386.81 745.24 391.29 755.82 378.07 761.66 373.97 758.21 372.65 756.2 371.17 750.49 371.1 744.88 369.9 739.72 367.43 735.06 368.81 726.62 367.16 721.43 364.61 720.28 359.46 721.71 356.07 723.2 351.6 726.4 349.73 727.01 344.09 726.07 340.39 727.44 336.85 733.64 331.41 736.88 328.18 737.7 324.7 741.7 322.47 747.79 319.18 750.64 310.47 751.03 305.48 748.58 303.17 748.34 299.42 750.62 299.22 750.54 299.51 720 299.67 691.85 299.55 662.23 Z"
       id="Scioto"
       fill="#cfdbb3"
       style="fill:#d72f30;fill-opacity:1" />
    <path
       d="M 420.09 700.89 420.3 698.89 441.02 700.88 443.75 669.71 444.45 658.53 463.95 660.15 463.78 663.38 503.41 665.55 502.86 675.43 501.1 678.27 500.67 681.17 497.7 686.2 495.23 688.86 494.88 692.1 495.94 696.2 494.98 701.66 492.09 705.2 486.95 707.33 482.43 711.67 481.69 713.56 482.56 717.74 485.66 720.09 488.55 730.96 487.11 737.28 488.05 741.9 490.43 749.36 489.54 754.3 487.55 756.27 481.72 757.09 477.56 755.52 472.63 756.6 470.39 759.07 457.38 758.52 458.6 738.32 438.03 736.96 439 723.8 435.57 723.46 436.09 716.95 418.84 715.43 420.09 700.89 Z"
       id="Gallia"
       fill="#dbf1e7"
       style="fill:#c21b18;fill-opacity:1" />
    <path
       d="M 618.35 94.11 634.23 93.85 634.21 78.08 666.43 77.47 666.03 61.29 682.45 60.83 682.61 64.19 683.35 108.26 683.9 142.44 665.42 142.86 634.46 143.33 618.86 143.32 618.63 126.43 621.48 126.36 621.38 121.73 618.62 121.78 618.35 94.11 Z"
       id="Geauga"
       fill="#b1d9cd"
       style="fill:#d75d5d;fill-opacity:1" />
    <path
       d="M 304.04 511.21 305.76 485.21 318.74 486.16 341.07 487.02 377.64 489.54 375.22 521.84 375.78 521.88 374.23 541.42 393.4 543.05 391.76 562.18 390.16 562.24 367.77 560.64 347.42 559.39 347.96 557.59 350.5 557.14 350.79 554.79 348.42 553.54 320.38 552.16 301.23 551.01 304.04 511.21 Z"
       id="Pickaway"
       fill="#8cd4d9"
       style="fill:#d72f30;fill-opacity:1" />
    <path
       d="M 469.52 580.9 471.06 561.18 490.54 562.58 491.88 542.52 511.09 543.71 509.77 563.89 529.64 565.04 546.13 565.84 544.83 595.2 548.12 595.31 548 598.59 551.26 598.73 551.01 605.29 567.69 605.82 567.15 617.76 564.44 623.62 561.99 625.66 511.2 623.39 473.26 620.99 474.65 601.17 468.04 600.72 469.52 580.9 Z"
       id="Athens"
       fill="#e8e1ac"
       style="fill:#7996e2;fill-opacity:1" />
    <path
       d="M 649.48 471.9 687.22 473.07 690.25 473.53 710.31 474.42 720.8 474.66 719.86 476.53 720.8 483.17 720.19 486.1 718.64 487.88 713.95 491.41 712.82 494.02 713.65 496.3 717.02 499.67 719.59 503.69 719.26 507.25 714.52 509.53 713.85 511.13 713.85 518.66 711.62 525.79 709.6 526.71 705.23 526.36 702.55 527.27 696.26 532.87 692.33 537.13 687.21 541.43 684.71 544.2 684.92 537.07 648.77 536.09 645.59 536.63 645.69 530.29 642.45 530.23 642.57 507.71 635.95 507.75 636.41 471.72 649.48 471.9 Z"
       id="Monroe"
       fill="#f5e3cd"
       style="fill:#d72f30;fill-opacity:1" />
    <path
       d="M 116.83 61.58 116.6 81.34 119.44 81.46 119.04 104.3 125.51 104.4 125.4 110.75 125.16 123.63 47.84 122.13 48.63 80.58 49.09 62.12 58.43 61.89 116.83 61.58 Z"
       id="Williams"
       fill="#c8e9c4"
       style="fill:#d72f30;fill-opacity:1" />
    <path
       d="M 377.64 489.54 378.14 483.04 381.39 483.35 382.85 463.83 379.65 463.63 380.06 457.07 384.9 457.42 402.23 458.63 437.78 460.74 439.6 459.56 437.96 480.26 450.95 481.18 449.66 500.84 456.22 501.29 454.79 520.75 434.89 519.27 433.9 532.35 413.02 531.05 412.57 540.97 393.62 539.8 393.4 543.05 374.23 541.42 375.78 521.88 375.22 521.84 377.64 489.54 Z"
       id="Fairfield"
       fill="#f1f2cb"
       style="fill:#d75d5d;fill-opacity:1" />
    <path
       d="M 391.76 562.18 393.4 543.05 393.62 539.8 412.57 540.97 413.02 531.05 433.9 532.35 434.89 519.27 454.79 520.75 453.89 533.69 474.17 535.02 473.91 541.34 491.88 542.52 490.54 562.58 471.06 561.18 469.52 580.9 430.74 578.37 430.2 584.21 410.05 582.75 409.82 585.95 390.34 584.44 391.76 562.18 Z"
       id="Hocking"
       fill="#c9dfd9"
       style="fill:#d72f30;fill-opacity:1" />
    <path
       d="M 179.17 537.63 199.49 539.67 231.88 542.68 248.02 544.16 247.12 554.3 245.05 580.98 237.12 586.76 211.22 606.26 209.27 611.12 207.03 614.69 202.26 614.93 202.59 609.95 197.19 609.51 175.74 607.65 172.72 607.38 174.81 586.06 179.17 537.63 Z"
       id="Clinton"
       fill="#e0e6ec"
       style="fill:#c21b18;fill-opacity:1" />
    <path
       d="M 458.65 126.69 462.85 126.23 468.1 126.64 474.27 125.32 487.1 117.01 496.82 113.19 514.69 107.11 517.57 107.31 522.07 109.41 521.92 115.4 521.79 143.57 537.58 143.59 537.52 160.4 521.68 160.55 521.55 177.22 505 177.31 504.77 191.39 488.7 191.32 488.49 207.67 460.74 207.25 460.47 196.13 460.07 193.1 459.88 180.1 460.03 174.92 459.67 158.7 458.65 126.69 Z"
       id="Lorain"
       fill="#abea9a"
       style="fill:#e27f7f;fill-opacity:1" />
    <path
       d="M 280.4 109.93 293.04 109.84 293.08 119.55 319.1 119.58 338.35 119.99 343.16 119.94 347.14 122.08 347.81 126.25 351.88 121.38 353.53 120.87 356.76 127.14 359.29 128.58 362.08 128.74 366 126.08 375.07 126.11 375.99 157.33 376.19 165.04 347.3 164.77 337.17 164.49 327.3 164.53 313.07 165.12 295.17 164.6 278.95 164.63 280.09 125.97 280.4 109.93 Z"
       id="Sandusky"
       fill="#ddefea"
       style="fill:#d72f30;fill-opacity:1" />
    <path
       d="M 47.84 122.13 125.16 123.63 144.1 123.96 143.9 143.36 142.99 182.16 123.95 181.84 124.15 172.17 104.78 171.67 104.97 161.88 87.91 161.68 46.9 160.67 47.84 122.13 Z"
       id="Defiance"
       fill="#b1dec6"
       style="fill:#d72f30;fill-opacity:1" />
    <path
       d="M 285.6 621.69 302.11 622.71 333.64 625.16 374.34 627.98 383.76 628.74 381.29 658.32 381.6 658.35 379.92 677.78 351.51 676.05 323.98 675.29 309.63 674.68 308.76 672.1 309.14 667.62 305.18 664.48 299.55 662.23 293.13 656.73 292.03 654.07 279.72 653.28 282.98 636.39 285.6 621.69 Z"
       id="Pike"
       fill="#cbe8db"
       style="fill:#d72f30;fill-opacity:1" />
    <path
       d="M 116.83 61.58 123.33 61.56 161.02 60.91 180.19 60.42 203.35 60.05 203.49 82.84 202.64 82.84 202.1 111.72 169.75 111.5 125.4 110.75 125.51 104.4 119.04 104.3 119.44 81.46 116.6 81.34 116.83 61.58 Z"
       id="Fulton"
       fill="#b0d0de"
       style="fill:#d72f30;fill-opacity:1" />
    <path
       d="M 390.34 584.44 409.82 585.95 410.05 582.75 430.2 584.21 430.74 578.37 469.52 580.9 468.04 600.72 474.65 601.17 473.26 620.99 466.67 620.62 463.95 660.15 444.45 658.53 446.27 635.69 433.25 634.95 426.26 634.22 426.95 626.15 420.35 625.1 414.03 625.07 407.03 624.17 407.27 621.35 387.77 620.04 390.34 584.44 Z"
       id="Vinton"
       fill="#dedfee"
       style="fill:#d72f30;fill-opacity:1" />
    <path
       d="M 601.89 80.61 605.43 76.86 609.52 71.23 618.38 63.53 628.75 55.97 632.76 53.84 635.23 51.67 638.92 51.95 645.71 49.61 661.33 39.85 667.78 37.12 674.83 33.47 679.46 31.92 682.16 30.18 682.45 60.83 666.03 61.29 666.43 77.47 634.21 78.08 634.23 93.85 618.35 94.11 602.18 94.23 601.89 80.61 Z"
       id="Lake"
       fill="#f1dcdb"
       style="fill:#d75d5d;fill-opacity:1" />
    <path
       d="M 236.49 493.24 246.62 494.31 250.81 476.71 253.95 464.57 255.1 461.65 260.64 440.89 259.57 440.82 261.96 418.34 299.92 419.22 312.71 419.67 311.59 432.92 304.48 432.6 304.77 441.68 303.19 442.9 305.68 446.37 304.99 447.29 306.37 454.1 309.08 458.63 304.53 461.9 305.76 485.21 304.04 511.21 268.32 508.73 235.27 505.7 236.49 493.24 Z"
       id="Madison"
       fill="#e9a987"
       style="fill:#d72f30;fill-opacity:1" />
    <path
       d="M 112.49 531.89 126.16 532.16 155.61 535.25 179.17 537.63 174.81 586.06 172.72 607.38 129.25 603.06 128.85 599.17 122.83 598.29 113.15 597.97 114.7 581.07 116.76 561.65 116.17 561.48 117.99 541.41 112.43 542.04 112.49 531.89 Z"
       id="Warren"
       fill="#cbdae2"
       style="fill:#d72f30;fill-opacity:1" />
    <path
       d="M 486.58 406.92 502.63 407.81 566.89 409.53 566.89 409.68 565.22 458.68 571.64 458.86 571.3 478.42 570.91 497.78 531.37 495.97 515.49 495.42 505.84 494.81 506.43 484.75 489.78 483.82 491.02 464.12 478.76 463.3 479.13 454.89 484.77 455.07 485.3 442.68 486.58 406.92 Z"
       id="Muskingum"
       fill="#c4dabe"
       style="fill:#d72f30;fill-opacity:1" />
    <path
       d="M 505.84 494.81 515.49 495.42 531.37 495.97 570.91 497.78 580.79 498.16 580.41 517.66 590.22 517.94 590.04 535.06 572.71 534.45 568.34 535.88 567.89 540.68 566.85 544.03 567.1 547.6 570.06 547.69 569.56 558.86 560.53 558.49 560.52 557.2 556.63 556.35 549.79 556.07 549.42 566.05 546.13 565.84 529.64 565.04 509.77 563.89 511.09 543.71 512.45 543.83 514.89 505.05 505.27 504.44 505.84 494.81 Z"
       id="Morgan"
       fill="#f7e0c1"
       style="fill:#d72f30;fill-opacity:1" />
    <path
       d="M 375.99 157.33 406.23 158.17 418.84 158.27 442.86 158.81 459.67 158.7 460.03 174.92 459.88 180.1 460.07 193.1 460.47 196.13 460.74 207.25 443.84 207.36 444.54 223.45 427.48 223.34 395.38 222.81 377.75 222.54 376.19 165.04 375.99 157.33 Z"
       id="Huron"
       fill="#d2eab4"
       style="fill:#d72f30;fill-opacity:1" />
    <path
       d="M 35.03 534.88 43.95 535.35 51.09 535.32 66.49 535.75 92.83 536.05 92.9 531.11 93.75 531.33 112.49 531.89 112.43 542.04 117.99 541.41 116.17 561.48 116.76 561.65 114.7 581.07 113.15 597.97 106.64 596.65 100.07 596.24 93.82 595.18 90.41 595.41 87.07 594.35 83.77 594.87 77.12 593.65 70.84 593.39 65.45 592.48 63.38 593.99 52.95 593.82 32.72 593.18 34.37 554.94 35.03 534.88 Z"
       id="Butler"
       fill="#dbdaf1"
       style="fill:#d72f30;fill-opacity:1" />
    <path
       d="M 122.69 249.92 142.2 250.28 161.66 250.27 161.85 240.56 181.13 240.83 181.17 237.54 200.53 237.73 200.24 260.06 199.6 298.99 172.68 298.71 161.07 298.69 161.11 295.39 141.67 295.24 141.79 288.79 112.36 288.41 112.89 259.31 122.56 259.47 122.69 249.92 Z"
       id="Allen"
       fill="#bed3f0"
       style="fill:#d72f30;fill-opacity:1" />
    <path
       d="M 463.95 660.15 466.67 620.62 473.26 620.99 511.2 623.39 561.99 625.66 563.99 632.78 564.47 639.8 563.94 643.96 562.76 645.8 558.76 648.39 553.15 647.19 552.12 648.24 552.54 652.62 554 655.25 559.32 659.99 560.84 662.4 560.7 665.22 559.53 666.5 557.88 673.61 558.42 675.62 562.4 680.55 561.74 682.27 557.29 682.23 552.29 677.83 549.29 678.4 547.07 681.74 546.39 687.82 544.62 690.33 539.38 693.9 535.71 692.81 532.8 690.1 532.83 687.94 537.44 682.55 537.31 679.83 531.58 668.75 528.4 666.91 523.89 667.69 520.82 661.08 519.54 659.89 516.14 659.55 513.39 660.81 511.03 667.38 504.54 671.5 502.86 675.43 503.41 665.55 463.78 663.38 463.95 660.15 Z"
       id="Meigs"
       fill="#bebcdd"
       style="fill:#d72f30;fill-opacity:1" />
    <path
       d="M 103.9 396.66 128.91 396.88 140.36 396.77 140.26 397.77 173.65 400.95 170.85 432.85 167.66 468.44 149.5 466.73 148.47 464.74 147.93 460.88 149.58 458.52 103.68 458.32 103.81 446.96 103.9 396.66 Z"
       id="Miami"
       fill="#c0bbdd"
       style="fill:#d72f30;fill-opacity:1" />
    <path
       d="M 633.34 297.96 646.29 298.01 646.74 281.78 653.19 281.98 653.23 280.43 672.07 280.44 700.83 280.14 701.01 298.69 710.71 298.71 710.69 308.3 710.61 318.08 700.89 318.06 700.62 337.69 697.98 337.66 697.85 347.36 670.97 346.88 670.97 346.51 651.9 346.16 642.12 346.3 642.59 317.06 632.94 316.83 633.34 297.96 Z"
       id="Carroll"
       fill="#a1b2e8"
       style="fill:#c21b18;fill-opacity:1" />
    <path
       d="M 671.55 241.82 703.7 241.4 703.61 234.92 716.12 234.77 716.19 241.18 748.21 240.79 767.13 240.25 767.38 245.31 768.59 298.34 761.6 301.86 758.93 304.02 755.15 301.65 749.17 303.82 743.64 311.4 730.19 311.49 730.16 308.46 710.69 308.3 710.71 298.71 701.01 298.69 700.83 280.14 672.07 280.44 671.55 241.82 Z"
       id="Columbiana"
       fill="#a4d6a4"
       style="fill:#d72f30;fill-opacity:1" />
    <path
       d="M 569.89 159.67 585.72 159.42 590.31 159.14 588.63 154.23 586.5 152.45 585.44 148.24 585.98 144.95 584.29 143.08 618.86 143.32 619.4 194.51 619.61 223.26 615.73 223.32 615.27 241.54 576.92 240.3 576.77 223.73 569.9 223.79 569.84 191.04 569.89 159.67 Z"
       id="Summit"
       fill="#bad3a2"
       style="fill:#e27f7f;fill-opacity:1" />
    <path
       d="M 113.38 220.56 123.07 220.68 123.95 181.84 142.99 182.16 165.67 182.45 201.28 182.76 200.53 237.73 181.17 237.54 181.13 240.83 161.85 240.56 161.66 250.27 142.2 250.28 122.69 249.92 122.82 240.04 113.14 239.9 113.38 220.56 Z"
       id="Putnam"
       fill="#b7d6dc"
       style="fill:#c21b18;fill-opacity:1" />
    <path
       d="M 395.38 222.81 427.48 223.34 444.54 223.45 447.06 223.45 447.4 249.11 447.27 263.09 448.81 264.49 452.05 264.5 451.84 267.17 453.68 269.16 453.79 282.51 460.42 282.6 460.6 305.51 460.87 320.75 454.44 321.67 412.28 321.89 412.11 302.47 408.83 302.48 408.7 295.99 411.88 296.06 411.72 286.44 394.82 286.01 395.27 256.67 395.45 237.29 395.38 222.81 Z"
       id="Richland"
       fill="#c9f6bd"
       style="fill:#d72f30;fill-opacity:1" />
    <path
       d="M 37.54 457.31 52.8 457.79 74.52 458.28 93.5 458.34 93.07 516.44 92.9 531.11 92.83 536.05 66.49 535.75 51.09 535.32 43.95 535.35 35.03 534.88 36.12 499.59 36.63 480.12 37.54 457.31 Z"
       id="Preble"
       fill="#a0b8c6"
       style="fill:#c21b18;fill-opacity:1" />
    <path
       d="M 167.08 474.95 186.56 476.85 186.26 480.09 205.75 481.79 205.33 487.3 220.47 489.46 220.79 491.18 236.6 492.58 236.49 493.24 235.27 505.7 231.88 542.68 199.49 539.67 179.17 537.63 155.61 535.25 156.19 524.56 157.63 506.8 159.24 490.44 160.32 477.52 166.8 478.11 167.08 474.95 Z"
       id="Greene"
       fill="#9c97de"
       style="fill:#d75d5d;fill-opacity:1" />
    <path
       d="M 378.07 761.66 391.29 755.82 386.81 745.24 387.24 737.4 397.26 737.98 398.12 735 399.21 721.87 404.87 722.32 405.54 719.06 407.15 699.86 420.09 700.89 418.84 715.43 436.09 716.95 435.57 723.46 439 723.8 438.03 736.96 458.6 738.32 457.38 758.52 470.39 759.07 469.22 761.28 468.92 768.88 467.67 772.29 467.45 778.26 465.76 784.54 464.01 788.73 461.1 790.58 452.52 792.06 449.87 790.96 444.71 793.02 435.58 795.69 428.06 798.56 424.52 799 420.7 798.57 416.88 795.65 415.61 791.38 415.03 786.4 413.34 783.13 409.16 780.92 405.79 778.16 402.53 774 400.05 769.46 398.3 767.58 393.97 764.62 387.19 763.98 384.44 764.28 380.84 763.34 378.07 761.66 Z"
       id="Lawrence"
       fill="#bdf0d8"
       style="fill:#d72f30;fill-opacity:1" />
    <path
       d="M 201.8 127.95 206.63 128.03 208.12 125.71 214.71 123.25 219.08 120.29 220.35 117.31 223.48 117.53 224.96 116.42 227.21 112.73 230.77 110.36 231.25 104.24 233.81 100.85 236.18 99.03 238.6 98.54 245.34 94 247.5 93.87 251.7 87.21 254.77 83.65 280.46 83.51 280.4 109.93 280.09 125.97 278.95 164.63 278.54 184.01 265.29 184.1 251.53 183.62 227.14 182.99 201.28 182.76 201.47 147.13 201.8 127.95 Z"
       id="Wood"
       fill="#c8b39d"
       style="fill:#d75d5d;fill-opacity:1" />
    <path
       d="M 223.04 744.96 223.58 735.07 227.05 694.37 229.81 660.42 240.46 660.9 257.17 657.41 279.72 653.28 292.03 654.07 293.13 656.73 299.55 662.23 299.67 691.85 299.51 720 299.22 750.54 299.42 750.62 295.99 754.8 294.64 755.38 290.6 752.53 289.8 747.77 286.76 744.39 282.14 741.48 272.83 739.19 268.16 738.76 264.5 737.53 261.33 734.25 258.23 732.17 255.35 731.3 250.4 732.19 246.94 733.47 239.95 735.12 236.82 736.33 235.04 739.28 234.37 743.22 232.96 746.85 228.91 747.79 223.04 744.96 Z"
       id="Adams"
       fill="#e99181"
       style="fill:#c21b18;fill-opacity:1" />
    <path
       d="M 649.77 453.35 650.45 404.72 650.46 404.13 669.87 404.19 669.86 404.9 708.97 406.1 728.87 406.69 728.92 405.64 739.66 405.99 738.53 410.23 739.23 416.31 738.68 418.83 735.24 421.82 733.94 424.24 735.38 430.1 733.67 439.81 734.33 444.36 734.15 447.55 731.06 450.18 730.09 453.01 731.69 459.65 729.61 461.23 727.08 459.61 723.56 459.32 722.67 462.79 725.33 467.28 726.03 469.61 724.42 472.61 720.8 474.66 710.31 474.42 690.25 473.53 687.22 473.07 649.48 471.9 649.77 453.35 Z"
       id="Belmont"
       fill="#add8ca"
       style="fill:#d72f30;fill-opacity:1" />
    <path
       d="M 312.71 419.67 318.86 419.86 318.96 411.86 327.49 412.57 347.06 413.55 388.56 416.06 386.41 449.33 385.45 449.29 384.9 457.42 380.06 457.07 379.65 463.63 382.85 463.83 381.39 483.35 378.14 483.04 377.64 489.54 341.07 487.02 318.74 486.16 305.76 485.21 304.53 461.9 309.08 458.63 306.37 454.1 304.99 447.29 305.68 446.37 303.19 442.9 304.77 441.68 304.48 432.6 311.59 432.92 312.71 419.67 Z"
       id="Franklin"
       fill="#b4cbdf"
       style="fill:#7996e2;fill-opacity:1" />
    <path
       d="M 710.69 308.3 730.16 308.46 730.19 311.49 743.64 311.4 743.85 313.36 746.36 315.78 750.71 321.63 752.48 329.09 755.77 333.35 756.57 335.82 756.04 338.72 753.95 343.35 754.01 350.88 751.28 352.72 750.88 355.16 752.86 355.82 754.89 358.49 754.11 363.37 756.45 369.99 755.99 372.35 754.02 375.75 753.89 380.13 752.87 382.49 749.16 384.9 746.38 389.73 745.4 396.45 742.41 400.53 739.66 405.99 728.92 405.64 728.87 406.69 708.97 406.1 709.66 376.69 709.99 357.19 710.73 357.2 710.83 347.52 697.85 347.36 697.98 337.66 700.62 337.69 700.89 318.06 710.61 318.08 710.69 308.3 Z"
       id="Jefferson"
       fill="#97e892"
       style="fill:#d72f30;fill-opacity:1" />
    <path
       d="M 566.89 409.68 574.63 409.87 575.04 393.98 582.69 394.17 631.2 395.17 631.07 404.56 650.45 404.72 649.77 453.35 630.31 453.1 630.31 453.91 623.78 453.83 623.72 460.32 610.72 460.04 610.57 466.47 590.96 466 590.81 479.02 571.3 478.42 571.64 458.86 565.22 458.68 566.89 409.68 Z"
       id="Guernsey"
       fill="#b8adf0"
       style="fill:#d72f30;fill-opacity:1" />
    <path
       d="M 379.92 677.78 381.6 658.35 381.29 658.32 383.76 628.74 387.08 628.97 387.77 620.04 407.27 621.35 407.03 624.17 414.03 625.07 420.35 625.1 426.95 626.15 426.26 634.22 433.25 634.95 446.27 635.69 444.45 658.53 443.75 669.71 441.02 700.88 420.3 698.89 420.09 700.89 407.15 699.86 387.91 698.52 389.24 678.41 379.92 677.78 Z"
       id="Jackson"
       fill="#c1ddd3"
       style="fill:#c21b18;fill-opacity:1" />
    <path
       d="M 682.16 30.18 692.57 28.04 698.99 26.43 708.31 21.62 711.38 20.69 715.41 16.99 719.98 17.22 724.09 15.27 730.18 13.97 737.33 10.99 739.62 9.63 743.48 8.86 751.56 5.65 756.41 2.88 761.76 1 764.2 107.04 731.8 107.78 683.35 108.26 682.61 64.19 682.45 60.83 682.16 30.18 Z"
       id="Ashtabula"
       fill="#bce5f6"
       style="fill:#d75d5d;fill-opacity:1" />
    <path
       d="M 282.68 581.69 301.23 551.01 320.38 552.16 348.42 553.54 350.79 554.79 350.5 557.14 347.96 557.59 347.42 559.39 367.77 560.64 390.16 562.24 391.76 562.18 390.34 584.44 387.77 620.04 387.08 628.97 383.76 628.74 374.34 627.98 333.64 625.16 302.11 622.71 285.6 621.69 287.41 613.79 286.85 609.43 284.17 612.12 280.94 610.08 281.5 608.09 278.93 606.27 280.98 603.69 281.81 600.61 280.71 599.57 280.95 590.15 282.21 588.16 281.33 586.3 282.68 581.69 Z"
       id="Ross"
       fill="#a9cfe6"
       style="fill:#d72f30;fill-opacity:1" />
    <path
       d="M 129.25 603.06 172.72 607.38 175.74 607.65 172.65 635.13 168.4 668.7 166.14 688.51 162.99 714.74 159.71 714.89 153.25 712.82 145.12 709.18 137.77 707.71 135.26 706.59 132.34 701.9 131.85 695.88 132.26 691.6 131.89 687.07 128.11 680.33 122.85 672.98 121.71 670.17 121.54 666.39 120.21 661.66 117.64 658.13 121.18 631.41 121.89 624.47 123.75 622.81 126.02 617.89 124.89 615.93 120.34 616.68 118.56 613.39 122.17 610.85 123.3 607.83 128.88 604.43 129.25 603.06 Z"
       id="Clermont"
       fill="#d8dfc4"
       style="fill:#d72f30;fill-opacity:1" />
    <path
       d="M 197.19 609.51 202.59 609.95 202.26 614.93 207.03 614.69 209.27 611.12 211.22 606.26 237.12 586.76 245.05 580.98 282.68 581.69 281.33 586.3 282.21 588.16 280.95 590.15 280.71 599.57 281.81 600.61 280.98 603.69 278.93 606.27 281.5 608.09 280.94 610.08 284.17 612.12 286.85 609.43 287.41 613.79 285.6 621.69 282.98 636.39 279.72 653.28 257.17 657.41 240.46 660.9 229.81 660.42 224.23 660.14 204.87 660.12 195.27 659.72 196.21 641.32 197.19 609.51 Z"
       id="Highland"
       fill="#efd9d8"
       style="fill:#c21b18;fill-opacity:1" />
    <path
       d="M 261.71 261.3 262.13 241.98 268.54 242.09 268.64 232.44 271.86 232.45 271.93 222.86 278.25 222.88 330.05 222.98 329.9 245.55 329.83 287.54 316.14 287.62 297.13 287.48 297.09 290.79 277.62 290.66 274.16 290.45 274.22 287.21 264.82 287.26 264.71 280.82 265.02 261.39 261.71 261.3 Z"
       id="Wyandot"
       fill="#b4c0d6"
       style="fill:#c21b18;fill-opacity:1" />
    <path
       d="M 167.66 468.44 170.85 432.85 179.24 433.48 192.41 434.87 211.38 436.48 239.73 439.23 259.57 440.82 260.64 440.89 255.1 461.65 253.95 464.57 250.81 476.71 246.62 494.31 236.49 493.24 236.6 492.58 220.79 491.18 220.47 489.46 205.33 487.3 205.75 481.79 186.26 480.09 186.56 476.85 167.08 474.95 167.66 468.44 Z"
       id="Clark"
       fill="#98bbec"
       style="fill:#d72f30;fill-opacity:1" />
    <path
       d="M 102.31 288.21 112.36 288.41 141.79 288.79 141.67 295.24 161.11 295.39 161.07 298.69 172.68 298.71 199.6 298.99 199.25 322.54 194.41 323.2 179.94 323.01 179.76 334.6 178.3 334.55 160.52 334.22 121.15 333.91 120.73 356.64 104.55 356.4 104.37 361.67 100.81 360.69 101.42 336.89 101.83 311.13 102.31 288.21 Z"
       id="Auglaize"
       fill="#bdebce"
       style="fill:#c21b18;fill-opacity:1" />
    <path
       d="M 388.56 416.06 390.55 382.48 408.68 383.49 437.3 385.28 437.1 389.47 454.54 390.47 464.31 390.82 470.55 390.68 485.02 390.88 487.25 390.97 486.58 406.92 485.3 442.68 484.77 455.07 479.13 454.89 478.76 463.3 463.09 462.46 447.15 461.32 447.23 460.1 439.6 459.56 437.78 460.74 402.23 458.63 384.9 457.42 385.45 449.29 386.41 449.33 388.56 416.06 Z"
       id="Licking"
       fill="#a9ebbd"
       style="fill:#d72f30;fill-opacity:1" />
  </g>
</svg>