<svg
   xmlns:dc="http://purl.org/dc/elements/1.1/"
   xmlns:cc="http://creativecommons.org/ns#"
   xmlns:rdf="http://www.w3.org/1999/02/22-rdf-syntax-ns#"
   xmlns:svg="http://www.w3.org/2000/svg"
   xmlns="http://www.w3.org/2000/svg"
   xmlns:sodipodi="http://sodipodi.sourceforge.net/DTD/sodipodi-0.dtd"
   xmlns:inkscape="http://www.inkscape.org/namespaces/inkscape"
   width="810"
   height="404"
   viewBox="0 0 810 404"
   stroke-linecap="round"
   stroke-linejoin="round">
  <metadata
     id="metadata15303">
    <rdf:RDF>
      <cc:Work
         rdf:about="">
        <dc:format>image/svg+xml</dc:format>
        <dc:type
           rdf:resource="http://purl.org/dc/dcmitype/StillImage" />
      </cc:Work>
    </rdf:RDF>
  </metadata>
  <defs
     id="defs15301" />
  <sodipodi:namedview
     pagecolor="#ffffff"
     bordercolor="#666666"
     borderopacity="1"
     objecttolerance="10"
     gridtolerance="10"
     guidetolerance="10"
     inkscape:pageopacity="0"
     inkscape:pageshadow="2"
     inkscape:window-width="2078"
     inkscape:window-height="1926"
     id="namedview15299"
     showgrid="false"
     inkscape:zoom="1.3289991"
     inkscape:cx="425.20702"
     inkscape:cy="202"
     inkscape:window-x="1792"
     inkscape:window-y="23"
     inkscape:window-maximized="0"
     inkscape:current-layer="g15295" />
  <g
     transform="translate(5,5)"
     stroke="white"
     stroke-width="1"
     style="fill:#d75d5d;fill-opacity:1">
    <path
       d="M 751.81 230.08 751.32 213.58 761.97 213.28 761.59 199.45 763.38 198.97 764.79 196.2 767.41 195.42 769.32 195.93 771.83 198.08 773.64 198.61 775.26 202.25 777.23 202.62 780.19 201.05 782.07 198.25 784.48 198.44 785.9 200.15 789.24 200.27 791.57 201 792.79 200 791.43 197.72 792.68 195.11 792.32 193.16 796.75 191.09 797.19 192.98 797.25 213.84 797.44 247.15 797.68 276.07 797.88 291.56 777.72 292.27 752.81 293.05 752.21 273.23 740.69 273.58 740.12 253.67 745.93 253.51 745.6 243.56 752.23 243.35 751.81 230.08 Z"
       id="Le-Flore"
       fill="#b3c4db"
       style="fill:#d75d5d;fill-opacity:1" />
    <path
       d="M 493.79 202.5 495.56 202.96 498.82 206.17 502.24 206.47 504.53 208.06 504.75 211.09 503.66 212.75 504.77 215.39 515.34 222.64 515.76 224.17 518.69 225.17 519.24 226.69 519.2 231.09 522.76 231.27 523.7 232.17 524.07 235.08 523.38 237.08 524.48 241.11 524.98 245.04 526.85 246.15 528.92 244.95 531.35 245.11 532.52 247.11 533.96 246.67 538.73 248.14 538.69 249.03 543.76 249 546.16 248.18 548.92 248.57 550.65 249.91 552.23 249.71 555.69 251.27 557.57 250.38 560.23 248.1 561.19 246.22 563.66 244.67 563.62 257.23 494.28 257.63 494.03 255.97 493.84 203.08 493.79 202.67 493.79 202.5 Z"
       id="McClain"
       fill="#b8e0da"
       style="fill:#d75d5d;fill-opacity:1" />
    <path
       d="M 733.22 333.69 733.72 333.69 733.44 323.76 743.38 323.47 742.48 293.36 752.81 293.05 777.72 292.27 797.88 291.56 799 390.98 797.28 393 792.77 392.26 792.82 388.58 790.85 389.61 789.82 386.61 787.71 388.48 786.24 386.45 784.36 388.42 781.37 388.54 783.24 386.23 781.02 385.24 779.81 386.31 774.91 385.64 773.18 383.56 773.6 381.89 769.74 380.81 763.9 380.5 761.44 379.48 753.68 372.02 754.56 370.53 752.58 369.71 752.07 366.99 749.83 368.02 744.65 367.02 743.23 362.57 741.45 362.49 740.43 361.24 737.79 362.52 736.37 361.15 737.32 359.37 733.99 358.83 733.22 333.69 Z"
       id="McCurtain"
       fill="#b1e486"
       style="fill:#d75d5d;fill-opacity:1" />
    <path
       d="M 731.19 164.28 761 163.41 792.27 162.37 794.98 178.5 797.18 190.35 796.75 191.09 792.32 193.16 792.68 195.11 791.43 197.72 792.79 200 791.57 201 789.24 200.27 785.9 200.15 784.48 198.44 782.07 198.25 780.19 201.05 777.23 202.62 775.26 202.25 773.64 198.61 771.83 198.08 769.32 195.93 767.41 195.42 764.79 196.2 763.38 198.97 761.59 199.45 760.24 197.89 759.99 195.09 758.75 194.08 756.58 195.81 752.3 197.07 751.94 195.71 753.82 194 753.07 191.18 750.85 191.84 748.63 190.25 745.07 190.23 741.92 188.43 741.36 185.23 739 184.63 735.39 184.06 734.59 181.7 732.22 179.48 731.08 177.18 731.46 174.22 731.19 164.28 Z"
       id="Sequoyah"
       fill="#cbdc93"
       style="fill:#d75d5d;fill-opacity:1" />
    <path
       d="M 597.57 366.51 598.23 363.05 597.06 362.16 598.55 358.54 596.96 357.81 594.95 354.87 596.9 352.59 598.74 352.57 598.67 349.67 601.19 347.16 599.96 346.06 597.52 341.41 610.02 341.26 609.94 336.32 614.35 336.26 653.88 335.61 657.27 336.42 657.91 338.69 659.02 339.07 659.46 359.34 661.33 361.95 665.19 362.94 666.92 366.14 669.27 367.69 676.46 367.56 677.43 368.92 675.67 370.77 672.74 369.01 670.76 369.58 670.19 371.94 668.56 371.63 660.77 366.54 659.35 369.25 653.93 370.56 651.92 371.8 649.14 372.32 644.23 371.1 639.67 372.35 639.64 374.48 638.12 374.67 638.38 377.98 636.97 381.23 632.13 382.75 628.79 380.58 625.65 380.83 624.67 384.36 624.47 387.17 623.44 388.95 621.84 389.7 619.52 389.39 618.77 386.54 615.47 383.22 613.59 379.85 611.16 379.32 610.11 380 606.19 380.36 604.67 378.64 603.59 374.88 599.17 375.15 594.35 372.65 593.78 371.41 596.76 368.78 597.57 366.51 Z"
       id="Bryan"
       fill="#e4c9a0"
       style="fill:#d75d5d;fill-opacity:1" />
    <path
       d="M 335.19 226.92 374.26 227.4 392.6 227.57 393.61 228.66 395.52 228.14 399.63 228.38 403.8 227.64 404.66 229.77 404.57 257.49 385.13 257.34 384.9 287.17 368.34 287.03 368.4 282.05 358.75 281.94 359.53 278.41 364.45 277.51 363.61 274.73 359.25 275.4 354.49 274.53 353.39 270.02 352.3 268.46 353.72 267.37 353.06 264.68 354.17 264.28 354.67 260.44 354.26 259.29 351.6 256.53 348.76 259.73 345.46 260.74 344.58 259.1 339.88 256.61 339.02 253.39 341.36 253.3 340.72 249.02 337.89 245.79 337.25 240.57 338.19 238.15 338.13 235.54 336.02 235.28 334.67 233.21 333.63 229.76 331.55 229.38 330.58 227.11 335.19 226.92 Z"
       id="Kiowa"
       fill="#94bbeb"
       style="fill:#d75d5d;fill-opacity:1" />
    <path
       d="M 670.64 105.88 683.92 105.6 685.28 108.89 688.71 109.28 688.72 111.79 690.23 113.57 688.51 115.47 700.73 115.17 722.27 114.66 722.37 118.58 720.77 118.69 720.86 122.2 719.71 124.68 718.43 124.71 716.04 127.49 717.03 131.43 715.81 133.88 718.27 137.36 720.63 137.81 720.79 140.27 718.82 142.3 717.72 144.7 710.39 144.85 708.88 143.89 703.37 146.64 698.01 146.25 694.03 147.71 690.09 148.31 688.14 150.91 686.5 149.52 684.67 149.61 682.94 148.12 682.89 143.33 681.77 140.64 671 140.93 666.04 141.04 665.92 135.91 671.3 135.79 670.64 105.88 Z"
       id="Wagoner"
       fill="#d8e9e9"
       style="fill:#d75d5d;fill-opacity:1" />
    <path
       d="M 577.79 11.79 600.7 11.52 610.44 11.3 646.56 10.7 647.31 47.61 647.83 76.5 648.42 106.51 632.34 106.84 623.65 106.89 623.54 105.55 625.51 103.47 625.92 101.96 624.85 99.8 623.61 99.4 618.1 99.6 615.79 98.38 612.46 95.04 609.14 93.92 608.07 92.97 606.9 88.94 605.86 87.71 603.34 87.87 600.51 91.66 597.06 91.53 595.09 89.75 595.15 87.81 596.37 85.97 598.66 85.09 600.06 82.6 597.98 80.02 594.79 83.05 592.35 82.17 591.9 79.78 589.15 77.22 585.58 77.9 582.2 75.97 581.5 74.11 582.56 71.4 580.8 68.49 580.9 66.55 579.59 63.14 576.59 61.43 571.91 64.47 570.35 66.61 569.08 70.02 566.94 72.35 563.51 72.74 560.96 74.17 557.09 73.01 554.75 70.38 554.47 68.36 555.7 65.82 559.18 65.18 562.28 63.06 564.64 62.96 565.61 60.39 563.32 57.74 560.02 58.8 554.9 59.7 549.97 58.45 551.15 57.43 550.33 52.72 549.5 51.95 549.27 48.13 552.33 46.11 552.94 47.04 555.57 47.61 561.45 47.79 562.43 44.23 565.36 40.23 567.41 40.07 570.39 41.13 571.53 40.36 571.42 38.36 574.54 38.31 574.52 36.67 577.86 36.61 577.66 18.4 577.79 11.79 Z"
       id="Osage"
       fill="#cdec98"
       style="fill:#e27f7f;fill-opacity:1" />
    <path
       d="M 591.86 194.44 596.27 194.24 600.17 195.39 599.95 193.16 598.74 192.72 598.16 190.47 599.58 188.31 601.65 190.81 603.72 191.05 604.51 188.72 606.01 187.12 608.38 187.6 608.83 186.53 609.13 206.83 609.45 226.76 604.83 226.82 605.15 250.29 603.15 254.33 601.66 255.03 599.04 251.81 598.92 249.97 597.01 249.72 595.27 250.96 591.75 251.85 590.54 251.55 588.46 248.35 586.17 247.95 584.35 249.92 586.48 252.26 586.05 255.37 583.36 256.74 581.54 255.32 580.23 251.86 578.33 251.87 578.16 235.49 577.65 207.3 577.53 194.09 580.45 193.92 582.38 191.79 585.78 194.19 589.06 195.46 591.86 194.44 Z"
       id="Seminole"
       fill="#d5bca5"
       style="fill:#d75d5d;fill-opacity:1" />
    <path
       d="M 671 140.93 681.77 140.64 682.89 143.33 682.94 148.12 684.67 149.61 686.5 149.52 688.14 150.91 690.09 148.31 694.03 147.71 698.01 146.25 703.37 146.64 708.88 143.89 710.39 144.85 717.72 144.7 730.62 144.4 731.19 164.28 731.46 174.22 731.08 177.18 732.22 179.48 734.59 181.7 735.39 184.06 739 184.63 737.26 185.83 736.28 187.68 736.03 190.14 732.42 194.73 730.9 193.89 729.2 194.91 730.79 196.69 729.96 197.82 727.65 197.35 726.99 198.94 728.1 202.48 725.53 202.78 724.64 205.07 722.64 207.17 719.74 206.9 717.27 204.01 714.99 203.17 711.92 204.36 711.14 174.79 676.74 175.63 676.28 155.73 671.32 155.85 671 140.93 Z"
       id="Muskogee"
       fill="#dbe5d2"
       style="fill:#e27f7f;fill-opacity:1" />
    <path
       d="M 305.64 271.32 328.64 271.61 327.36 270.29 327.38 266.55 330.37 266.61 330.42 261.58 345.45 261.89 345.46 260.74 348.76 259.73 351.6 256.53 354.26 259.29 354.67 260.44 354.17 264.28 353.06 264.68 353.72 267.37 352.3 268.46 353.39 270.02 354.49 274.53 359.25 275.4 363.61 274.73 364.45 277.51 359.53 278.41 358.75 281.94 360.11 284.55 359.02 286.96 356.92 287.65 355.11 287.09 353 287.59 350.96 290.5 351.72 292.51 349.77 292.77 348.45 297.41 347.44 298.21 347.36 301.68 345.7 306.13 346.52 310.41 347.95 309.62 348.51 311.97 349.9 314.2 348.53 316.08 345.96 314.32 345.67 312.8 340.32 307.17 337.95 307.88 337.11 306.33 332.21 302.31 330.86 303.99 330.62 306.58 331.51 307.44 330.59 311.15 329.6 311.91 327.44 310.92 326.65 312.04 324.02 309.17 322.05 308.91 320.87 307.56 314.98 306.59 313.29 306.64 312.82 309.54 311.32 311.4 309.02 311.49 306.77 310.46 305.37 311.42 302.33 310.84 300.34 308.01 296.79 305.83 295.75 303.96 293.12 302.04 291.22 299.46 290.51 296.94 288.41 295.91 305.27 296.17 305.64 271.32 Z"
       id="Jackson"
       fill="#9a94d1"
       style="fill:#d72f30;fill-opacity:1" />
    <path
       d="M 404.57 257.49 419.49 257.59 454.22 257.7 454.6 259.33 454.58 277.57 449.6 277.57 449.54 297.47 439.89 297.44 439.89 302.4 434.97 302.41 434.97 304.07 415.17 303.94 415.15 307.25 405.24 307.18 405.23 308.84 400.26 308.83 400.34 297.22 384.8 297.12 384.9 287.17 385.13 257.34 404.57 257.49 Z"
       id="Comanche"
       fill="#e8ead8"
       style="fill:#e27f7f;fill-opacity:1" />
    <path
       d="M 93.17 5.8 92.5 22.24 92.16 22.24 90.54 62.09 78.53 61.64 40.84 60 1 58.11 3.86 1 5.24 1.25 21.25 1.89 31.72 2.91 93.17 5.8 Z"
       id="Cimarron"
       fill="#bbea90"
       style="fill:#c21b18;fill-opacity:1" />
    <path
       d="M 449.78 322.3 463.09 322.39 504.51 322.29 504.64 347.21 504.79 347.21 504.86 366.82 502.15 366.33 501.41 364.47 502.17 360.85 497.88 357.51 494.25 356.37 491.77 357.98 489.98 361.38 488.51 362.63 485.6 362.9 485.93 364.68 481.87 367.5 481.82 369.13 478.8 371.69 475.8 372.64 472.84 371.66 469.03 369.24 466.07 368.87 464.47 366.78 467.08 365.21 466.77 360.93 468.14 356.76 465.69 354.81 461.14 356.14 459.08 356.18 455.11 355.15 453.62 352.69 455.02 350.66 452.09 348.31 451.63 345.77 453.07 344.2 454.37 341.49 452.59 337.81 449.78 339.21 449.78 322.3 Z"
       id="Jefferson"
       fill="#cde2b7"
       style="fill:#d75d5d;fill-opacity:1" />
    <path
       d="M 674.04 335.2 711.77 334.28 733.22 333.69 733.99 358.83 732.51 357.77 728.36 356.1 725.01 358.89 724.9 363.96 723.64 363.86 722.47 365.89 717.12 366.16 714.52 367.4 710.76 367.77 708.33 367.11 707.04 367.61 703.99 366.09 700.84 366.53 700.3 364.18 698.2 366.14 696.48 364.83 696.05 360.83 691.99 359.33 690.15 361.05 689.21 363.3 686.03 363.12 683.72 365.45 681.29 366.1 679.12 364.91 676.9 365.33 676.46 367.56 669.27 367.69 666.92 366.14 665.19 362.94 661.33 361.95 659.46 359.34 659.02 339.07 657.91 338.69 657.27 336.42 653.88 335.61 674.04 335.2 Z"
       id="Choctaw"
       fill="#c4e4e2"
       style="fill:#d75d5d;fill-opacity:1" />
    <path
       d="M 554.47 68.36 554.75 70.38 557.09 73.01 560.96 74.17 563.51 72.74 566.94 72.35 569.08 70.02 570.35 66.61 571.91 64.47 576.59 61.43 579.59 63.14 580.9 66.55 580.8 68.49 582.56 71.4 581.5 74.11 582.2 75.97 585.58 77.9 589.15 77.22 591.9 79.78 592.35 82.17 594.79 83.05 597.98 80.02 600.06 82.6 598.66 85.09 596.37 85.97 595.15 87.81 595.09 89.75 597.06 91.53 600.51 91.66 603.34 87.87 605.86 87.71 606.9 88.94 608.07 92.97 609.14 93.92 612.46 95.04 615.79 98.38 618.1 99.6 623.61 99.4 624.85 99.8 625.92 101.96 625.51 103.47 623.54 105.55 623.65 106.89 620.9 106.9 590.93 107.23 590.83 107.63 572.56 107.98 572.45 97.96 562.62 98.07 562.52 88.14 552.6 88.23 552.41 68.38 554.47 68.36 Z"
       id="Pawnee"
       fill="#cee8ef"
       style="fill:#d75d5d;fill-opacity:1" />
    <path
       d="M 561.03 346.81 561.02 335.19 564.34 335.15 589.38 334.88 590.71 336.16 594.82 337.15 597.19 340.01 597.52 341.41 599.96 346.06 601.19 347.16 598.67 349.67 598.74 352.57 596.9 352.59 594.95 354.87 596.96 357.81 598.55 358.54 597.06 362.16 598.23 363.05 597.57 366.51 593.78 366.6 590.73 364.11 589.44 364.63 587.89 371.77 585.85 373.89 581.17 374.78 580.42 374.43 579.4 370.97 577.99 369.73 574.37 369.09 573.49 371.61 571.12 371.61 569.52 369.93 568.28 366.7 567.88 362.43 565.68 359.5 564.48 360.11 564.41 353.42 561.08 353.45 561.03 346.81 Z"
       id="Marshall"
       fill="#c7d5e6"
       style="fill:#d75d5d;fill-opacity:1" />
    <path
       d="M 358.75 281.94 368.4 282.05 368.34 287.03 384.9 287.17 384.8 297.12 400.34 297.22 400.26 308.83 400.21 317.11 405.17 317.11 405.02 337.29 401.4 336.44 397.34 340.01 393.19 339.66 391.01 340.92 390.21 339.57 386.54 337.53 383.47 337.21 380.17 336.21 375.51 334.07 372.72 330.81 370.46 331.72 369.79 330.11 367.95 330.08 366.76 331.72 364.56 331.28 363.87 332.26 360.46 330.71 356.68 331.78 353.97 330.87 350.02 330.27 349.33 326.83 349.47 322.59 348.38 322.31 347.87 319.23 348.53 316.08 349.9 314.2 348.51 311.97 347.95 309.62 346.52 310.41 345.7 306.13 347.36 301.68 347.44 298.21 348.45 297.41 349.77 292.77 351.72 292.51 350.96 290.5 353 287.59 355.11 287.09 356.92 287.65 359.02 286.96 360.11 284.55 358.75 281.94 Z"
       id="Tillman"
       fill="#bce4ec"
       style="fill:#d75d5d;fill-opacity:1" />
    <path
       d="M 543.35 197.7 543.32 187.74 546.38 187.77 591.68 187.35 591.86 194.44 589.06 195.46 585.78 194.19 582.38 191.79 580.45 193.92 577.53 194.09 577.65 207.3 578.16 235.49 578.33 251.87 576.16 251.21 576.17 248.46 573.95 246.64 571 248.65 567.96 248.98 565.55 245.3 563.66 244.67 561.19 246.22 560.23 248.1 557.57 250.38 555.69 251.27 552.23 249.71 550.65 249.91 548.92 248.57 546.16 248.18 543.76 249 543.35 197.7 Z"
       id="Pottawatomie"
       fill="#f3d7d4"
       style="fill:#e27f7f;fill-opacity:1" />
    <path
       d="M 493.78 197.96 543.35 197.7 543.76 249 538.69 249.03 538.73 248.14 533.96 246.67 532.52 247.11 531.35 245.11 528.92 244.95 526.85 246.15 524.98 245.04 524.48 241.11 523.38 237.08 524.07 235.08 523.7 232.17 522.76 231.27 519.2 231.09 519.24 226.69 518.69 225.17 515.76 224.17 515.34 222.64 504.77 215.39 503.66 212.75 504.75 211.09 504.53 208.06 502.24 206.47 498.82 206.17 495.56 202.96 493.79 202.5 493.78 197.96 Z"
       id="Cleveland"
       fill="#cee9e7"
       style="fill:#7996e2;fill-opacity:1" />
    <path
       d="M 403.91 107.75 443.48 107.91 443.45 138.37 443.74 138.37 443.68 158.2 433.79 158.22 433.72 178.03 404.74 177.9 403.9 177.89 404.11 148.06 404.16 138.18 403.79 138.18 403.91 107.75 Z"
       id="Blaine"
       fill="#e8c7b1"
       style="fill:#d75d5d;fill-opacity:1" />
    <path
       d="M 701.01 9.42 737.73 8.37 735.33 9.04 735.97 12.2 738.7 14.8 739.61 45.97 739.85 54.27 739.27 54.33 739.57 64.37 709.79 65.16 709.51 55.17 699.99 55.43 698.97 15.96 701.16 15.89 701.01 9.42 Z"
       id="Craig"
       fill="#f4ddd3"
       style="fill:#d75d5d;fill-opacity:1" />
    <path
       d="M 620.9 106.9 623.65 106.89 632.34 106.84 648.42 106.51 647.83 76.5 665.29 76.15 666.95 76.11 667.04 79.44 665.37 79.47 665.75 96.05 665.65 106 670.64 105.88 671.3 135.79 665.92 135.91 666.04 141.04 646.14 141.38 646.37 136.31 645.98 116.39 621.07 116.79 620.9 106.9 Z"
       id="Tulsa"
       fill="#b6a8f0"
       style="fill:#a5b0ff;fill-opacity:1" />
    <path
       d="M 93.17 5.8 143 7.37 192.56 8.65 192.05 25.76 191.28 25.79 190.09 65.65 177.99 65.33 151.98 64.48 109.53 62.94 90.54 62.09 92.16 22.24 92.5 22.24 93.17 5.8 Z"
       id="Texas"
       fill="#e7d5a7"
       style="fill:#d72f30;fill-opacity:1" />
    <path
       d="M 603.66 296.63 603.82 296.61 603.52 276.66 613.52 276.52 613.35 266.54 627.41 266.36 643.01 266.01 643.2 275.94 643.58 295.87 638.52 295.99 638.71 306 613.92 306.42 603.81 306.44 603.66 296.63 Z"
       id="Coal"
       fill="#f1c9ad"
       style="fill:#d75d5d;fill-opacity:1" />
    <path
       d="M 274.85 235.84 285.38 236.05 285.22 245.88 300.01 246.13 299.86 256.08 300.9 256.09 300.73 266.21 304.03 266.28 305.67 267.98 305.64 271.32 305.27 296.17 288.41 295.91 284.48 291.01 281.24 288.52 279 287.45 276.52 289.35 273.79 289.49 274.85 235.84 Z"
       id="Harmon"
       fill="#a5a7e4"
       style="fill:#d72f30;fill-opacity:1" />
    <path
       d="M 454.58 277.57 463.27 277.5 494.3 277.5 504.27 277.48 504.42 297.39 504.51 322.29 463.09 322.39 449.78 322.3 449.82 297.47 449.54 297.47 449.6 277.57 454.58 277.57 Z"
       id="Stephens"
       fill="#c6edcf"
       style="fill:#d75d5d;fill-opacity:1" />
    <path
       d="M 329.28 11.48 397.38 12.26 412.98 12.37 413.35 18.87 413.11 58.69 413.77 58.69 413.67 73.68 413.63 81.15 411.88 80.64 408.09 81.79 405.14 81.71 398.3 78.98 395.8 75.61 391.1 75.22 388.32 73.79 385.05 68.55 374.28 68.39 374.41 57.85 373.35 57.69 370.72 54.32 368.69 52.83 368.72 50.94 366.35 47.72 366.74 46.8 365.18 44.44 363.07 43.71 361.9 41.36 359.25 38.98 358.05 36.62 355.72 35.73 347.88 36.28 346.06 35.72 343.87 33.83 343.8 32.27 342.6 31.19 341.38 27.93 336.62 25.31 334.49 20.48 332.46 18.21 330.45 11.96 329.28 11.48 Z"
       id="Woods"
       fill="#abe3a6"
       style="fill:#d75d5d;fill-opacity:1" />
    <path
       d="M 709.79 65.16 739.57 64.37 740.47 94.23 740.04 94.23 740.23 104.19 730.29 104.49 730.59 114.45 722.27 114.66 700.73 115.17 700.35 100.2 700.64 95.26 699.87 65.43 709.79 65.16 Z"
       id="Mayes"
       fill="#8e94e1"
       style="fill:#d75d5d;fill-opacity:1" />
    <path
       d="M 760.07 103.59 781.82 102.85 786.44 128.74 792.27 162.37 761 163.41 760.08 133.43 761.02 133.4 760.07 103.59 Z"
       id="Adair"
       fill="#c6a2a0"
       style="fill:#d75d5d;fill-opacity:1" />
    <path
       d="M 543.11 157.97 542.94 133.09 564.43 132.93 591.4 132.6 591.68 153.43 591.76 167.19 591.82 177.17 591.68 187.35 546.38 187.77 543.32 187.74 543.11 157.97 Z"
       id="Lincoln"
       fill="#a0abe9"
       style="fill:#d75d5d;fill-opacity:1" />
    <path
       d="M 504.42 297.39 524.31 297.31 524.41 312.24 554.17 312.05 555.07 317.01 564.17 316.89 564.34 335.15 561.02 335.19 561.03 346.81 542.24 346.99 504.79 347.21 504.64 347.21 504.51 322.29 504.42 297.39 Z"
       id="Carter"
       fill="#9fc4c7"
       style="fill:#d75d5d;fill-opacity:1" />
    <path
       d="M 374.28 68.39 385.05 68.55 388.32 73.79 391.1 75.22 395.8 75.61 398.3 78.98 405.14 81.71 408.09 81.79 411.88 80.64 413.63 81.15 413.67 73.68 453.34 73.82 453.36 107.93 443.48 107.91 403.91 107.75 379.98 107.99 374.32 107.89 374.4 98.15 373.97 98.15 374.28 68.39 Z"
       id="Major"
       fill="#d5d6f7"
       style="fill:#d72f30;fill-opacity:1" />
    <path
       d="M 275.74 190.99 315.48 191.77 315.65 181.8 335.43 182.1 335.36 187.07 334.92 216.89 335.33 216.89 335.19 226.92 330.58 227.11 327.66 226.8 295.5 226.28 295.3 236.21 285.38 236.05 274.85 235.84 275.74 190.99 Z"
       id="Beckham"
       fill="#c7f1bc"
       style="fill:#d72f30;fill-opacity:1" />
    <path
       d="M 666.21 10.24 701.01 9.42 701.16 15.89 698.97 15.96 699.99 55.43 665.12 56.25 664.24 16.85 666.36 16.8 666.21 10.24 Z"
       id="Nowata"
       fill="#ccdfe7"
       style="fill:#d75d5d;fill-opacity:1" />
    <path
       d="M 276.78 138.53 279.43 137.72 280.62 136.45 283.86 134.96 285.73 132.36 285.12 130.26 287.44 126.54 289.26 126.22 292.16 124.46 294.8 125.28 295.41 128.54 294.58 133.41 295.37 135.52 299.06 139 300.42 138.89 303.11 141.47 306.75 142.53 312.34 143.56 313.84 142.09 317.89 141 318.77 137.1 322.01 134.22 323.91 128.19 325.63 127.42 328.04 125.19 330.82 124.5 334.64 124.44 334.45 137.48 334.93 137.48 334.81 147.4 334.29 177.17 335.5 177.19 335.43 182.1 315.65 181.8 315.48 191.77 275.74 190.99 276.78 138.53 Z"
       id="Roger-Mills"
       fill="#cad1f8"
       style="fill:#c21b18;fill-opacity:1" />
    <path
       d="M 739.57 64.37 739.27 54.33 739.85 54.27 739.61 45.97 759.6 45.35 759.9 45.67 774.76 45.17 775.42 64.43 779.12 87.14 781.82 102.85 760.07 103.59 740.23 104.19 740.04 94.23 740.47 94.23 739.57 64.37 Z"
       id="Delaware"
       fill="#f1c1ac"
       style="fill:#d75d5d;fill-opacity:1" />
    <path
       d="M 493.09 107.91 513.02 107.85 522.93 107.81 522.92 108.41 523.07 128.32 525.86 125.34 528.56 125.93 530.25 129.59 533.37 129.71 535.42 130.56 537.08 132.81 539.98 133.22 542.71 131.69 542.94 133.09 543.11 157.97 512.26 158.08 493.4 158.08 493.29 138.35 493.16 131.71 493.09 107.91 Z"
       id="Logan"
       fill="#a0eaa0"
       style="fill:#d75d5d;fill-opacity:1" />
    <path
       d="M 722.27 114.66 730.59 114.45 730.29 104.49 740.23 104.19 760.07 103.59 761.02 133.4 760.08 133.43 761 163.41 731.19 164.28 730.62 144.4 717.72 144.7 718.82 142.3 720.79 140.27 720.63 137.81 718.27 137.36 715.81 133.88 717.03 131.43 716.04 127.49 718.43 124.71 719.71 124.68 720.86 122.2 720.77 118.69 722.37 118.58 722.27 114.66 Z"
       id="Cherokee"
       fill="#e9dec5"
       style="fill:#ffb2b2;fill-opacity:1" />
    <path
       d="M 701.93 204.27 704.17 203.13 705.61 201.05 707.23 200.53 710.87 203.05 711.92 204.36 714.99 203.17 717.27 204.01 719.74 206.9 722.64 207.17 724.64 205.07 725.53 202.78 728.1 202.48 726.99 198.94 727.65 197.35 729.96 197.82 730.79 196.69 729.2 194.91 730.9 193.89 732.42 194.73 736.03 190.14 736.28 187.68 737.26 185.83 739 184.63 741.36 185.23 741.92 188.43 745.07 190.23 748.63 190.25 750.85 191.84 753.07 191.18 753.82 194 751.94 195.71 752.3 197.07 756.58 195.81 758.75 194.08 759.99 195.09 760.24 197.89 761.59 199.45 761.97 213.28 751.32 213.58 751.81 230.08 739.44 230.51 712.19 231.17 711.87 219.57 701.97 219.78 702.23 214.93 701.93 204.27 Z"
       id="Haskell"
       fill="#cfdbb3"
       style="fill:#d75d5d;fill-opacity:1" />
    <path
       d="M 334.78 107.12 374.32 107.89 379.98 107.99 403.91 107.75 403.79 138.18 404.16 138.18 404.11 148.06 368.77 147.79 334.81 147.4 334.93 137.48 334.45 137.48 334.64 124.44 334.78 107.12 Z"
       id="Dewey"
       fill="#dbf1e7"
       style="fill:#d72f30;fill-opacity:1" />
    <path
       d="M 314.82 57.81 343.04 57.96 343.46 57.8 343.8 32.27 343.87 33.83 346.06 35.72 347.88 36.28 355.72 35.73 358.05 36.62 359.25 38.98 361.9 41.36 363.07 43.71 365.18 44.44 366.74 46.8 366.35 47.72 368.72 50.94 368.69 52.83 370.72 54.32 373.35 57.69 374.41 57.85 374.28 68.39 373.97 98.15 374.4 98.15 374.32 107.89 334.78 107.12 314.93 106.86 315.09 97.4 314.24 97.39 314.82 57.81 Z"
       id="Woodward"
       fill="#b1d9cd"
       style="fill:#d72f30;fill-opacity:1" />
    <path
       d="M 443.48 107.91 453.36 107.93 493.09 107.91 493.16 131.71 493.29 138.35 493.4 158.08 443.68 158.2 443.74 138.37 443.45 138.37 443.48 107.91 Z"
       id="Kingfisher"
       fill="#8cd4d9"
       style="fill:#d72f30;fill-opacity:1" />
    <path
       d="M 452.71 12.6 512.37 12.41 512.6 58.76 483.84 58.9 453.37 58.89 452.91 58.89 452.82 38.97 452.93 19.02 452.71 12.6 Z"
       id="Grant"
       fill="#e8e1ac"
       style="fill:#d72f30;fill-opacity:1" />
    <path
       d="M 494.28 257.63 563.62 257.23 563.88 282.11 544.01 282.26 544.03 283.93 538.6 283.95 539.64 287 540.91 287.03 541.2 290.52 542.45 294.55 544.02 297.18 524.31 297.31 504.42 297.39 504.27 277.48 494.3 277.5 494.28 257.63 Z"
       id="Garvin"
       fill="#f5e3cd"
       style="fill:#d75d5d;fill-opacity:1" />
    <path
       d="M 400.26 308.83 405.23 308.84 405.24 307.18 415.15 307.25 415.17 303.94 434.97 304.07 434.97 302.41 439.89 302.4 439.89 297.44 449.54 297.47 449.82 297.47 449.78 322.3 449.78 339.21 446.91 342.37 443.97 342.06 441.03 340.09 438.61 340.6 434.45 340.01 432.06 338.12 428.4 337.41 426.72 338.31 425.44 340.35 425.11 343.4 423.84 345.29 420.78 345.95 416.72 348.17 415.03 347.05 412 343.03 409.69 341.16 408.13 338.25 405.02 337.29 405.17 317.11 400.21 317.11 400.26 308.83 Z"
       id="Cotton"
       fill="#c8e9c4"
       style="fill:#d75d5d;fill-opacity:1" />
    <path
       d="M 493.4 158.08 512.26 158.08 543.11 157.97 543.32 187.74 543.35 197.7 493.78 197.96 493.7 178.07 493.46 178.07 493.4 158.08 Z"
       id="Oklahoma"
       fill="#f1f2cb"
       style="fill:#7996e2;fill-opacity:1" />
    <path
       d="M 614.35 336.26 613.92 306.42 638.71 306 638.52 295.99 643.58 295.87 643.2 275.94 663.01 275.56 663.24 285.49 683.11 285.03 683.35 294.96 673.18 295.21 674.04 335.2 653.88 335.61 614.35 336.26 Z"
       id="Atoka"
       fill="#c9dfd9"
       style="fill:#d72f30;fill-opacity:1" />
    <path
       d="M 335.36 187.07 404.67 187.88 404.46 217.61 404.99 217.61 404.9 229.28 404.66 229.77 403.8 227.64 399.63 228.38 395.52 228.14 393.61 228.66 392.6 227.57 374.26 227.4 335.19 226.92 335.33 216.89 334.92 216.89 335.36 187.07 Z"
       id="Washita"
       fill="#e0e6ec"
       style="fill:#d72f30;fill-opacity:1" />
    <path
       d="M 609.13 206.83 652.24 206.11 652.41 221.9 649.56 223.08 650.06 225.31 648.08 225.57 645.07 229.31 644.53 232.92 642.71 233.73 643.11 256.03 643.01 266.01 627.41 266.36 613.35 266.54 613.08 247.47 611.97 250.5 610.36 251.16 608 249.57 605.15 250.29 604.83 226.82 609.45 226.76 609.13 206.83 Z"
       id="Hughes"
       fill="#abea9a"
       style="fill:#d75d5d;fill-opacity:1" />
    <path
       d="M 278.14 57.1 314.82 57.81 314.24 97.39 315.09 97.4 314.93 106.86 334.78 107.12 334.64 124.44 330.82 124.5 328.04 125.19 325.63 127.42 323.91 128.19 322.01 134.22 318.77 137.1 317.89 141 313.84 142.09 312.34 143.56 306.75 142.53 303.11 141.47 300.42 138.89 299.06 139 295.37 135.52 294.58 133.41 295.41 128.54 294.8 125.28 292.16 124.46 289.26 126.22 287.44 126.54 285.12 130.26 285.73 132.36 283.86 134.96 280.62 136.45 279.43 137.72 276.78 138.53 278.18 67.8 277.87 67.8 278.14 57.1 Z"
       id="Ellis"
       fill="#ddefea"
       style="fill:#d72f30;fill-opacity:1" />
    <path
       d="M 683.11 285.03 697.98 284.63 697.74 274.74 727.42 273.98 740.69 273.58 752.21 273.23 752.81 293.05 742.48 293.36 743.38 323.47 733.44 323.76 733.72 333.69 733.22 333.69 711.77 334.28 674.04 335.2 673.18 295.21 683.35 294.96 683.11 285.03 Z"
       id="Pushmataha"
       fill="#b1dec6"
       style="fill:#d72f30;fill-opacity:1" />
    <path
       d="M 504.79 347.21 542.24 346.99 561.03 346.81 561.08 353.45 564.41 353.42 564.48 360.11 560.91 362.27 558.77 362.72 559.88 367.41 556.35 372.54 554 373.34 551.88 370.97 550.06 371.79 550.44 373.27 552.84 373.67 553.83 375.87 550.93 376.43 549.4 378.07 550.35 381.84 550.28 384.3 549.25 386.16 546.49 387.42 544.26 386.87 542.07 385.11 540.25 380.06 538.81 377.66 539 375.5 541.1 374.39 542.5 372.56 541.22 367.43 538.21 364.73 536.72 364.91 534.86 366.55 534.59 369.44 532.6 371.38 529.21 368.18 528.38 370.41 526.02 370.99 524.2 374.67 522.83 375.88 517.72 375.92 515.18 374.89 514.24 373.38 515.31 370.04 515.34 367.7 514.44 366.27 510.56 364.5 505.75 367 504.86 366.82 504.79 347.21 Z"
       id="Love"
       fill="#cbe8db"
       style="fill:#d72f30;fill-opacity:1" />
    <path
       d="M 524.31 297.31 544.02 297.18 542.45 294.55 541.2 290.52 540.91 287.03 539.64 287 538.6 283.95 544.03 283.93 544.01 282.26 563.88 282.11 563.94 287.09 573.89 286.98 573.99 296.94 568.93 297 569.13 316.78 564.17 316.89 555.07 317.01 554.17 312.05 524.41 312.24 524.31 297.31 Z"
       id="Murray"
       fill="#b0d0de"
       style="fill:#d75d5d;fill-opacity:1" />
    <path
       d="M 443.68 158.2 493.4 158.08 493.46 178.07 493.7 178.07 493.78 197.96 493.79 202.5 493.79 202.67 490.52 203.94 487.62 204.08 484.32 201.6 483.5 202.68 481.06 202.15 477.86 202.87 475.18 199.68 473.85 201.22 472.08 201.64 470.41 200.71 469.34 198.44 467.94 198.27 467.2 201.57 462.16 199.2 460.79 197.94 454 197.94 434.3 197.96 434.34 179.78 433.72 178.03 433.79 158.22 443.68 158.2 Z"
       id="Canadian"
       fill="#dedfee"
       style="fill:#e27f7f;fill-opacity:1" />
    <path
       d="M 512.68 58.76 549.97 58.45 554.9 59.7 560.02 58.8 563.32 57.74 565.61 60.39 564.64 62.96 562.28 63.06 559.18 65.18 555.7 65.82 554.47 68.36 552.41 68.38 552.6 88.23 562.52 88.14 562.62 98.07 542.61 98.27 542.72 108.24 522.92 108.41 522.93 107.81 513.02 107.85 512.68 58.76 Z"
       id="Noble"
       fill="#f1dcdb"
       style="fill:#d75d5d;fill-opacity:1" />
    <path
       d="M 590.83 107.63 590.93 107.23 620.9 106.9 621.07 116.79 645.98 116.39 646.37 136.31 646.14 141.38 631.31 141.64 631.74 166.55 591.76 167.19 591.68 153.43 591.4 132.6 590.94 118.95 590.83 107.63 Z"
       id="Creek"
       fill="#e9a987"
       style="fill:#d75d5d;fill-opacity:1" />
    <path
       d="M 652.24 206.11 652.05 196.16 661.98 195.97 661.78 186.03 666.73 185.92 666.52 175.86 676.74 175.63 711.14 174.79 711.92 204.36 710.87 203.05 707.23 200.53 705.61 201.05 704.17 203.13 701.93 204.27 700.97 204.64 697.31 203.83 695.61 206.22 696.19 207.54 693.43 209.53 690.69 210.46 688.25 213.11 686.65 209.94 680.6 213.37 680.74 215.37 678.19 215.56 677.38 217.06 674.77 216.83 672.49 218.35 670.12 216.31 665.87 217.89 662.89 217.76 660.95 221.68 659.68 222.63 652.41 221.9 652.24 206.11 Z"
       id="McIntosh"
       fill="#cbdae2"
       style="fill:#d75d5d;fill-opacity:1" />
    <path
       d="M 192.56 8.65 211.92 9.09 228.62 9.34 268.74 10.1 279.12 10.37 278.49 36.25 278.14 57.1 277.87 67.8 229.98 66.77 190.09 65.65 191.28 25.79 192.05 25.76 192.56 8.65 Z"
       id="Beaver"
       fill="#c4dabe"
       style="fill:#c21b18;fill-opacity:1" />
    <path
       d="M 334.81 147.4 368.77 147.79 404.11 148.06 403.9 177.89 404.74 177.9 404.67 187.88 335.36 187.07 335.43 182.1 335.5 177.19 334.29 177.17 334.81 147.4 Z"
       id="Custer"
       fill="#f7e0c1"
       style="fill:#d75d5d;fill-opacity:1" />
    <path
       d="M 412.98 12.37 430.48 12.56 452.71 12.6 452.93 19.02 452.82 38.97 452.91 58.89 453.37 58.89 453.34 73.82 413.67 73.68 413.77 58.69 413.11 58.69 413.35 18.87 412.98 12.37 Z"
       id="Alfalfa"
       fill="#d2eab4"
       style="fill:#d72f30;fill-opacity:1" />
    <path
       d="M 712.19 231.17 739.44 230.51 751.81 230.08 752.23 243.35 745.6 243.56 745.93 253.51 740.12 253.67 740.69 273.58 727.42 273.98 697.74 274.74 697.28 254.83 697.91 254.81 697.39 234.89 712.28 234.51 712.19 231.17 Z"
       id="Latimer"
       fill="#dbdaf1"
       style="fill:#d75d5d;fill-opacity:1" />
    <path
       d="M 279.12 10.37 290.8 10.6 311.61 11.2 329.28 11.48 330.45 11.96 332.46 18.21 334.49 20.48 336.62 25.31 341.38 27.93 342.6 31.19 343.8 32.27 343.46 57.8 343.04 57.96 314.82 57.81 278.14 57.1 278.49 36.25 279.12 10.37 Z"
       id="Harper"
       fill="#bed3f0"
       style="fill:#d75d5d;fill-opacity:1" />
    <path
       d="M 631.74 166.55 631.31 141.64 646.14 141.38 666.04 141.04 671 140.93 671.32 155.85 676.28 155.73 676.74 175.63 666.52 175.86 666.73 185.92 661.78 186.03 661.98 195.97 652.05 196.16 642.12 196.35 641.71 176.33 631.91 176.51 631.74 166.55 Z"
       id="Okmulgee"
       fill="#bebcdd"
       style="fill:#e27f7f;fill-opacity:1" />
    <path
       d="M 512.37 12.41 552.06 12.08 577.79 11.79 577.66 18.4 577.86 36.61 574.52 36.67 574.54 38.31 571.42 38.36 571.53 40.36 570.39 41.13 567.41 40.07 565.36 40.23 562.43 44.23 561.45 47.79 555.57 47.61 552.94 47.04 552.33 46.11 549.27 48.13 549.5 51.95 550.33 52.72 551.15 57.43 549.97 58.45 512.68 58.76 512.6 58.76 512.37 12.41 Z"
       id="Kay"
       fill="#c0bbdd"
       style="fill:#d75d5d;fill-opacity:1" />
    <path
       d="M 591.68 187.35 591.82 177.17 591.76 167.19 631.74 166.55 631.91 176.51 641.71 176.33 642.12 196.35 652.05 196.16 652.24 206.11 609.13 206.83 608.83 186.53 608.38 187.6 606.01 187.12 604.51 188.72 603.72 191.05 601.65 190.81 599.58 188.31 598.16 190.47 598.74 192.72 599.95 193.16 600.17 195.39 596.27 194.24 591.86 194.44 591.68 187.35 Z"
       id="Okfuskee"
       fill="#a1b2e8"
       style="fill:#d75d5d;fill-opacity:1" />
    <path
       d="M 665.29 76.15 664.86 56.25 665.12 56.25 699.99 55.43 709.51 55.17 709.79 65.16 699.87 65.43 700.64 95.26 700.35 100.2 700.73 115.17 688.51 115.47 690.23 113.57 688.72 111.79 688.71 109.28 685.28 108.89 683.92 105.6 670.64 105.88 665.65 106 665.75 96.05 665.37 79.47 667.04 79.44 666.95 76.11 665.29 76.15 Z"
       id="Rogers"
       fill="#a4d6a4"
       style="fill:#d75d5d;fill-opacity:1" />
    <path
       d="M 454 197.94 460.79 197.94 462.16 199.2 467.2 201.57 467.94 198.27 469.34 198.44 470.41 200.71 472.08 201.64 473.85 201.22 475.18 199.68 477.86 202.87 481.06 202.15 483.5 202.68 484.32 201.6 487.62 204.08 490.52 203.94 493.79 202.67 493.84 203.08 494.03 255.97 494.28 257.63 494.3 277.5 463.27 277.5 454.58 277.57 454.6 259.33 454.22 257.7 454.26 231.19 454.43 230.93 454.42 217.83 454.08 217.84 454 197.94 Z"
       id="Grady"
       fill="#bad3a2"
       style="fill:#d75d5d;fill-opacity:1" />
    <path
       d="M 563.62 257.23 563.66 244.67 565.55 245.3 567.96 248.98 571 248.65 573.95 246.64 576.17 248.46 576.16 251.21 578.33 251.87 580.23 251.86 581.54 255.32 583.36 256.74 586.05 255.37 586.48 252.26 584.35 249.92 586.17 247.95 588.46 248.35 590.54 251.55 591.75 251.85 595.27 250.96 597.01 249.72 598.92 249.97 599.04 251.81 601.66 255.03 603.15 254.33 605.15 250.29 608 249.57 610.36 251.16 611.97 250.5 613.08 247.47 613.35 266.54 613.52 276.52 603.52 276.66 603.82 296.61 603.66 296.63 573.99 296.94 573.89 286.98 563.94 287.09 563.88 282.11 563.62 257.23 Z"
       id="Pontotoc"
       fill="#b7d6dc"
       style="fill:#e27f7f;fill-opacity:1" />
    <path
       d="M 564.17 316.89 569.13 316.78 568.93 297 573.99 296.94 603.66 296.63 603.81 306.44 613.92 306.42 614.35 336.26 609.94 336.32 610.02 341.26 597.52 341.41 597.19 340.01 594.82 337.15 590.71 336.16 589.38 334.88 564.34 335.15 564.17 316.89 Z"
       id="Johnston"
       fill="#c9f6bd"
       style="fill:#d75d5d;fill-opacity:1" />
    <path
       d="M 643.01 266.01 643.11 256.03 642.71 233.73 644.53 232.92 645.07 229.31 648.08 225.57 650.06 225.31 649.56 223.08 652.41 221.9 659.68 222.63 660.95 221.68 662.89 217.76 665.87 217.89 670.12 216.31 672.49 218.35 674.77 216.83 677.38 217.06 678.19 215.56 680.74 215.37 680.6 213.37 686.65 209.94 688.25 213.11 690.69 210.46 693.43 209.53 696.19 207.54 695.61 206.22 697.31 203.83 700.97 204.64 701.93 204.27 702.23 214.93 701.97 219.78 711.87 219.57 712.19 231.17 712.28 234.51 697.39 234.89 697.91 254.81 697.28 254.83 697.74 274.74 697.98 284.63 683.11 285.03 663.24 285.49 663.01 275.56 643.2 275.94 643.01 266.01 Z"
       id="Pittsburg"
       fill="#a0b8c6"
       style="fill:#d75d5d;fill-opacity:1" />
    <path
       d="M 285.38 236.05 295.3 236.21 295.5 226.28 327.66 226.8 330.58 227.11 331.55 229.38 333.63 229.76 334.67 233.21 336.02 235.28 338.13 235.54 338.19 238.15 337.25 240.57 337.89 245.79 340.72 249.02 341.36 253.3 339.02 253.39 339.88 256.61 344.58 259.1 345.46 260.74 345.45 261.89 330.42 261.58 330.37 266.61 327.38 266.55 327.36 270.29 328.64 271.61 305.64 271.32 305.67 267.98 304.03 266.28 300.73 266.21 300.9 256.09 299.86 256.08 300.01 246.13 285.22 245.88 285.38 236.05 Z"
       id="Greer"
       fill="#9c97de"
       style="fill:#d75d5d;fill-opacity:1" />
    <path
       d="M 737.73 8.37 762.56 7.7 773.5 7.31 774.76 45.17 759.9 45.67 759.6 45.35 739.61 45.97 738.7 14.8 735.97 12.2 735.33 9.04 737.73 8.37 Z"
       id="Ottawa"
       fill="#bdf0d8"
       style="fill:#d75d5d;fill-opacity:1" />
    <path
       d="M 404.67 187.88 404.74 177.9 433.72 178.03 434.34 179.78 434.3 197.96 454 197.94 454.08 217.84 454.42 217.83 454.43 230.93 454.26 231.19 454.22 257.7 419.49 257.59 404.57 257.49 404.66 229.77 404.9 229.28 404.99 217.61 404.46 217.61 404.67 187.88 Z"
       id="Caddo"
       fill="#c8b39d"
       style="fill:#e27f7f;fill-opacity:1" />
    <path
       d="M 453.34 73.82 453.37 58.89 483.84 58.9 512.6 58.76 512.68 58.76 513.02 107.85 493.09 107.91 453.36 107.93 453.34 73.82 Z"
       id="Garfield"
       fill="#e99181"
       style="fill:#d75d5d;fill-opacity:1" />
    <path
       d="M 646.56 10.7 666.21 10.24 666.36 16.8 664.24 16.85 665.12 56.25 664.86 56.25 665.29 76.15 647.83 76.5 647.31 47.61 646.56 10.7 Z"
       id="Washington"
       fill="#add8ca"
       style="fill:#d75d5d;fill-opacity:1" />
    <path
       d="M 522.92 108.41 542.72 108.24 542.61 98.27 562.62 98.07 572.45 97.96 572.56 107.98 590.83 107.63 590.94 118.95 591.4 132.6 564.43 132.93 542.94 133.09 542.71 131.69 539.98 133.22 537.08 132.81 535.42 130.56 533.37 129.71 530.25 129.59 528.56 125.93 525.86 125.34 523.07 128.32 522.92 108.41 Z"
       id="Payne"
       fill="#b4cbdf"
       style="fill:#ffb2b2;fill-opacity:1" />
  </g>
</svg>