<svg
   width="810"
   height="810"
   viewBox="0 0 810 810"
   stroke-linecap="round"
   stroke-linejoin="round"
   xmlns:inkscape="http://www.inkscape.org/namespaces/inkscape"
   xmlns:sodipodi="http://sodipodi.sourceforge.net/DTD/sodipodi-0.dtd"
   xmlns="http://www.w3.org/2000/svg"
   xmlns:svg="http://www.w3.org/2000/svg"
   xmlns:rdf="http://www.w3.org/1999/02/22-rdf-syntax-ns#"
   xmlns:cc="http://creativecommons.org/ns#"
   xmlns:dc="http://purl.org/dc/elements/1.1/">
  <metadata
     id="metadata14845">
    <rdf:RDF>
      <cc:Work
         rdf:about="">
        <dc:format>image/svg+xml</dc:format>
        <dc:type
           rdf:resource="http://purl.org/dc/dcmitype/StillImage" />
      </cc:Work>
    </rdf:RDF>
  </metadata>
  <defs
     id="defs14843" />
  <sodipodi:namedview
     pagecolor="#ffffff"
     bordercolor="#666666"
     borderopacity="1"
     objecttolerance="10"
     gridtolerance="10"
     guidetolerance="10"
     inkscape:pageopacity="0"
     inkscape:pageshadow="2"
     inkscape:window-width="1920"
     inkscape:window-height="970"
     id="namedview14841"
     showgrid="false"
     inkscape:zoom="0.81848692"
     inkscape:cx="406.2374"
     inkscape:cy="405.62652"
     inkscape:window-x="-12"
     inkscape:window-y="-12"
     inkscape:window-maximized="1"
     inkscape:current-layer="Vermont"
     inkscape:showpageshadow="2"
     inkscape:pagecheckerboard="0"
     inkscape:deskcolor="#d1d1d1" />
  <g
     transform="translate(5,5)"
     stroke="white"
     stroke-width="1"
     style="fill:#4389e3;fill-opacity:1">
    <path
       d="M 316.53 368.69 316.79 374.59 321.53 376.78 322.07 379.38 320.91 381.84 336.32 387.65 337.07 386.51 363.55 396.67 400.03 412.05 399.73 412.53 413.77 416.44 430.37 421.64 464.3 435.2 460.52 437.87 456.99 444.03 454.24 445.04 446.62 450.48 440.5 457.9 439.1 461.72 438.89 465.99 439.63 467.72 438.96 471.74 436.88 475.36 436.58 480.58 433.51 482.12 431.67 489.87 433.32 492.54 432.28 495.15 427.84 499.21 421.9 502.03 420.19 504.13 419.57 507.44 420.15 515.53 417.94 519.93 416.64 520.23 415.55 525.1 416.12 526.97 419.05 529.68 420.04 532.07 419.84 536.7 417.07 541.94 417.6 546.76 416.32 551.18 414.26 567.41 411.89 570.07 411.18 572.78 411.84 577.58 417.56 580.27 415 583.48 412.62 588.39 416.42 594.89 414.85 598.24 413.28 605.38 409.79 612.16 406.32 613.89 405.37 618.85 406.69 622.75 377.29 621.75 344.89 625.82 342.55 626.34 324.37 620.34 308.39 614.6 308.38 599.5 295.97 599.04 296.98 582.28 299.59 582.09 300.22 572.69 307.95 572.91 307.97 571.21 324.07 580.77 323.11 574.46 329.24 558.6 333.31 543.62 332.89 540.8 320.94 537.06 321.52 532.64 316.24 531.56 318.34 514.37 321.03 497.96 324.46 499.25 331.47 484.15 339.28 465.46 308.92 454.18 313.01 445.74 309.14 443.86 318.41 423.8 316.08 419.45 316.3 417.32 314.89 415.03 306.39 411.53 304.43 414.96 295.48 411.31 295.36 404.89 273.79 415.92 270.55 401.73 268.7 402.69 268.76 396.09 275.54 398.94 294.91 389.32 295.45 402.8 297.69 403.65 310.13 377.18 311.73 377.78 316.53 368.69 Z"
       id="Windsor"
       fill="#b3c4db"
       style="fill:#d72f30;fill-opacity:1.0" />
    <path
       d="M 538.38 3.99 570.99 2.58 589.67 2.41 609.96 1.75 622.15 1.67 645.89 1 642.48 3.19 641.98 4.99 639.73 5.43 636.09 3.01 631.04 5.26 628.25 7.85 627.67 10.41 630.72 15.95 633.31 18.42 633.07 23.74 633.67 31.36 636.42 34.06 638.56 37.58 634.15 43.12 633.03 46.04 629.23 51.43 626.47 52.62 626.01 55.9 624.08 59.31 625.31 62.26 623.77 63.78 622.47 67.6 619.72 68.55 619.11 71.42 620.96 73.13 619.89 76.45 620.36 78.05 618.31 81.08 615.15 81.83 614.53 84.36 610.43 88.26 609.24 91.08 605.48 92.45 607.19 95.82 606.97 100.6 613.89 109.5 615.07 111.69 614.14 113.5 615.1 116.26 614.66 118.42 617.14 119.54 617.31 125.27 619.06 127.66 623.04 127.13 624.32 131 622.99 132.6 625.79 134.86 624.74 138.53 625.51 142.45 623.85 145.44 625.63 147.72 629 148.79 629.69 150.43 627.39 153.05 626.72 155.9 624.33 157.74 621.71 158.35 617.19 157.35 615.1 159.08 614.88 161.54 620.59 166.08 620.6 169.17 618.53 172.12 615.72 172.73 618.62 177.4 620.14 178.81 615.59 182.58 614.59 185.08 609.97 185.28 608.34 189.01 606.11 187.98 603.26 189.06 603.66 194.14 601.4 194.19 599.68 200.85 598.76 202.14 594.82 203.38 595.66 205.33 589.17 210.58 586.08 212.09 580.58 212.19 579.18 215 575.72 213.29 573.5 213.25 570.11 215.64 567.09 215.51 564.2 217.93 564.84 220.51 561.22 221.94 560.79 227 561.79 230.51 560.2 232.05 555.48 233.9 531.37 201.55 538.82 196.76 550.34 182.2 537.17 164.31 553.59 142.26 536.6 129.86 554.61 105.5 529.07 87.21 520.2 81.07 531.4 66.23 533.71 63.68 544.04 49.02 533.5 41.17 538.38 3.99 Z"
       id="Essex"
       fill="#b8e0da"
       style="fill:#c21b18;fill-opacity:1.0" />
    <path
       d="M 276.34 299.15 290.89 258.58 288.15 257.71 299.48 227.69 306.61 230.56 308.29 230.47 314.23 220.2 304.89 214.99 313.69 198.15 323.49 201.35 334.87 207.55 351.24 216.92 364.78 190.58 365.53 188.7 391.42 208.01 393.63 202.73 397.99 195.04 406.25 179.43 458.82 207.58 460.51 212.3 447.33 237.05 435.67 251.57 435.74 260.81 422.7 284.64 410.07 278.77 404.03 310.81 400.98 309.23 374.83 298.93 373.76 301.76 368.09 299.85 357.38 325.06 356.03 324.54 343.81 351.16 328.89 345.26 302.17 334.42 290.07 329.78 285.07 330.37 283.86 322.41 281.36 301.23 280.89 298.68 276.34 299.15 Z"
       id="Washington"
       fill="#b1e486"
       style="fill:#d72f30;fill-opacity:1.0" />
    <path
       d="M 308.39 614.6 324.37 620.34 342.55 626.34 344.89 625.82 377.29 621.75 406.69 622.75 404.98 627.62 405.7 633.29 402.49 636.87 404.16 640.44 401.92 643.96 402.18 649.87 400.82 652.86 402.07 655.52 404.9 656.61 404.38 658.56 406.93 662.23 406.45 665.62 404.36 668.78 406.37 673.73 403.82 679.05 399.06 683.91 398.16 685.56 399.98 689.73 399.28 693.96 400.8 697.88 403.98 700.21 402.93 703.49 400.06 703.87 398.68 707.53 399.63 709.85 396.51 713.63 394.5 712.96 391.71 715.16 385.1 716.72 381.58 719.58 380.97 721.34 383 724.82 382.88 728.76 383.61 732.27 382.07 734.68 381.75 739.43 379.38 742.41 376.27 743.95 375.4 750.22 375.91 752.63 375.14 755.07 377.36 758.9 378.33 766.41 379.65 771.85 385.1 776.79 387.54 780.53 387.67 782.38 385.52 784.44 386.45 786.13 392.09 783.12 395.99 788.26 396.73 792.37 399.83 796.79 400.47 799 359.92 797.46 310.4 795.47 279.32 794.44 280.37 765.12 280.18 762.87 281.37 733.17 281.27 728.89 259.68 727.68 261.16 695.27 261.8 695.31 261.61 677.36 263.18 662.19 275.32 662.68 288.12 663.74 295.79 664.02 297.48 632.24 300.16 632.39 301.14 612.19 308.39 614.6 Z"
       id="Windham"
       fill="#cbdc93"
       style="fill:#d75d5d;fill-opacity:1.0" />
    <path
       d="M 197.78 593.52 219.65 594.79 238.98 596.49 250.63 596.52 265.7 597.33 264.46 602.3 268.65 602.38 268.83 597.64 295.97 599.04 308.38 599.5 308.39 614.6 301.14 612.19 300.16 632.39 297.48 632.24 295.79 664.02 288.12 663.74 275.32 662.68 263.18 662.19 261.61 677.36 261.8 695.31 261.16 695.27 259.68 727.68 281.27 728.89 281.37 733.17 280.18 762.87 280.37 765.12 279.32 794.44 190.38 791.41 186.83 771.92 188.71 767.77 187.88 765.58 188.36 760.73 190.08 760.98 191.02 738.76 191.5 723.75 193.01 690.49 194.27 669.5 196.45 622.97 197.11 612.75 197.78 593.52 Z"
       id="Bennington"
       fill="#e4c9a0"
       style="fill:#d75d5d;fill-opacity:1.0" />
    <path
       d="M 178.77 13.02 178.36 10.68 181.29 2.52 204.5 2.29 214.22 2.06 211.98 11.05 210.72 12.68 207.94 18.68 202.46 20.51 200.43 22.29 201.81 28.46 199.04 33.09 198.13 36.31 199.16 37.51 198.64 41.21 195.24 52.83 193.21 54.36 188.94 52.05 188.96 50.34 190.94 46.08 190.42 40.49 188.38 39.42 188.37 35.7 189.47 32.68 188.5 27.35 190.22 22.41 190.69 18.06 188.72 12.36 181.89 11.77 178.77 13.02 Z M 198.6 54.17 197.81 47.54 199.5 43.29 201.33 42.7 205.54 34.38 206.67 34.14 208.26 37.77 208.58 46.88 205.4 47.94 203.55 50.37 203.93 53.52 202.32 55.23 201.88 57.92 198.26 66.1 196.61 68.99 194.59 69.77 193.88 78.22 194.27 82.73 192.42 86.67 190.62 84.84 189.22 87.51 185.91 87.85 185.01 86.16 185.47 82.89 187.48 79.95 188.18 76.59 187.63 70.22 188.7 67.76 191.09 69.4 192.66 65.21 195.6 65.54 197.08 64.1 197.68 61.09 195.44 59.47 196.23 54.85 198.6 54.17 Z M 206.55 67.63 207.37 64.73 211.19 59.99 212.6 60.87 213.18 63.63 210.47 63.65 207.62 69.07 206.55 67.63 Z M 199.78 92.38 202.61 96.53 201.84 100.75 195.21 103.3 194.88 108.25 193.25 113.32 193.55 114.87 190.93 119.79 186.47 122.05 186.41 126.44 187.97 128.28 191.98 128.06 193.21 127.16 194.56 121.69 196.22 123.66 197.19 128.38 199.41 131.65 199.01 134.78 197.08 136.18 196.31 141.55 192.13 141.76 190.69 146.05 188 145.98 187.36 143.41 185.42 141.04 185 138.4 178.28 137.19 178.85 132.38 178.47 118.27 177.9 111.32 183.55 95.74 185.04 96.02 187.86 92.65 190.73 94.51 193.44 93.88 194.46 87.83 198 87.69 199.78 92.38 Z M 181.33 65.27 179.87 66.01 176.74 64.26 177.04 61.62 175.17 59.6 176.15 57.76 177.4 48.25 180.57 38.94 187.05 40.63 187.6 43.42 184.64 51.52 185.84 54.44 183.47 57.2 184.43 58.39 182.16 61.66 181.33 65.27 Z"
       id="Grand-Isle"
       fill="#94bbeb"
       style="fill:#c21b18;fill-opacity:1.0" />
    <path
       d="M 376.49 4.5 381.78 4.64 394.51 4.29 402.46 4.41 414.23 5.07 427.27 5.39 436.79 6 446.49 5.85 473.78 5.05 487.99 5.19 507.72 4.67 526.54 4.01 538.38 3.99 533.5 41.17 544.04 49.02 533.71 63.68 531.4 66.23 520.2 81.07 529.07 87.21 514.23 107.65 511.3 111.92 485.62 94.3 491.96 116.82 477.84 110.12 476.86 112.44 463.89 138.18 462.74 140.75 448.94 166.65 439.06 161.46 423.07 153.37 421.24 152.2 421.93 149.01 394.1 134.83 410.33 103.87 389.6 93.55 370.18 83.69 381.56 65.17 379.57 33.16 380.78 33.12 376.49 4.5 Z"
       id="Orleans"
       fill="#d8e9e9"
       style="fill:#c21b18;fill-opacity:1.0" />
    <path
       d="M 370.18 83.69 389.6 93.55 410.33 103.87 394.1 134.83 421.93 149.01 421.24 152.2 407.66 177.15 406.25 179.43 397.99 195.04 393.63 202.73 391.42 208.01 365.53 188.7 364.78 190.58 351.24 216.92 334.87 207.55 323.49 201.35 313.69 198.15 305.35 195.54 314.06 179.21 307.31 175.65 312.54 165.12 308.29 163.72 300.51 153.57 287.76 135.58 284.32 134.86 283.47 130.5 289.52 130.31 292.3 127.09 302.61 107.81 316.89 115 320.4 96.49 321.64 96.73 323.1 89.13 325.6 89.61 326.48 84.95 328.78 85.35 328.53 80.41 332.95 75.56 361.62 76.88 360.84 78.47 365.51 81.54 366.38 80.41 370.18 83.69 Z"
       id="Lamoille"
       fill="#cdec98"
       style="fill:#d72f30;fill-opacity:1.0" />
    <path
       d="M 276.34 299.15 280.89 298.68 281.36 301.23 283.86 322.41 285.07 330.37 290.07 329.78 302.17 334.42 328.89 345.26 325.89 351.39 316.53 368.69 311.73 377.78 310.13 377.18 297.69 403.65 295.45 402.8 294.91 389.32 275.54 398.94 268.76 396.09 268.7 402.69 270.55 401.73 273.79 415.92 259.27 423.22 256.9 410.22 256.12 408.62 224.27 409.93 224.41 410.85 208.41 411.55 211.39 436.13 173.51 440.3 176.48 437.18 176.73 432.79 174.92 430.45 174.11 426.47 171.04 425.3 168.45 420.29 165.17 416.3 167.93 411.82 169.9 412.13 170.87 408.38 169.73 403.91 171.2 400.8 171.13 396.86 169.52 394.56 169.39 388.64 164.64 386.51 164.86 380.04 162.72 379.26 162.39 377.07 163.83 374.21 162.48 372.11 162.06 364.94 161.43 363.03 163.74 360.39 162.68 356.16 164.33 352.56 165.15 348.61 162.72 345 158.32 342.36 157.53 337.79 160.51 332.17 159.72 329.01 164.51 322.77 167.01 321.3 166.53 317.79 167.43 314.48 171.55 308.98 174.04 297.6 176.23 293.2 171.2 290.87 171.67 287.33 174.87 284.88 176.28 281.41 179.33 279.01 184.41 278.8 185.98 275.37 185.21 271.85 187.59 270.43 194.12 270.63 194.94 275.06 196.8 275.09 195.39 271.14 198.68 271.15 197.92 268.79 194.72 266.89 196.73 264.17 215.27 262.07 226.46 260.14 246.92 256.33 247.06 257.69 260.47 255.88 259.54 249.48 270.66 252.58 273.15 274.76 276.34 299.15 Z"
       id="Addison"
       fill="#d5bca5"
       style="fill:#d72f30;fill-opacity:1.0" />
    <path
       d="M 376.49 4.5 380.78 33.12 379.57 33.16 381.56 65.17 370.18 83.69 366.38 80.41 365.51 81.54 360.84 78.47 361.62 76.88 332.95 75.56 328.53 80.41 328.78 85.35 326.48 84.95 325.6 89.61 323.1 89.13 321.64 96.73 320.4 96.49 316.89 115 302.61 107.81 292.3 127.09 289.52 130.31 283.47 130.5 284.32 134.86 255.92 128.45 239.48 119.43 214.06 106 217.01 97.24 220.27 93.3 220.84 91.26 224.96 89.3 225.41 87.12 230.39 80.59 231.83 74.77 227.96 72.83 225.79 77.57 222.85 78.62 222.11 82.77 219.5 82.22 219 80.32 220.75 75.88 222.72 75.65 223.67 73.2 220.55 70.57 218.74 70.34 219.66 64.52 221.07 51.42 222.62 48.72 224.55 42.88 224.63 39.48 225.94 34.76 225.05 32.12 221.25 29.75 218.13 29 215.85 29.56 214.3 32.91 210.87 30.99 209.6 28.2 211.16 21.95 213.92 16.39 217.14 15.5 219.35 13.17 220.87 9.69 225.37 10.34 226.09 6.91 225.73 4.19 229.69 3.21 233.11 4.88 230.29 7.79 230.4 13.87 232.84 15.22 234.88 14.33 238.3 15.53 244.12 10.15 243.4 2.52 245.15 1.72 262.51 1.76 274.07 2.14 304.34 1.4 321.24 1.74 346.59 1.95 367.59 2.76 376.49 4.5 Z M 213.06 85.92 214.97 84.07 217.38 84.95 213.74 87.54 213.06 85.92 Z"
       id="Franklin"
       fill="#dbe5d2"
       style="fill:#c21b18;fill-opacity:1.0" />
    <path
       d="M 406.25 179.43 407.66 177.15 421.24 152.2 423.07 153.37 439.06 161.46 448.94 166.65 462.74 140.75 463.89 138.18 476.86 112.44 477.84 110.12 491.96 116.82 485.62 94.3 511.3 111.92 514.23 107.65 529.07 87.21 554.61 105.5 536.6 129.86 553.59 142.26 537.17 164.31 550.34 182.2 538.82 196.76 531.37 201.55 555.48 233.9 551.78 236.32 546.82 237.83 539.33 234.1 535.55 234.47 532.65 237.61 524.14 238.02 519.64 237.72 518.31 239.92 513.97 242.43 510.22 243.8 507.67 243.05 506.8 250 505.11 252.28 500.28 255.69 497.91 260.9 500.39 261.66 500.11 265.91 503.12 272.3 501.72 276.65 502 279.14 500.26 282.13 500.14 285.57 498.63 289.29 500.83 292.88 501.97 296.89 504.36 300.65 472.41 288.65 471.49 288.41 438.68 291.85 422.7 284.64 435.74 260.81 435.67 251.57 447.33 237.05 460.51 212.3 458.82 207.58 406.25 179.43 Z"
       id="Caledonia"
       fill="#9a94d1"
       style="fill:#d72f30;fill-opacity:1.0" />
    <path
       d="M 173.51 440.3 211.39 436.13 208.41 411.55 224.41 410.85 224.27 409.93 256.12 408.62 256.9 410.22 259.27 423.22 273.79 415.92 295.36 404.89 295.48 411.31 304.43 414.96 306.39 411.53 314.89 415.03 316.3 417.32 316.08 419.45 318.41 423.8 309.14 443.86 313.01 445.74 308.92 454.18 339.28 465.46 331.47 484.15 324.46 499.25 321.03 497.96 318.34 514.37 316.24 531.56 321.52 532.64 320.94 537.06 332.89 540.8 333.31 543.62 329.24 558.6 323.11 574.46 324.07 580.77 307.97 571.21 307.95 572.91 300.22 572.69 299.59 582.09 296.98 582.28 295.97 599.04 268.83 597.64 268.65 602.38 264.46 602.3 265.7 597.33 250.63 596.52 238.98 596.49 219.65 594.79 197.78 593.52 198.45 573.85 199.83 539.23 200.4 519.97 201.64 516.79 199.62 513.81 200.03 510.18 197.53 506.3 194.83 503.83 192.21 503.01 190.92 501.25 188.73 501.49 189.14 493.13 187.13 490.23 186.72 485.5 182.81 484.43 176.57 484.81 175.18 486.04 172.41 485.12 169.52 487.17 167.95 489.41 168.85 491.72 165.27 496.82 165.75 502.31 162.19 504.86 154.52 499.23 154.11 496.95 156.37 492.62 155.87 489.37 157.28 485.56 154.9 481.67 155.29 478.83 157.26 477.01 160.05 469.53 161.66 461.31 163.79 459.21 165.82 455 170.13 451.89 171.01 443.89 173.51 440.3 Z"
       id="Rutland"
       fill="#e8ead8"
       style="fill:#d72f30;fill-opacity:1.0" />
    <path
       d="M 316.53 368.69 325.89 351.39 328.89 345.26 343.81 351.16 356.03 324.54 357.38 325.06 368.09 299.85 373.76 301.76 374.83 298.93 400.98 309.23 404.03 310.81 410.07 278.77 422.7 284.64 438.68 291.85 471.49 288.41 472.41 288.65 504.36 300.65 504.82 307.42 506.96 309.68 506.09 311.72 502.23 313.61 501.55 316.92 502.26 320.16 504.59 321.49 505.35 319.36 507.66 320.61 507.31 323.46 504.3 325.41 507.1 326.95 502.28 328.65 503.19 331.33 501.1 335.06 498.51 335.18 499.03 338.27 495.84 340.29 496.74 343.91 494.08 348.01 492.12 347.06 491.05 350.12 489.01 351.57 489.56 353.96 486.2 357.37 487.42 360.02 486.81 366.47 489.22 365.92 490.77 370.27 489.43 372.54 486.3 373.73 486.02 382.05 484.58 384.35 477.7 389.72 475.12 394.93 472.87 395.14 472.12 397.41 473.56 401.09 469.8 402.35 468.53 405.63 469.82 409.46 470 413.32 468.42 417.06 469.53 420.81 469.38 423.53 466.81 427.85 464.18 430.56 464.3 435.2 430.37 421.64 413.77 416.44 399.73 412.53 400.03 412.05 363.55 396.67 337.07 386.51 336.32 387.65 320.91 381.84 322.07 379.38 321.53 376.78 316.79 374.59 316.53 368.69 Z"
       id="Orange"
       fill="#bbea90"
       style="fill:#d72f30;fill-opacity:1.0" />
    <path
       d="M 284.32 134.86 287.76 135.58 300.51 153.57 308.29 163.72 312.54 165.12 307.31 175.65 314.06 179.21 305.35 195.54 313.69 198.15 304.89 214.99 314.23 220.2 308.29 230.47 306.61 230.56 299.48 227.69 288.15 257.71 290.89 258.58 276.34 299.15 273.15 274.76 270.66 252.58 259.54 249.48 260.47 255.88 247.06 257.69 246.92 256.33 226.46 260.14 215.27 262.07 196.73 264.17 197.44 261.52 193.95 258.87 190.33 262.19 188.62 260.79 194.23 254.8 192.1 251.75 188.54 252.95 189.5 247.28 192.77 240 194.44 237.92 193.43 234.1 196.21 232.44 198.14 228.41 197.05 226.64 197.6 223.6 196.3 222.18 195.05 217.32 198.46 213.99 200.85 210.71 203.58 211.06 205.54 215.14 208.74 213.97 210.38 207.21 209.79 201.18 206.99 200.5 207.25 196.73 209.89 194.38 209.4 188.41 208.24 185.53 204.27 183.45 203.05 180.66 196.09 178.31 198.04 175.13 197.03 169.98 195.44 167.07 188.88 162.8 191.07 160.84 192.34 162.61 195.57 161.09 196.87 162.81 200.26 162.65 203.8 161.55 205.65 159.93 205.06 156.74 207.84 156.96 207.59 161.87 211.59 164.26 213.75 163.77 217.34 160.96 219.54 152.93 217.13 152.19 211.79 154.31 209.1 153.37 208.18 144.63 203.39 140.17 206.29 138.72 206.99 135.83 212.56 133.55 213.42 131.89 212.28 127.89 213.18 119.62 212.6 116.69 214.06 106 239.48 119.43 255.92 128.45 284.32 134.86 Z"
       id="Chittenden"
       fill="#cde2b7"
       style="fill:#d75d5d;fill-opacity:1.0" />
  </g>
</svg>