<svg
   width="810"
   height="358"
   viewBox="0 0 810 358"
   stroke-linecap="round"
   stroke-linejoin="round"
   xmlns:inkscape="http://www.inkscape.org/namespaces/inkscape"
   xmlns:sodipodi="http://sodipodi.sourceforge.net/DTD/sodipodi-0.dtd"
   xmlns="http://www.w3.org/2000/svg"
   xmlns:svg="http://www.w3.org/2000/svg"
   xmlns:rdf="http://www.w3.org/1999/02/22-rdf-syntax-ns#"
   xmlns:cc="http://creativecommons.org/ns#"
   xmlns:dc="http://purl.org/dc/elements/1.1/">
  <sodipodi:namedview
     id="namedview1"
     pagecolor="#ffffff"
     bordercolor="#000000"
     borderopacity="0.25"
     inkscape:showpageshadow="2"
     inkscape:pageopacity="0.0"
     inkscape:pagecheckerboard="0"
     inkscape:deskcolor="#d1d1d1"
     inkscape:zoom="1.0988374"
     inkscape:cx="586.07398"
     inkscape:cy="222.05287"
     inkscape:window-width="736"
     inkscape:window-height="760"
     inkscape:window-x="720"
     inkscape:window-y="31"
     inkscape:window-maximized="0"
     inkscape:current-layer="Virginia" />
  <metadata
     id="metadata1661">
    <rdf:RDF>
      <cc:Work
         rdf:about="">
        <dc:format>image/svg+xml</dc:format>
        <dc:type
           rdf:resource="http://purl.org/dc/dcmitype/StillImage" />
      </cc:Work>
    </rdf:RDF>
  </metadata>
  <defs
     id="defs1659" />
  <g
     transform="translate(5,5)"
     stroke="white"
     stroke-width="1"
     style="fill:#000000;fill-opacity:1">
    <path
       d="M 78.52 295.77 80.95 298.61 82.34 301.26 88.14 307.19 86.68 308.57 86.3 309.79 84.46 310.25 82.32 313.18 82.86 314.81 79.98 316.63 77.37 317.39 70.73 321.08 66.7 330.61 40.41 329.31 38.99 328.73 29.59 328.34 12.27 327.43 6.01 327.01 1 326.42 3.57 324.67 3.72 323.97 5.95 323.8 7.01 322.81 10.6 322.08 12.06 321.04 14.07 320.52 15.07 319.57 18.71 319.16 22.41 319.99 25.38 319.83 28.09 318.86 29.07 317.75 36.74 315.21 38.59 315.02 45.14 313.28 47.6 312.43 50.75 312.54 53.15 312.28 54.01 311.4 53.69 307.55 55.06 306.87 57.17 304.04 56.94 302.28 59.53 301.01 59.86 299.4 62.21 299.85 64.2 299.51 66.13 300.5 66.91 299.5 69.59 299.5 71.4 298.59 72.75 298.52 77.35 296.72 78.52 295.77 Z"
       id="Lee"
       fill="#b3c4db"
       style="fill:#c21b18;fill-opacity:1" />
    <path
       d="M 384.01 201.8 386.59 196.92 388.68 193.98 389.53 191.33 390.52 190.21 388.38 188.63 386.66 188.66 390.35 181.47 392.93 179.28 396.05 175.34 396.86 173.69 399.66 169.79 398.42 169.08 399.76 167.89 402.38 163.81 413.04 171.96 430.16 184.39 432.63 187.15 433.56 188.94 433.82 191.28 433 192.16 432.79 193.8 431.18 197.53 428.66 199.3 427.67 199.16 427.03 197.72 425.38 196.4 422.49 198.46 419.29 203.69 417.39 208.09 416.96 210.47 415.24 212.13 414.78 214.25 412.85 216 411.46 216.33 409.42 218.3 407.75 218.32 406.11 219.32 404.12 220.61 405.65 225.66 404.02 226.06 403.47 227.28 402.07 227.4 400.19 229.23 392.79 223.48 393.17 221.66 382.97 213.78 384.09 212.31 384.51 209.94 383.71 209.4 382.59 205.14 383.27 204.48 384.01 201.8 Z M 403.99 199.39 404.52 201.78 407.82 199 406.3 198.31 404.78 198.48 403.99 199.39 Z M 411.5 204.79 412.33 210.08 413.37 209.27 416.18 204.36 415.11 202.25 411.5 204.79 Z"
       id="Rockbridge"
       fill="#b8e0da"
       style="fill:#d75d5d;fill-opacity:1" />
    <path
       d="M 760.33 234.02 759.8 234.99 756.98 235.65 755.51 234.53 752.17 234.21 751 235.27 749.98 234.12 748.54 234.41 747.52 233.09 749.34 230.95 748.14 228.24 749.67 226.52 745.17 223.67 740.52 224.33 739 223.46 735.86 224.14 735.14 222.79 735.95 220.91 737.29 220.13 736.52 218.91 737.92 215.75 739.1 217.48 740.56 217.51 740.25 214.59 739.49 213.96 739.92 212.09 741.64 210.26 743.75 210.02 743.1 208.19 744.56 205.26 747.01 204.28 747.78 202.42 745.43 203.06 745.06 202.27 746.66 200.5 748.48 200.32 748.96 199.54 747.28 196.71 746.12 195.81 748.23 193.95 750.37 193.88 752.91 196 755.26 195.08 755.11 191.85 756.56 188.37 757.9 189.89 759.43 188.13 757.8 187.16 757.44 186.19 758.61 185.27 758.67 183.73 756.94 182.18 754.73 182.24 752.54 181.1 753.87 179.96 754.72 178.39 757.12 178.8 758.5 177.3 759.75 177.94 761.86 177.95 762.37 175.65 761.27 174.37 763.4 171.06 784.6 168.11 799 166.02 794.06 174.5 789.55 184.05 787.13 186.93 786.38 187.22 785.09 185.06 785.86 184.25 787.69 185.42 789.49 183.78 789.25 182.6 786.52 182.3 786.04 181.55 783.68 181.94 782.5 185.14 779.97 186 776.65 189.78 773.3 195.07 771.09 199.94 770.1 201.35 768.8 206.16 768 206.95 767.05 213.23 765.72 216.53 765.99 220.31 767.21 220.97 765.15 224.62 760.98 231.46 759.61 231.13 758.99 232.79 760.33 234.02 Z M 728.84 191.51 728.84 189.65 731.24 190.99 729.22 193.52 728.84 191.51 Z"
       id="Accomack"
       fill="#b1e486"
       style="fill:#e27f7f;fill-opacity:1" />
    <path
       d="M 607.25 132.49 609.38 134.39 611.66 134.54 614.96 133.38 617.23 133.26 618.85 132.66 621.09 130.04 626.06 129.92 627.36 128.79 628.93 126.26 630.04 126.09 632.21 128.21 632.64 134.02 631.21 136.54 633.95 140.04 634.04 140.7 630.01 142.62 629.81 151.58 628.51 152.89 628.59 154.33 628.13 155.99 626.66 156.11 625.5 154.38 623.54 155.79 621.94 154.11 620.29 153.45 618.97 154.07 616.74 152.96 614.28 150.35 612.85 151.46 610.62 151.33 611.67 148.76 610.81 146.98 612.87 145.86 610.88 144.04 608.51 144.45 608.07 147.19 605.35 146.01 603.72 144.8 603.56 143.85 601.98 142.88 602.46 137.95 603.61 136.06 603.27 134.29 604.06 132.95 607.25 132.49 Z"
       id="King-George"
       fill="#cbdc93"
       style="fill:#e27f7f;fill-opacity:1" />
    <path
       d="M 172.34 270.08 175.6 268.39 175.12 267.6 176.58 266.47 177.43 266.68 180.9 265.35 182.31 265.29 184.61 263.25 186.23 262.88 186.55 261.37 187.8 260.77 188.02 259.23 189.56 259.09 190.21 260.5 192.89 262.44 193.64 263.84 204.78 263.6 206.37 261.98 209.78 260.7 210.39 258.35 212.56 258.59 214.46 256.94 216.7 256 218.64 256.17 220.48 251.79 221.64 250.67 222.79 250.92 224.02 248.7 227.85 253.36 236.6 261.24 234.82 262.47 230.9 263.34 232.73 268.44 227.96 269.91 226.1 271.07 229.72 273.35 232.05 273.77 232.76 275.34 231.86 277.88 226.4 280.77 223.41 281.74 220.34 282.02 219.5 281.69 216.95 283.1 213.45 284.14 215.77 287.2 212.35 288.52 211.74 286.39 210.27 286.45 208.77 287.77 203.84 289.17 202.48 289.2 196.19 293.86 192.14 295.57 189.85 290.28 184.92 292.08 182.97 292.21 180.86 285.04 178.94 280.81 174.82 275.95 173.15 273.59 172.34 270.08 Z"
       id="Tazewell"
       fill="#e4c9a0"
       style="fill:#c21b18;fill-opacity:1" />
    <path
       d="M 480.74 206.03 483.74 203.28 486.67 203.56 489.98 202.38 493.27 203.15 494.58 202.34 494.39 199.94 495.07 198.48 495.53 198.63 497.62 202.83 501.56 205.16 503.15 205.79 507.03 206.25 508.27 207.39 514.54 209.28 516.3 210.66 518.72 211.04 517.86 217.54 507.97 234.37 497.55 252.56 495.69 252.6 493.16 253.72 491.86 251.99 489.58 250.96 485.61 247.72 486.63 246.43 485.35 245.66 483.29 246.78 481.28 246.28 481.58 243.94 476.98 241.99 474.93 238.72 463.63 227.34 464.52 225.14 463.16 223.98 463.28 222.36 464.99 221.52 463.82 219.15 464.04 217.96 465.99 216.77 467.16 216.76 471.73 218.02 474.25 216.9 473.66 214.48 474.47 213.19 476.24 212.85 476.03 210.29 477.19 210.14 478.81 212.28 480.89 211.96 479.77 209.89 479.73 208.34 480.74 206.03 Z"
       id="Buckingham"
       fill="#94bbeb"
       style="fill:#e27f7f;fill-opacity:1" />
    <path
       d="M 546.62 92 549.33 91.98 549.59 95.03 551.39 95.43 552.56 97.56 552.87 100.54 552.37 102.46 553.46 103.47 552.1 105.09 553.35 106.56 554 108.29 555.26 109.82 558.25 112.17 559.23 114.72 561.01 116.84 561.72 119.4 562.93 119.93 562.93 122.03 563.58 123.41 564.86 123.83 565.42 125.32 567.66 124.13 569.61 123.64 574.78 125.58 575.02 127.61 575.88 127.9 576.34 130.58 574.98 131.5 573.95 131.24 574.19 129.47 571.33 130.38 570.68 131.57 568.51 131.48 564.42 128.74 562.12 127.72 560.59 129.67 556.86 129.04 555.56 129.6 554.38 129.05 551.56 129.44 550.81 128.31 549.29 129.17 549.03 130.46 547.94 131.24 546.17 131.44 543.1 133.28 541.41 133.02 539.32 135.12 537.98 135.59 537.14 137.51 535.84 136.79 534.59 137.8 533.72 136.99 532.05 137.57 531.06 137.47 532.7 134.84 530.3 132.6 529.84 130.77 530.45 129.23 532.26 128.2 531.86 126.56 530.8 125.97 529.29 124.01 528.74 122.28 519.18 111.44 520.77 110.74 522.97 112.43 525.04 112.46 532.31 103.79 546.62 92 Z"
       id="Culpeper"
       fill="#d8e9e9"
       style="fill:#e27f7f;fill-opacity:1" />
    <path
       d="M 584.25 108.17 587.17 105.33 587.88 104.1 589.27 103.89 590.47 105.49 591.88 105.17 593.62 106.95 596.17 108.62 597.6 110.8 599.81 112.22 603.26 113.84 605.87 113.26 603.77 118.53 603.46 121.32 604.98 126.73 604.39 128.41 606.39 130.01 607.25 132.49 604.06 132.95 603.27 134.29 603.61 136.06 602.46 137.95 601.98 142.88 603.56 143.85 603.72 144.8 602.41 143.93 600.58 145.15 599.65 144.67 597.73 144.81 594.98 143.38 592.43 140.26 590.53 136.25 589.42 136.5 587.1 135.37 584.92 136.08 584.65 137.44 583.21 135.57 581.18 134.38 580.84 132.89 577.87 132.83 576.34 130.58 575.88 127.9 575.02 127.61 574.78 125.58 575.33 120.62 574.82 118.87 581.54 111.69 584.25 108.17 Z"
       id="Stafford"
       fill="#cdec98"
       style="fill:#7996e2;fill-opacity:1" />
    <path
       d="M 560.31 206.09 562.93 197.51 563.76 196.18 564.6 192.01 570.3 173.22 571.82 173.67 572.84 174.95 574.53 175.21 574.45 176.51 577.19 178.86 579.5 180.06 580.72 179.01 583.46 182.75 586.59 185.3 588.61 186.12 589.55 187.77 593.1 186.37 595.34 189.87 594.7 192.59 595.12 194.61 596.41 194.82 596.26 196.92 597.94 197.23 596.98 199.73 599.9 200.29 600.2 199 601.49 197.83 602.65 198.73 603.91 198.39 604.85 200.94 603.32 201.81 604.06 202.99 606.56 202.7 606.21 204.36 607.53 204.51 607.26 206.36 608.93 207.57 609.8 206.43 610.78 207.57 611.75 206.34 612.94 206.03 613.55 207.5 612.3 209.26 613.19 210.9 615.08 210.43 617.89 210.63 618.15 212.16 617.29 213.38 618.21 214.17 620.99 213.32 621.77 212.65 623.78 213.71 625.15 213.87 624.29 215.62 623.15 216.64 623.72 217.66 622.77 217.72 621.95 221.92 619.33 221.31 615.65 225.15 614.62 226.82 612.83 228.31 610.46 226.71 606.68 225.68 601.3 222.47 598.61 221.39 596.93 219.45 597.23 218.1 596.01 217.27 595.42 215.44 593.96 213.17 593.69 211.64 592.27 212.03 590.92 210.88 589.85 211.45 588.71 209.27 585.63 209.86 584.17 211.31 582.82 211.65 579.27 209.89 577.83 208.33 575.93 208.9 573.25 208.39 571.08 209 568.33 208.9 564.82 207.71 561.53 207.14 560.31 206.09 Z"
       id="Hanover"
       fill="#d5bca5"
       style="fill:#d75d5d;fill-opacity:1" />
    <path
       d="M 406.11 219.32 407.75 218.32 409.42 218.3 411.46 216.33 412.85 216 414.78 214.25 415.24 212.13 416.96 210.47 417.39 208.09 419.29 203.69 422.49 198.46 425.38 196.4 427.03 197.72 427.67 199.16 428.66 199.3 431.18 197.53 433.98 196.36 435.93 197.65 436.59 199.54 438.89 199.38 440.34 200.19 441.11 204.31 440.95 207.4 441.92 208.35 444.36 209.5 445.91 209.19 446.7 210.12 448.58 210.36 448.82 211.9 450.36 212.62 451.35 215.78 456.58 227.96 458.29 227.8 459.48 228.56 458.32 229.74 456.73 229.81 456.99 231.96 454.33 233.8 453.34 233.64 452.45 235.68 450.6 236.31 447.39 239.35 445.98 240.09 445.05 241.84 443.26 241.3 443.2 243 441.08 242.61 441.34 246.36 440.6 246.94 439.04 245.86 436.74 244.43 435.12 244.93 432.97 241.35 430.47 239.28 429.61 237.41 429.27 236.29 427.38 236.01 425.93 234 426.47 232.76 424.49 232.6 422.82 234.01 421.97 232.2 419.05 233.18 417.58 232.06 415.19 231.29 414.2 230.18 412.58 227.18 412.34 225.09 411.4 222.51 409.15 220.48 407.43 221.16 406.17 220.69 406.11 219.32 Z"
       id="Amherst"
       fill="#dbe5d2"
       style="fill:#d75d5d;fill-opacity:1" />
    <path
       d="M 735.86 224.14 739 223.46 740.52 224.33 745.17 223.67 749.67 226.52 748.14 228.24 749.34 230.95 747.52 233.09 748.54 234.41 749.98 234.12 751 235.27 752.17 234.21 755.51 234.53 756.98 235.65 759.8 234.99 760.33 234.02 761.88 233.95 762.09 235.89 760.63 237.69 755.97 246.28 755.56 248.17 753.31 251.83 751.33 253.88 749.48 254.04 750.03 258.99 748.92 263.15 747.73 264.01 748.03 266.25 746.79 267.45 746.71 268.47 744.46 270.49 740.72 275.38 737.8 274.01 736.24 274.98 734.25 275.54 734.63 276.77 736.61 277.8 736.54 278.85 734.84 279.67 732.87 278.24 733.8 276.52 733.89 274.83 733.11 271.28 730.91 267.28 729.49 265.27 729.71 261.94 728.13 259.23 728.29 257.86 729.27 256.59 728.39 254.12 729.17 250.16 730.22 248.58 731.51 245.41 733.18 242.25 731.99 241.71 731.66 240.4 731.92 237.73 733.81 233.99 733.32 233.31 733.67 230.37 735.86 224.14 Z"
       id="Northampton"
       fill="#9a94d1"
       style="fill:#7996e2;fill-opacity:1" />
    <path
       d="M 348.49 178.91 353.61 174.21 357.73 165.88 358.28 163.91 360.94 160.79 359.77 160.24 359.26 157.87 360.75 156.93 361.97 154.2 361.56 152.14 363.7 150.67 364.36 149.31 365.54 148.57 368.63 145.19 371.02 144.24 373.37 142.13 376.84 144.71 381.69 147.59 395.12 150.4 399.75 152.62 398.31 153.79 399.99 155.64 402.59 153.85 404.75 154.73 406.77 154.78 405.97 156.57 403.69 159.28 401.41 162.7 402.38 163.81 399.76 167.89 398.42 169.08 399.66 169.79 396.86 173.69 396.05 175.34 392.93 179.28 390.35 181.47 386.66 188.66 385.44 188.93 382.38 192.16 379.77 189.31 377.16 187.25 371.63 187.72 364.22 186.18 363.58 185.57 359.83 178.85 356.01 178.84 353.61 178.02 351.18 180.05 348.49 178.91 Z"
       id="Bath"
       fill="#e8ead8"
       style="fill:#d72f30;fill-opacity:1" />
    <path
       d="M 564.19 346.21 574.63 326.25 574.23 304.85 576.79 305.64 577.96 306.79 580.27 307.56 582.03 309.85 583.84 310.54 585.05 309.66 586.47 309.66 588.32 310.56 590.13 310.14 591.64 308.62 593.21 308.39 590.41 325.21 592.08 325.38 596.13 326.72 590.26 331.06 593.25 333.26 597.64 333.04 599.44 333.92 600.36 335.82 601.2 335.49 601.93 338.59 603.21 339.28 603.38 341.68 602.92 343.54 603.96 345.01 605.32 344.73 609.06 345.83 564.19 346.21 Z M 583.4 327.4 584.13 330.73 586.72 330.87 587.59 329.45 588.63 329.72 588.57 325.77 587.39 326.21 584.08 326.14 583.4 327.4 Z"
       id="Greensville"
       fill="#bbea90"
       style="fill:#7996e2;fill-opacity:1" />
    <path
       d="M 513.95 142.2 515.92 143.25 516.07 144.93 517.58 146.76 520.28 147.22 520.6 145.79 522.98 145.37 526.58 141.05 529.42 140.89 532.01 138.46 532.05 137.57 533.72 136.99 534.59 137.8 535.84 136.79 537.14 137.51 537.98 135.59 539.32 135.12 541.41 133.02 543.1 133.28 546.17 131.44 547.94 131.24 549.03 130.46 549.29 129.17 550.81 128.31 551.56 129.44 554.38 129.05 555.56 129.6 556.86 129.04 560.59 129.67 562.12 127.72 564.42 128.74 568.51 131.48 567.03 133.77 566.32 135.9 562.13 140.83 551.07 153.5 545.32 160.31 542.82 160.2 540.79 158.07 538.94 157.54 537.34 158.42 533.82 157.64 531.44 156.35 530.25 157.68 528.46 158 527.48 157.49 524.96 159.08 523.49 159.32 521.41 158.92 508.79 153.43 506.49 152.68 507.62 150.89 513.95 142.2 Z"
       id="Orange"
       fill="#cde2b7"
       style="fill:#e27f7f;fill-opacity:1" />
    <path
       d="M 511.42 55.2 525.26 53.99 526.41 51.77 531.47 54.56 535.25 53.75 540.05 58.48 539.11 59.42 536.63 63.39 535.01 64.05 533.53 66.51 534.78 67.88 533.69 69.5 532 69.62 528.82 71.14 528.44 72.09 524.93 75.79 524.01 77.91 523.46 80.63 521.43 82.84 518.84 83.65 517.12 84.89 514.19 84.62 513.26 81.69 510.81 81.06 509.08 79.45 504 77.13 507.06 73.09 509.58 70.18 509.21 69.06 510.77 65.82 511.76 65.08 512.7 62.82 512.07 61.75 509.52 61.86 511.22 58.12 509.97 56.98 511.42 55.2 Z"
       id="Warren"
       fill="#c4e4e2"
       style="fill:#d75d5d;fill-opacity:1" />
    <path
       d="M 668.03 246.08 668.91 246.76 670.11 248.95 673.78 253.94 676.62 256.68 679.83 258.74 681.81 261.34 682.75 261.96 683.96 264.06 686.08 265.13 689.34 264.7 694.08 263.75 692.7 266.1 693.8 267.68 693.55 269.88 692.22 269.84 692.48 271.62 691.81 272.12 691.8 274.2 693.55 277.84 692.28 279.67 689.61 279.48 687.57 278.7 682.99 272.52 681.88 269.62 681.03 269.89 677.24 264.78 676.31 265.69 674.79 265.69 673.79 262.83 671.73 263.17 669.05 262.74 668.32 262.03 667.62 259.82 666.26 259.62 666.38 258.36 665.7 256.34 664.24 257.66 662.8 257.88 661.67 254.98 660.97 251.98 659.07 250.98 658.95 249.32 660.07 247.42 660.91 247.21 663.33 247.99 666.58 247.58 668.03 246.08 Z"
       id="York"
       fill="#cee8ef"
       style="fill:#7996e2;fill-opacity:1" />
    <path
       d="M 628.16 177.62 628.71 178.5 627.93 179.8 629.56 180.79 629.61 181.61 631.61 182.22 632.58 184.63 632.15 185.95 632.97 186.95 631.58 189.28 633.02 189.82 633.17 191.73 634.66 192.75 636.68 192.36 637.8 193.58 640.12 193.59 640.54 196.61 640.45 198.72 642.33 197.54 643.82 197.31 647.05 198.85 649.8 196.99 651.98 197.62 653.45 197.3 654.67 198.24 654.79 200 657.58 202.41 658.55 205.05 658.58 207.05 661.38 211.58 661.82 213.37 662.96 214.1 663.98 216.58 665.26 218.09 667.95 219.7 667.18 224.14 667.36 225.06 666.7 228.43 666.88 229.55 668.77 232.38 668.51 235.08 667.03 237.19 664.06 237.78 662.85 240.13 660.86 237.93 659.98 235.95 659.02 233.98 657.79 232.86 655.42 231.69 655.14 230.07 655.42 227.75 656.33 226.68 655.68 223.97 654.34 223.2 654.85 221.95 652.9 221.66 651.8 220.7 650.33 218.33 649.09 218.81 647.7 217.61 649 216.54 646.68 213.79 644 214.05 644.11 212.18 643.14 210.51 642.05 209.85 639.34 210.18 638.03 209.62 637.81 208.11 635.47 207.97 634.2 206.26 631.76 205.91 630.53 204.85 629.55 203.06 627.41 203.38 626.78 202.61 628.16 200.28 627.32 199.33 625.38 198.81 623.65 194.46 623.37 192.54 621.82 191.05 620.92 188.12 617.85 186.42 617.35 184.11 618.04 182.01 617.71 179.57 619.08 177.83 620.79 176.88 624.74 176.86 625.39 177.7 627.17 177.17 628.16 177.62 Z"
       id="King-and-Queen"
       fill="#c7d5e6"
       style="fill:#d75d5d;fill-opacity:1" />
    <path
       d="M 455.89 290.01 458.78 282.16 463.59 268.39 465.1 268.81 468.03 265.6 470.24 266.57 472.79 266.05 473.42 264.67 474.42 264.7 477.09 263.3 476.05 268.5 477.19 269.37 480.57 269.74 481.29 270.57 481.49 272.61 482.86 274.08 486.29 276.08 488.34 275.02 489.82 274.96 490.22 276.06 491.54 276.04 492.78 277.01 494.08 279.22 493.9 280.12 496.07 282.66 498.27 282.64 499.6 283.34 497.4 293.39 494.92 305.59 480.11 328.44 478.47 327.39 477.96 325.73 476.05 323.24 477.03 321.68 478.45 320.58 477 317.85 476.88 316.69 478.38 314.97 476.45 313.38 476.7 312.56 478.5 311.42 477.96 309.51 476.47 308.82 475.74 307.11 472.2 303.17 470.51 302.12 470.67 301.06 472.68 299.99 472.07 298.71 471.45 292.52 470.57 291.7 470.02 294.56 468.19 294.94 468.07 297.96 466.89 298.28 465.31 295.46 464.14 294.57 458.97 294.34 457 295.41 456.12 294.15 457.1 292.52 455.89 290.01 Z"
       id="Charlotte"
       fill="#bce4ec"
       style="fill:#d75d5d;fill-opacity:1" />
    <path
       d="M 676.18 169.49 677.98 170.08 679.86 169.42 683.59 170.75 685.17 174.01 687.03 174.32 690.16 176.7 696.2 178.39 703.59 182.48 705.1 184.29 706.37 184.88 705.3 189.48 705.26 191.47 703.85 193.59 702.07 193.05 700.04 193.14 700.01 195.71 699.19 196.61 699.86 198.7 700.07 202.76 698.98 203.11 699.03 205.23 700.69 207.28 700.79 208.62 698.05 209.35 696.32 207.55 693.8 206.15 694.87 204.33 694.81 199.93 693.08 198.31 691.29 198.27 689.48 195.22 689.51 193.26 688.48 192.56 687.43 193.38 684.99 193.46 683.95 191.67 681.12 191.56 680.77 190.29 678.65 189.48 677.26 188.08 677.83 186.53 677.3 182.91 676.37 180.69 671.53 178.26 668.96 176.69 669.16 175.37 670.69 172.44 672.93 172.22 674.69 169.96 676.18 169.49 Z"
       id="Northumberland"
       fill="#f3d7d4"
       style="fill:#d75d5d;fill-opacity:1" />
    <path
       d="M 528.95 238.89 533.06 218.38 533.79 215.32 534.49 214.9 535.32 215.96 537.26 216.66 539.64 216.63 542.86 218.73 545.36 218.66 546.52 216.45 545.4 214.44 546.42 212.14 548.19 210.93 549.73 211.18 550.92 213.53 553.87 215.72 555.96 216.73 557.92 218.62 557.77 219.94 558.77 220.78 560.75 220.04 563.19 219.99 566.21 222.51 569.02 222.74 573.77 225.68 573.7 226.05 560.46 238.22 560.38 239.88 559.41 242.1 555.09 243.05 553.04 238.52 552.12 239.41 551.05 238.53 550.83 236.33 546.21 235.86 544.39 235.14 542.64 235.07 541.41 233.71 539.94 234.5 539.77 236.86 536.63 236.85 535.17 239.19 533.15 238.57 532.47 240.06 531.43 239.52 529.69 239.99 528.95 238.89 Z"
       id="Powhatan"
       fill="#cee9e7"
       style="fill:#d75d5d;fill-opacity:1" />
    <path
       d="M 404.89 285.68 413.83 267.99 419.62 256.34 422.7 250.37 426.7 253.1 428.4 251.74 430.5 252.04 431.95 250.24 434.42 248.19 436.14 248.73 437.39 247.87 439.04 245.86 440.6 246.94 441.34 246.36 441.08 242.61 443.2 243 443.26 241.3 445.05 241.84 451.43 255.13 451.76 258.04 453.95 259.88 454.79 263.95 457.13 263.25 460.16 264.48 460.7 265.87 460.49 267.55 463.59 268.39 458.78 282.16 455.89 290.01 449.09 286.88 446.7 288.94 445.42 287.99 443.04 287.19 441.29 287.12 438.12 285.28 436.35 284.42 435.77 282.33 434.84 281.91 433.28 283.55 430.82 284.58 429.73 284.14 428.43 285.89 427.36 283.42 427.86 280.85 427.46 279.38 425.87 278.82 425.92 280.38 424.6 280.51 423.79 277.75 423.06 276.79 421.87 277.44 421.07 279.29 418.43 279.9 415.09 276.96 412.37 278.24 411.32 280.52 410.17 281.34 408.83 281.3 408.57 284.73 404.89 285.68 Z"
       id="Campbell"
       fill="#e8c7b1"
       style="fill:#d72f30;fill-opacity:1" />
    <path
       d="M 669.8 196.33 670.09 195.57 672.56 195.23 675.78 191.85 680.25 192.07 681.12 191.56 683.95 191.67 684.99 193.46 687.43 193.38 688.48 192.56 689.51 193.26 689.48 195.22 691.29 198.27 693.08 198.31 694.81 199.93 694.87 204.33 693.8 206.15 696.32 207.55 698.05 209.35 698.7 210.57 697.36 212.84 698.08 214.02 698.19 215.91 699.33 216.22 699.93 214.41 701.87 215.08 703.15 217.17 701.96 217.57 700.01 216.46 696.07 217.08 695.38 218.27 693.56 216.35 691.61 216.35 690.35 215.09 689.01 214.76 687.98 213.46 686.83 213.92 685.1 211.42 686.55 210.56 685.15 208.4 683.45 209.66 683.85 210.88 682.2 214.61 681.22 214.49 679.08 212.65 678.91 209.51 678.24 207.1 676.91 206.1 675.58 204.03 675.38 202.58 673.97 199.67 672.44 199.56 670.82 198.3 669.8 196.33 Z"
       id="Lancaster"
       fill="#f4ddd3"
       style="fill:#e27f7f;fill-opacity:1" />
    <path
       d="M 583.47 73.77 602.38 48.66 605.64 49.95 607.36 51.4 609.15 51.86 610.16 53.02 609.16 55.12 610.21 57.46 612.37 58.76 614.59 59.26 617.56 59.08 619.3 59.51 621.83 63 617.04 67.94 615.51 67.6 615.45 69.75 619.16 69.99 622.82 73.75 621.54 74.01 620.06 75.74 619.82 77.25 620.42 79.14 623.53 78.47 625.98 78.74 629.44 80.52 629.45 87.55 628.39 89.46 625.91 89.61 623.53 91.09 621.1 93.84 620.83 96.69 621.38 98.43 618.79 98.25 617.8 99.61 614.75 100.58 613.52 98.2 615.5 96.64 614.54 95.75 611.71 95.45 609.43 92.79 605.12 90.01 604.3 90.74 602.47 88.82 600.01 88.21 599.03 89.83 598.17 88.92 598 86.61 594.7 84.2 594.98 82.6 593.37 81.5 592.47 79.4 590.35 79.84 587.53 79.61 587.65 77.99 586.35 77.4 586.46 76.31 583.47 73.77 Z M 602.07 73.07 603.82 74.84 606.5 74.84 608.04 74.25 607.99 71.27 606.04 71.13 602.61 71.49 602.07 73.07 Z"
       id="Fairfax-County"
       fill="#b6a8f0"
       style="fill:#584cde;fill-opacity:1" />
    <path
       d="M 347.65 315.85 349.17 317.49 350.32 317.15 351.68 311.61 370.41 316.46 371.88 315.46 374.06 316.48 376.52 314.23 381.04 312.26 383.11 312.4 385.86 309.09 378.33 346.14 361.88 345.82 346.02 345.61 346.46 337.71 345.62 334.91 345.77 332.08 344.16 329.22 343.66 326.56 342.49 324.02 343.3 322.51 342.54 321.59 343.06 319.62 342.59 317.52 344.45 316.22 347.65 315.85 Z M 360.77 329.32 361.44 330.53 364.7 331.78 364.68 333.14 365.99 333.52 367.4 333 366.29 330.34 366.91 326.81 363.37 325.44 362.74 325.88 360.77 329.32 Z"
       id="Henry"
       fill="#e7d5a7"
       style="fill:#d75d5d;fill-opacity:1" />
    <path
       d="M 470.98 150 473.14 147.01 477.37 144.3 478.52 144.81 479.59 143.64 479.04 141.58 485.52 144.48 506.49 152.68 508.79 153.43 521.41 158.92 517.26 167.01 512.34 173.69 495.07 198.48 494.39 199.94 494.58 202.34 493.27 203.15 489.98 202.38 486.67 203.56 483.74 203.28 480.74 206.03 478.39 207.01 476.78 205.5 477.11 202.82 476.28 198.49 472.66 190.85 469.86 184.57 465.51 175.38 462.56 168.81 464.17 167.41 466.88 166.21 468.18 164.45 468.16 161.79 467.34 159.48 468.52 157.75 469.2 153.92 470.67 151.46 470.98 150 Z M 492.04 171.83 492.46 173.21 493.95 173.26 495.27 172.4 497.11 173.08 498.49 169.11 496.86 168.26 497.59 166.82 495.64 166.31 493.54 167.82 492.75 169.33 492.9 171.08 492.04 171.83 Z"
       id="Albemarle"
       fill="#f1c9ad"
       style="fill:#584cde;fill-opacity:1" />
    <path
       d="M 537.21 24.74 535.73 28.85 534.05 31.01 533.6 34.98 532.31 36.69 532.05 39.11 530.49 41.8 530.8 43.7 528.81 45.54 527.75 47.3 526.41 51.77 525.26 53.99 511.42 55.2 511.43 53.21 510.81 51.27 508.36 49.09 509.42 47.41 509.43 44.16 505.71 45.26 504.52 44.29 502.61 45.44 499.04 49.53 499.35 50.58 498.49 52.88 490.18 49.47 492.16 47.76 492.74 46.49 496.25 43.17 497.96 42.75 499.84 40.53 500.96 38.09 503.13 36.35 501.72 35.17 499.91 32.73 502.95 28.8 503.48 27.27 501.67 25.69 504.07 22.67 504.63 21.43 507.13 18.55 508.92 14.32 506.49 13.64 508.66 10.14 507.17 7.33 508.33 5.54 508.29 1 516.04 7.1 525.68 15.47 537.21 24.74 Z M 521.85 34.8 522.87 35.41 522.22 39.3 524.4 39.39 526.4 35.61 527.72 34.28 525.88 32.91 523 31.89 521.85 34.8 Z"
       id="Frederick"
       fill="#a5a7e4"
       style="fill:#e27f7f;fill-opacity:1" />
    <path
       d="M 480.11 328.44 494.92 305.59 497.74 307.88 500.88 308.75 501.83 310.1 504.23 309.06 507.59 309.32 508.56 310.93 510.27 310.34 512.79 311.26 512.83 311.89 515.41 314.01 517.06 314.09 518.81 315.38 520.88 315.38 523.26 316.05 525.73 316.09 530.46 317.84 532.33 316.78 533.58 317.06 536.88 319.04 537.3 318.13 539.22 318.89 538.33 334.41 537.56 346.53 529.25 346.6 518.55 346.57 497.04 346.85 493.31 347 471.91 346.87 471.84 344.99 472.8 342.57 473.67 342.36 473.52 340.2 474.01 338.88 473.96 335.83 475.41 332.21 475.42 330.7 477.34 329.57 479.63 329.28 480.9 330.01 482.48 332.14 485.22 333.77 486.75 335.47 488.16 335.28 482.55 331.51 480.97 328.86 480.11 328.44 Z"
       id="Mecklenburg"
       fill="#c6edcf"
       style="fill:#d75d5d;fill-opacity:1" />
    <path
       d="M 574.53 175.21 576.04 173.69 594.3 151.53 599.65 144.67 600.58 145.15 602.41 143.93 603.72 144.8 605.35 146.01 608.07 147.19 608.51 144.45 610.88 144.04 612.87 145.86 610.81 146.98 611.67 148.76 610.62 151.33 612.85 151.46 614.28 150.35 616.74 152.96 618.97 154.07 620.29 153.45 621.94 154.11 623.54 155.79 623.51 159.25 620.93 159.27 621.19 161.5 618.6 164.19 619.62 165.98 620.63 166.31 620.96 168.08 622.46 168.22 623.2 169.55 622.38 171.11 624.97 172.16 626.3 171.87 628.27 176.82 628.16 177.62 627.17 177.17 625.39 177.7 624.74 176.86 620.79 176.88 619.08 177.83 617.71 179.57 618.04 182.01 617.35 184.11 617.85 186.42 615.3 187.16 614.39 185.03 612.95 184.41 612 185.97 611.43 188.78 608.66 192.23 604.04 196.77 602.65 198.73 601.49 197.83 600.2 199 599.9 200.29 596.98 199.73 597.94 197.23 596.26 196.92 596.41 194.82 595.12 194.61 594.7 192.59 595.34 189.87 593.1 186.37 589.55 187.77 588.61 186.12 586.59 185.3 583.46 182.75 580.72 179.01 579.5 180.06 577.19 178.86 574.45 176.51 574.53 175.21 Z"
       id="Caroline"
       fill="#abe3a6"
       style="fill:#7996e2;fill-opacity:1" />
    <path
       d="M 572.34 62.6 573.97 62.7 575.82 64 577.64 67.27 579.29 68.65 581.59 68.92 582.32 71.94 581.93 72.73 583.47 73.77 586.46 76.31 586.35 77.4 587.65 77.99 587.53 79.61 590.35 79.84 592.47 79.4 593.37 81.5 594.98 82.6 594.7 84.2 598 86.61 598.17 88.92 599.03 89.83 600.01 88.21 602.47 88.82 604.3 90.74 605.12 90.01 609.43 92.79 611.71 95.45 612.66 97.26 612.27 98.22 610.57 98.56 610.74 100.27 609.72 102.84 610.61 103.83 608.93 105.07 609.72 107.33 607.93 109.02 607.97 109.9 606.63 112.75 605.87 113.26 603.26 113.84 599.81 112.22 597.6 110.8 596.17 108.62 593.62 106.95 591.88 105.17 590.47 105.49 589.27 103.89 587.88 104.1 587.17 105.33 584.25 108.17 584.11 108.1 566.85 75.73 567.84 74.42 568.93 69.22 570.05 68.47 571.43 65.68 572.34 62.6 Z M 590.72 82.58 593.65 84.76 594.26 83.72 594.11 82.03 592.44 81.27 591.99 82.77 589.14 81.55 587.3 82.83 584.47 87.27 585.18 89.29 586.73 89.34 585.55 86.95 586.99 86.78 589.62 87.87 591.41 86.59 591.74 83.92 590.72 82.58 Z"
       id="Prince-William"
       fill="#8e94e1"
       style="fill:#6674de;fill-opacity:1" />
    <path
       d="M 340.03 276.87 342.12 275.09 342.11 273.93 344.85 272.52 351.43 271.17 352.21 272.03 352.15 273.67 353.23 274.66 355.76 275.43 357.34 273.93 359.76 272.71 360.66 270.81 362.24 270.25 362.39 268.19 364.48 266.3 366.38 266.38 366.85 265.17 368.18 266.29 369.6 265.11 370.96 266.39 371.84 264.57 373.23 264.53 373.49 267.95 375.26 269.47 378.99 269.55 380.38 274.33 382.75 273.69 385.24 277.08 386.17 279.88 387.54 281.2 387.9 282.8 390.72 286.14 390.54 287.14 389.33 292.1 385.86 309.09 383.11 312.4 381.04 312.26 376.52 314.23 374.06 316.48 371.88 315.46 370.41 316.46 351.68 311.61 350.32 317.15 349.17 317.49 347.65 315.85 347.49 315.12 344.74 312.38 345.35 310.23 343.72 309.31 342 309.56 329.37 306.34 332.91 302.92 334.47 298.22 336.23 296.67 336.86 297.42 338.99 295.71 338.29 293.72 340.46 292.44 339.09 291.62 341.33 289.79 341.47 286 340.45 284.83 341.87 282.21 340.03 276.87 Z"
       id="Franklin-County"
       fill="#c6a2a0"
       style="fill:#d72f30;fill-opacity:1" />
    <path
       d="M 638.67 262.18 641.4 263.77 641.11 264.56 645.38 267.82 646.48 267.84 648.84 266.68 653.32 267.04 654.84 267.84 656.76 270.18 658.75 271.34 660.14 273.39 661.79 273.97 663.21 273.63 664.82 270.48 665.81 267.76 668.02 270.48 667.33 272.28 667.36 274.26 666.57 276.14 667.09 278.21 666.25 278.79 666.26 280.65 665.39 281.09 663.96 284.45 658.13 287.58 650.8 291.81 641.05 298.1 639.75 291.5 639.36 285.07 637.71 285.7 633.11 283.41 631.71 284.27 629.33 283.88 628.84 281.73 626.94 281.84 625.97 280.09 622.29 279.82 621.61 278.58 627.91 271.74 629.27 269.94 632.01 268.91 631.93 267.84 633.88 267.87 634.98 266.58 634.34 265.66 634.93 264.08 636.71 263.63 638.67 262.18 Z"
       id="Surry"
       fill="#a0abe9"
       style="fill:#7996e2;fill-opacity:1" />
    <path
       d="M 521.41 158.92 523.49 159.32 524.96 159.08 527.48 157.49 528.46 158 530.25 157.68 531.44 156.35 533.82 157.64 537.34 158.42 538.94 157.54 540.79 158.07 542.82 160.2 545.32 160.31 547.55 160.86 548.77 160.31 550.32 161.35 551.42 160.9 552.75 161.69 556.3 162.29 557.85 163.31 559.1 164.94 560.96 165.22 561.74 167.27 562.68 168.09 564.62 168.52 564.57 170.79 566.21 170.51 567.92 172.44 570.3 173.22 564.6 192.01 563.76 196.18 562.93 197.51 560.31 206.09 557.93 204.11 552.38 202.64 549.73 200.76 549.88 195.36 546.2 192.86 546.13 191.75 543.77 191.76 542.01 191.19 541.23 189.26 535.18 185.6 526.81 181.47 524.8 180.31 521.87 179.47 519.52 176.97 515.18 175.45 512.34 173.69 517.26 167.01 521.41 158.92 Z"
       id="Louisa"
       fill="#9fc4c7"
       style="fill:#e27f7f;fill-opacity:1" />
    <path
       d="M 560.87 269.71 561.95 269.17 565.43 269.66 567.75 267.49 569.84 266.05 570.89 266.21 571.3 264.52 573.56 263.91 574.54 261.02 578.06 260.31 579.29 262.32 582.45 264.16 583.12 265.6 585.41 265.5 586.71 266.57 588.86 265.71 593.8 265.8 594.35 267.27 593.68 269.82 596.18 270.72 596.15 272.63 598.44 271.92 598.83 278.85 598.81 285.27 599.05 287.89 598.75 292.95 592.64 297.08 577.96 306.79 576.79 305.64 574.23 304.85 572.47 303.7 570.75 303.45 570.14 302.29 568.94 302.57 568.72 301.03 567.56 299.13 566.59 298.81 565.83 297.29 564.32 297 563.95 295.46 562.56 295.33 561.16 294.32 559.71 294.46 556.65 292.99 555.86 293.64 552.83 293.52 552.14 293.87 551.99 292.53 551.03 275.54 553.84 274.75 555.27 273.11 557.48 272.37 558.14 272.73 559.9 271.72 560.87 269.71 Z"
       id="Dinwiddie"
       fill="#d5d6f7"
       style="fill:#e27f7f;fill-opacity:1" />
    <path
       d="M 667.95 219.7 671.67 221.9 673.47 221.38 675.46 223.03 675.62 224.31 677.22 224.67 678.49 224.09 680.51 225.94 681.9 226.01 682.62 227.21 684.38 227.29 686.77 229.05 688.55 229.78 688.73 230.36 687.28 233.33 688.26 237.16 687.61 240.02 688.12 241.13 690.98 241.65 691.1 247 689.73 245.47 686.1 245.75 686.12 247.3 687.16 248.15 688.31 247.27 690.56 249.97 691.03 251.62 688.98 252.53 688.97 253.5 690.82 254.18 692.67 253.47 692.94 254.68 694.36 255.87 694.94 257.29 697.19 257.51 696.28 258.68 693.68 259.34 691.12 259.21 689.55 260.21 686.68 261.1 684.94 260.56 682.75 261.96 681.81 261.34 679.83 258.74 676.62 256.68 673.78 253.94 670.11 248.95 668.91 246.76 668.03 246.08 666.7 244.25 662.85 240.13 664.06 237.78 667.03 237.19 668.51 235.08 668.77 232.38 666.88 229.55 666.7 228.43 667.36 225.06 667.18 224.14 667.95 219.7 Z"
       id="Gloucester"
       fill="#c7f1bc"
       style="fill:#d75d5d;fill-opacity:1" />
    <path
       d="M 612.26 246.78 612.84 245.75 614.46 246.99 615.55 245.37 614.87 243.41 618.9 233.84 620.4 235.49 623.69 236.02 624.45 237.88 626.66 239.68 628.51 239.53 630.48 240.64 633.21 240.92 633.74 242.44 635.04 242.69 637.33 241.88 638.42 242.09 638.71 243.49 640.31 243.76 641.13 242.99 642.79 244.26 644.63 245.03 644.84 246.8 643.81 249.78 644.81 249.99 646.72 247.84 647.79 248.43 647.19 250.19 647.82 250.9 647.72 253.84 647.29 254.77 648.1 256.45 647.19 257.66 647.17 259.29 647.84 260.57 645.76 261.82 643.86 263.77 642.4 263.26 641.4 263.77 638.67 262.18 636.83 258.72 636.9 256.72 635.01 255.52 632.89 256.83 629.47 259.81 628.5 259.29 627.81 254.97 626.82 254.83 624.15 255.96 618.23 255.04 615.11 254.16 612.2 255.43 610.37 254.04 610.91 251.28 612.8 248.27 612.26 246.78 Z"
       id="Charles-City"
       fill="#ccdfe7"
       style="fill:#7996e2;fill-opacity:1" />
    <path
       d="M 617.04 67.94 619.16 69.99 615.45 69.75 615.51 67.6 617.04 67.94 Z"
       id="Falls-Church"
       fill="#cad1f8"
       style="fill:#3933e5;fill-opacity:1" />
    <path
       d="M 535.18 185.6 541.23 189.26 542.01 191.19 543.77 191.76 546.13 191.75 546.2 192.86 549.88 195.36 549.73 200.76 552.38 202.64 557.93 204.11 560.31 206.09 561.53 207.14 564.82 207.71 568.33 208.9 571.08 209 573.25 208.39 575.93 208.9 573.78 216.61 575.16 221.09 576.47 221.54 577.43 224.04 575.93 224.3 575.34 225.34 573.77 225.68 569.02 222.74 566.21 222.51 563.19 219.99 560.75 220.04 558.77 220.78 557.77 219.94 557.92 218.62 555.96 216.73 553.87 215.72 550.92 213.53 549.73 211.18 548.19 210.93 546.42 212.14 545.4 214.44 546.52 216.45 545.36 218.66 542.86 218.73 539.64 216.63 537.26 216.66 535.32 215.96 534.49 214.9 533.34 213.6 531.16 213.22 530.88 212.49 532.71 210.27 532.53 208.89 530.33 207.28 528.57 205.39 526.25 204.15 526.7 202.4 535.12 185.93 535.18 185.6 Z"
       id="Goochland"
       fill="#f1c1ac"
       style="fill:#e27f7f;fill-opacity:1" />
    <path
       d="M 348.49 178.91 351.18 180.05 353.61 178.02 356.01 178.84 359.83 178.85 363.58 185.57 364.22 186.18 371.63 187.72 377.16 187.25 379.77 189.31 382.38 192.16 385.44 188.93 386.66 188.66 388.38 188.63 390.52 190.21 389.53 191.33 388.68 193.98 386.59 196.92 384.01 201.8 370.68 197.15 367.97 199.32 368.04 200.23 365.87 203.26 363.66 204.49 361.04 208.73 358.77 209.04 357.27 210.81 353.33 213.78 351.26 215.02 350.15 213.48 348.44 214.99 346.72 215.85 344.93 217.37 343.29 217.81 341.53 219.59 339.51 220.83 337.36 219.41 337.29 218.57 333.83 218.4 332.37 217.02 330.67 215.82 328.04 214.77 326.95 213.45 325.45 209.32 326.31 208.79 329.68 204.9 328.69 203.87 329.23 201.78 329.95 201.67 331.81 199.2 331.93 197.54 332.99 195.5 336.07 192.25 336.36 191.18 338.42 187.87 340.33 187.02 344.06 182.79 344.66 182.89 346.77 180.07 348.49 178.91 Z M 352.6 201.59 354.08 203.14 356.55 202.13 355.46 201.18 355.32 199.28 356.62 197.94 356.58 196.65 354.23 197.04 353.34 198.21 353.83 199.11 352.6 201.59 Z"
       id="Alleghany"
       fill="#a0eaa0"
       style="fill:#d75d5d;fill-opacity:1" />
    <path
       d="M 131.13 288.8 136.33 285.4 137.82 286.91 140.45 285.06 143.86 282.2 145.02 282.75 146.53 281.11 148.37 281.12 149.62 280.92 151.76 281.49 153.37 280.37 155.33 281.79 157.28 280.68 158.6 280.7 159.62 278.76 160.94 278.42 160.71 276.61 161.71 273.26 164.1 272.02 165.97 272.26 167.98 271.4 171.05 271.19 172.34 270.08 173.15 273.59 174.82 275.95 178.94 280.81 180.86 285.04 182.97 292.21 179.3 293.43 177.48 295.52 175.22 298 172.75 300.03 166.88 302.77 164.04 302.08 162.57 301.17 154.22 303.46 151.36 305.65 150.43 307.67 150.68 310.17 148.41 311.22 142.19 312.9 138.3 314.82 131.82 317.72 129.47 319.74 127.5 311.27 125.05 304.25 123.19 299.67 126.78 297.81 131.64 298.67 131.91 297 133.59 296.66 131.13 288.8 Z"
       id="Russell"
       fill="#e9dec5"
       style="fill:#c21b18;fill-opacity:1" />
    <path
       d="M 271.37 272.51 275.21 270.14 276.49 268.83 280.53 267.28 282.9 266.81 287.6 264.75 288.84 263.87 295.06 261.55 294.31 262.9 294.26 265.02 295.86 267.81 296.88 268.94 298.92 267.21 302.97 266.21 303.32 267.83 301.53 267.65 299.87 268.15 298.84 270 300.21 272.15 301.79 272.06 302.41 273.51 302.08 274.84 300.3 273.3 297.99 274.04 296.09 275.41 295.75 276.83 297.16 279.96 300.29 283.78 298.45 284.97 299.37 286.57 299.3 289.42 300.35 292.45 299.45 294.14 298.39 294.28 295.19 297.24 292.31 297.83 291.67 298.51 289.67 299.71 289.24 300.62 287.25 301.28 286.96 302.73 281.41 304.51 276.93 298.02 272.72 292.48 270.19 289.5 267.35 286.61 265.65 281.14 264.07 276.16 266.67 275.63 268.24 274.82 271.37 272.51 Z"
       id="Pulaski"
       fill="#cfdbb3"
       style="fill:#d75d5d;fill-opacity:1" />
    <path
       d="M 509.28 100.25 519.18 111.44 528.74 122.28 529.29 124.01 530.8 125.97 531.86 126.56 532.26 128.2 530.45 129.23 529.84 130.77 530.3 132.6 532.7 134.84 531.06 137.47 532.05 137.57 532.01 138.46 529.42 140.89 526.58 141.05 522.98 145.37 520.6 145.79 520.28 147.22 517.58 146.76 516.07 144.93 515.92 143.25 513.95 142.2 513.34 141.69 509.89 142.33 506.83 139.87 506.77 136.91 505.27 136.86 503.17 134.74 502.1 132.4 500.82 131.02 501.3 129.29 500.16 127.75 499.77 126.01 500.35 124.84 500.18 120.68 498.65 118.22 499.43 116.57 499.21 115.41 500.47 112.18 501.71 111.25 502.27 109.74 505.34 108.02 504.88 105.54 507.22 101.88 509.28 100.25 Z"
       id="Madison"
       fill="#dbf1e7"
       style="fill:#d75d5d;fill-opacity:1" />
    <path
       d="M 432.63 187.15 433.64 187.41 438.85 184.83 440.92 184.56 442.5 184.95 443.23 187.23 445.74 187.08 446.84 188.35 448.79 185.94 451.24 183.77 452.84 181.44 456.74 180.38 457.3 177.88 456.06 176.89 456.16 175.86 457.55 175.05 459.29 171.02 460.75 170.93 462.56 168.81 465.51 175.38 469.86 184.57 472.66 190.85 476.28 198.49 477.11 202.82 476.78 205.5 478.39 207.01 480.74 206.03 479.73 208.34 479.77 209.89 480.89 211.96 478.81 212.28 477.19 210.14 476.03 210.29 476.24 212.85 474.47 213.19 473.66 214.48 474.25 216.9 471.73 218.02 467.16 216.76 465.99 216.77 464.04 217.96 463.82 219.15 464.99 221.52 463.28 222.36 463.16 223.98 464.52 225.14 463.63 227.34 463.09 229.33 460.71 228.28 459.48 228.56 458.29 227.8 456.58 227.96 451.35 215.78 450.36 212.62 448.82 211.9 448.58 210.36 446.7 210.12 445.91 209.19 444.36 209.5 441.92 208.35 440.95 207.4 441.11 204.31 440.34 200.19 438.89 199.38 436.59 199.54 435.93 197.65 433.98 196.36 431.18 197.53 432.79 193.8 433 192.16 433.82 191.28 433.56 188.94 432.63 187.15 Z"
       id="Nelson"
       fill="#b1d9cd"
       style="fill:#7996e2;fill-opacity:1" />
    <path
       d="M 545.32 160.31 551.07 153.5 562.13 140.83 566.32 135.9 567.03 133.77 568.51 131.48 570.68 131.57 571.33 130.38 574.19 129.47 573.95 131.24 574.98 131.5 576.34 130.58 577.87 132.83 580.84 132.89 581.18 134.38 583.21 135.57 584.65 137.44 586.1 137.88 586.76 139.41 586.42 140.87 589.97 141.98 591.48 141.83 592.43 140.26 594.98 143.38 597.73 144.81 599.65 144.67 594.3 151.53 576.04 173.69 574.53 175.21 572.84 174.95 571.82 173.67 570.3 173.22 567.92 172.44 566.21 170.51 564.57 170.79 564.62 168.52 562.68 168.09 561.74 167.27 560.96 165.22 559.1 164.94 557.85 163.31 556.3 162.29 552.75 161.69 551.42 160.9 550.32 161.35 548.77 160.31 547.55 160.86 545.32 160.31 Z"
       id="Spotsylvania"
       fill="#8cd4d9"
       style="fill:#7996e2;fill-opacity:1" />
    <path
       d="M 110.87 260.52 111.21 269.73 111.74 270.33 115.58 277.22 115.96 279.6 117.31 280.71 118.18 282.23 123.93 286.69 126.34 287.44 127.55 288.92 127.78 290.47 129.1 290.23 131.13 288.8 133.59 296.66 131.91 297 131.64 298.67 126.78 297.81 123.19 299.67 123.03 298.63 103.17 298.3 101.54 298.52 100.32 299.79 99.26 302.35 96.81 303.9 95.16 305.52 94.46 304.76 91.41 304.07 90.54 303.44 88.14 307.19 82.34 301.26 80.95 298.61 78.52 295.77 78.67 293.98 80.42 292.01 80.34 290.34 80.94 288.81 79.67 287.21 79.82 286.19 81.35 284.96 82.17 285.16 84.39 282.86 88.25 282.55 90.53 280.39 91.58 280.69 92.07 278.8 93.73 278.79 94.19 276.93 93.82 275.13 94.26 273.73 94.54 269.58 98.17 267.89 98.9 268.02 101.37 266.13 103.1 265.92 103.95 264.94 107.12 262.72 110.87 260.52 Z M 99.14 293.6 100.68 294.1 101.51 295.21 103.25 295.23 102.98 292.93 103.94 292.03 105.98 291.97 105.84 289.52 104.77 289.1 101.52 290.6 99.14 293.6 Z"
       id="Wise"
       fill="#e8e1ac"
       style="fill:#d72f30;fill-opacity:1" />
    <path
       d="M 345.78 241.53 346.84 243.23 357.75 248.74 365.34 252.96 366.97 255.24 366.89 258.89 365.86 260.22 366.96 262.57 366.85 265.17 366.38 266.38 364.48 266.3 362.39 268.19 362.24 270.25 360.66 270.81 359.76 272.71 357.34 273.93 355.76 275.43 353.23 274.66 352.15 273.67 352.21 272.03 351.43 271.17 344.85 272.52 342.11 273.93 342.12 275.09 340.03 276.87 336.79 278.43 335.32 277.91 335.41 275.57 334.37 264.36 333.22 262.16 328.16 254.71 327.87 250.79 331.33 248.11 333.79 246.54 338.77 246.14 345.78 241.53 Z M 349.31 260.47 348.9 261.61 349.71 262.75 351.76 262.14 354.54 263.82 356.37 266.51 357.66 265.33 359.54 265.15 359.96 263.3 361.41 262.81 361.87 261.29 361.07 258.87 364 257.26 363.82 256.02 361.51 253.68 356.45 253.81 355.75 251.99 354.59 252.34 352.1 254.27 350.46 255.11 349.55 253.35 346.68 254.73 344.68 256.25 341.42 257.32 342.09 258.44 344.15 258.09 344.75 260.16 347.61 261.7 349.31 260.47 Z"
       id="Roanoke-County"
       fill="#f5e3cd"
       style="fill:#e27f7f;fill-opacity:1" />
    <path
       d="M 528.95 238.89 529.69 239.99 531.43 239.52 532.47 240.06 533.15 238.57 535.17 239.19 536.63 236.85 539.77 236.86 539.94 234.5 541.41 233.71 542.64 235.07 544.39 235.14 546.21 235.86 550.83 236.33 551.05 238.53 552.12 239.41 553.04 238.52 555.09 243.05 553.17 243.34 553.53 245.3 552.94 247.19 553.01 249.23 555.35 250.35 555.58 251.71 556.83 252.5 560.49 252.95 560.72 254.17 559.53 255.2 559.75 256.48 561.83 257.41 563.29 258.76 564.33 260.68 566.28 260.47 566.5 258.83 568.21 258.74 568.31 257.32 569.7 257.39 570.56 259.12 571.51 257.9 572.92 257.8 573.4 259.42 574.54 261.02 573.56 263.91 571.3 264.52 570.89 266.21 569.84 266.05 567.75 267.49 565.43 269.66 561.95 269.17 560.87 269.71 558.25 268.7 546.71 265.3 529.71 260.59 519.65 257.67 519.27 249.17 518.85 248.48 520.65 246.79 522.1 244.2 522.39 242.27 523.59 242.38 523.96 240.11 525.24 240.35 526.56 239.01 528.31 238.31 528.95 238.89 Z"
       id="Amelia"
       fill="#c8e9c4"
       style="fill:#d72f30;fill-opacity:1" />
    <path
       d="M 481.09 102.93 482.43 101.49 485.92 93.27 489.46 88 489.72 87.1 493.4 88.63 494.48 87.13 497.03 85.44 501.2 80 504 77.13 509.08 79.45 510.81 81.06 513.26 81.69 514.19 84.62 512.34 87.13 511.05 87.17 509.86 91.34 510.96 91.86 511.47 93.72 510.6 94.95 511.37 97.38 510.42 99.85 509.28 100.25 507.22 101.88 504.88 105.54 505.34 108.02 502.27 109.74 501.71 111.25 500.47 112.18 499.21 115.41 499.43 116.57 498.65 118.22 497.78 120.68 496.8 121.54 495.58 124.6 490.72 123.65 489.76 124.03 488.79 121.57 482.86 119.36 481.75 115.6 480.65 116.3 476.47 114.12 477.92 111.29 479.1 106.8 480.38 103.56 481.09 102.93 Z"
       id="Page"
       fill="#f1f2cb"
       style="fill:#d72f30;fill-opacity:1" />
    <path
       d="M 477.09 263.3 477.87 260.96 481.33 256.5 482.26 254.64 483.49 253.99 485.33 251.84 484.68 251.18 485.35 245.66 486.63 246.43 485.61 247.72 489.58 250.96 491.86 251.99 493.16 253.72 495.69 252.6 497.55 252.56 499.38 253.15 503.5 255.39 504.15 256.62 507.41 256.02 509.06 255.01 509.95 256.17 511.03 256.16 512.21 254.76 513.87 254.29 515.73 251.5 517.26 251.03 519.27 249.17 519.65 257.67 519.03 269.64 518.94 278.5 516.44 279.5 515.65 280.43 513.11 280.93 507.53 280.17 505.41 282.14 499.6 283.34 498.27 282.64 496.07 282.66 493.9 280.12 494.08 279.22 492.78 277.01 491.54 276.04 490.22 276.06 489.82 274.96 488.34 275.02 486.29 276.08 482.86 274.08 481.49 272.61 481.29 270.57 480.57 269.74 477.19 269.37 476.05 268.5 477.09 263.3 Z"
       id="Prince-Edward"
       fill="#c9dfd9"
       style="fill:#7996e2;fill-opacity:1" />
    <path
       d="M 598.44 271.92 599.77 271.4 603.5 271.47 603.92 269.56 604.97 268.69 601.12 263.3 600.45 263.15 600.71 260.53 601.95 259.29 602.65 255.39 604.24 255.03 604.98 257.49 605 259.89 606.67 260.54 611.38 258.52 612.02 256.87 610.12 254.56 609.12 254.98 610.37 254.04 612.2 255.43 615.11 254.16 618.23 255.04 624.15 255.96 626.82 254.83 627.81 254.97 628.5 259.29 629.47 259.81 632.89 256.83 635.01 255.52 636.9 256.72 636.83 258.72 638.67 262.18 636.71 263.63 634.93 264.08 634.34 265.66 634.98 266.58 633.88 267.87 631.93 267.84 632.01 268.91 629.27 269.94 627.91 271.74 621.61 278.58 618.44 280.28 616.49 281.69 598.75 292.95 599.05 287.89 598.81 285.27 598.83 278.85 598.44 271.92 Z"
       id="Prince-George"
       fill="#e0e6ec"
       style="fill:#e27f7f;fill-opacity:1" />
    <path
       d="M 596.13 326.72 604.19 321.32 615.4 314.73 625.23 308.6 636.48 300.97 641.05 298.1 650.8 291.81 650.7 294.42 649.97 296.35 652.34 300.77 654.2 301.44 654.07 305.25 650.18 310.81 649.36 314.04 649.71 316.27 648.03 317.29 647.93 319.05 646.37 320.13 647.02 321.35 644.94 322.95 645.23 324.32 644.26 326.04 641.61 325.97 640.22 326.72 640.18 329.04 641.93 329.52 640.75 330.85 643.2 331.72 645.8 333.06 646.96 333.53 647.35 335.69 645.66 336.74 645.96 341.22 645.12 341.38 643.95 343.57 645.4 344.43 645.4 345.41 628.32 345.58 622.82 345.73 621.2 345.37 617.81 345.74 609.06 345.83 605.32 344.73 603.96 345.01 602.92 343.54 603.38 341.68 603.21 339.28 601.93 338.59 601.2 335.49 600.36 335.82 599.44 333.92 597.64 333.04 593.25 333.26 590.26 331.06 596.13 326.72 Z"
       id="Southampton"
       fill="#abea9a"
       style="fill:#d75d5d;fill-opacity:1" />
    <path
       d="M 521.85 34.8 523 31.89 525.88 32.91 527.72 34.28 526.4 35.61 524.4 39.39 522.22 39.3 522.87 35.41 521.85 34.8 Z"
       id="Winchester"
       fill="#ddefea"
       style="fill:#6674de;fill-opacity:1" />
    <path
       d="M 634.04 140.7 635.88 140.9 637.7 142.96 638.23 145.28 637.28 146.44 637.77 147.98 640.14 149.32 642.61 149.91 645.98 152.8 647.5 152.91 649.4 153.77 653.02 153.06 656.73 153.27 658.82 155.47 659.76 157.34 663.33 153.91 665.66 155.34 668.09 158.33 668.74 157.69 667.68 155.23 668.97 154.64 670.65 155.17 671.74 159.66 673.78 161.42 677.95 163.85 677.98 164.76 679.33 167.04 676.63 167.79 676.18 169.49 674.69 169.96 672.93 172.22 670.69 172.44 669.16 175.37 668.96 176.69 667.68 176.52 666.86 174.89 662.71 174.69 660.02 173.01 658.17 173.55 656.67 172.74 657.2 171.71 657.3 169.34 652.91 165.92 651.1 165.37 647.14 160.81 645.92 158.45 640.92 163.01 640.4 164.14 635.98 162.98 635.43 160.71 634.2 160.33 633.11 162.32 631.86 162.65 630.96 161.12 629.8 160.44 629.51 156.36 628.59 154.33 628.51 152.89 629.81 151.58 630.01 142.62 634.04 140.7 Z"
       id="Westmoreland"
       fill="#b1dec6"
       style="fill:#e27f7f;fill-opacity:1" />
    <path
       d="M 490.18 49.47 498.49 52.88 499.35 50.58 499.04 49.53 502.61 45.44 504.52 44.29 505.71 45.26 509.43 44.16 509.42 47.41 508.36 49.09 510.81 51.27 511.43 53.21 511.42 55.2 509.97 56.98 511.22 58.12 509.52 61.86 512.07 61.75 512.7 62.82 511.76 65.08 510.77 65.82 509.21 69.06 509.58 70.18 507.06 73.09 504 77.13 501.2 80 497.03 85.44 494.48 87.13 493.4 88.63 489.72 87.1 489.46 88 485.92 93.27 482.43 101.49 481.09 102.93 465.56 89.23 460.04 84.14 462.01 80.37 464.53 76.12 465.74 73.14 467.62 69.72 470.3 67.9 472.17 64.74 473.69 64.26 474.27 67.41 476.85 65.05 477.57 64.99 479.56 62.38 480.71 59.93 483.13 58.22 484.86 60.35 486.82 57.28 489.6 54.03 487.62 52.38 490.18 49.47 Z"
       id="Shenandoah"
       fill="#cbe8db"
       style="fill:#d75d5d;fill-opacity:1" />
    <path
       d="M 366.97 255.24 367.29 254.25 372.59 250.59 373.59 246.77 372.31 246.86 370.27 244.13 372.51 243.56 375.77 241.64 380.02 238.22 382.09 235.69 383.28 234.87 385.05 234.71 386.82 236.37 387.89 238.45 388.93 237.95 391.13 239.05 393.67 234.49 394.81 233.18 395.72 234.3 396.92 232.45 398.26 232.09 399.61 230.64 400.19 229.23 402.07 227.4 403.47 227.28 404.02 226.06 405.65 225.66 404.12 220.61 406.11 219.32 406.17 220.69 407.43 221.16 409.15 220.48 411.4 222.51 412.34 225.09 412.58 227.18 414.2 230.18 415.19 231.29 417.58 232.06 419.05 233.18 421.97 232.2 422.82 234.01 424.49 232.6 426.47 232.76 425.93 234 427.38 236.01 429.27 236.29 429.61 237.41 427.45 237.16 423.87 239.56 421.98 239.42 421.79 241.44 423.07 241.42 424.32 242.89 423.13 244.51 425.12 245.8 422.7 250.37 419.62 256.34 413.83 267.99 404.89 285.68 401.58 284.65 400.29 285.2 401.34 287.1 401.03 288.07 403.27 289.87 400.89 291.36 399.89 289.64 398.33 288.38 395.45 286.76 393.82 286.98 393.35 288.06 390.54 287.14 390.72 286.14 387.9 282.8 387.54 281.2 386.17 279.88 385.24 277.08 382.75 273.69 380.38 274.33 378.99 269.55 375.26 269.47 373.49 267.95 373.23 264.53 371.84 264.57 370.96 266.39 369.6 265.11 368.18 266.29 366.85 265.17 366.96 262.57 365.86 260.22 366.89 258.89 366.97 255.24 Z"
       id="Bedford"
       fill="#b0d0de"
       style="fill:#d72f30;fill-opacity:1" />
    <path
       d="M 623.54 155.79 625.5 154.38 626.66 156.11 628.13 155.99 628.59 154.33 629.51 156.36 629.8 160.44 630.96 161.12 631.86 162.65 633.11 162.32 634.2 160.33 635.43 160.71 635.98 162.98 640.4 164.14 641.23 164.53 642.82 169.87 642.74 171.61 643.45 173.26 642.31 173.35 641.48 175.4 642.57 176.34 644.83 176.14 646.19 176.66 645.92 178.96 647.87 181.03 649.11 182.99 650.5 183 651.52 184.6 654.11 185.42 654.16 186.61 655.27 189.19 656.4 190.16 657.1 192.45 658.33 193.75 659.97 196.73 661.76 198.21 664.18 198.25 664.85 199.98 662.99 201.76 661.11 201.68 658.55 205.05 657.58 202.41 654.79 200 654.67 198.24 653.45 197.3 651.98 197.62 649.8 196.99 647.05 198.85 643.82 197.31 642.33 197.54 640.45 198.72 640.54 196.61 640.12 193.59 637.8 193.58 636.68 192.36 634.66 192.75 633.17 191.73 633.02 189.82 631.58 189.28 632.97 186.95 632.15 185.95 632.58 184.63 631.61 182.22 629.61 181.61 629.56 180.79 627.93 179.8 628.71 178.5 628.16 177.62 628.27 176.82 626.3 171.87 624.97 172.16 622.38 171.11 623.2 169.55 622.46 168.22 620.96 168.08 620.63 166.31 619.62 165.98 618.6 164.19 621.19 161.5 620.93 159.27 623.51 159.25 623.54 155.79 Z"
       id="Essex"
       fill="#dedfee"
       style="fill:#e27f7f;fill-opacity:1" />
    <path
       d="M 295.06 261.55 298.9 260.01 302.26 259.28 307.24 257.04 311.87 253.45 319.45 249.72 322.01 247.45 323.42 248.56 327.87 250.79 328.16 254.71 333.22 262.16 334.37 264.36 335.41 275.57 335.32 277.91 331.71 279.52 325.25 281.81 319.28 287.89 319.04 288.46 315.09 288.37 311.98 290.6 311.86 289.61 308.12 289.48 308.21 290.41 305.97 292.14 304.18 291.71 302.96 290.4 300.35 292.45 299.3 289.42 299.37 286.57 298.45 284.97 300.29 283.78 297.16 279.96 299.46 278.79 300.09 276.59 301.75 277.3 302.42 275.98 304.09 274.66 303.86 273.23 302.59 273.19 302.08 274.84 302.41 273.51 301.79 272.06 300.21 272.15 298.84 270 299.87 268.15 301.53 267.65 303.32 267.83 302.97 266.21 298.92 267.21 296.88 268.94 295.86 267.81 294.26 265.02 294.31 262.9 295.06 261.55 Z"
       id="Montgomery"
       fill="#f1dcdb"
       style="fill:#7996e2;fill-opacity:1" />
    <path
       d="M 438.12 285.28 441.29 287.12 443.04 287.19 445.42 287.99 446.7 288.94 449.09 286.88 455.89 290.01 457.1 292.52 456.12 294.15 457 295.41 458.97 294.34 464.14 294.57 465.31 295.46 466.89 298.28 468.07 297.96 468.19 294.94 470.02 294.56 470.57 291.7 471.45 292.52 472.07 298.71 472.68 299.99 470.67 301.06 470.51 302.12 472.2 303.17 475.74 307.11 476.47 308.82 477.96 309.51 478.5 311.42 476.7 312.56 476.45 313.38 478.38 314.97 476.88 316.69 477 317.85 478.45 320.58 477.03 321.68 476.05 323.24 477.96 325.73 478.47 327.39 480.11 328.44 480.97 328.86 482.55 331.51 488.16 335.28 486.75 335.47 485.22 333.77 482.48 332.14 480.9 330.01 479.63 329.28 477.34 329.57 475.42 330.7 475.41 332.21 473.96 335.83 474.01 338.88 473.52 340.2 473.67 342.36 472.8 342.57 471.84 344.99 471.91 346.87 425.7 346.69 431.05 320.15 436.09 295.54 438.12 285.28 Z"
       id="Halifax"
       fill="#e9a987"
       style="fill:#d75d5d;fill-opacity:1" />
    <path
       d="M 644.84 246.8 645.96 245.56 645.61 240.81 649.19 238.39 652.27 238.03 655.32 239.78 657.01 239.58 658.18 238.43 658.59 236.61 659.98 235.95 660.86 237.93 662.85 240.13 666.7 244.25 668.03 246.08 666.58 247.58 663.33 247.99 660.91 247.21 660.07 247.42 658.95 249.32 659.07 250.98 660.97 251.98 661.67 254.98 660.51 259.73 661.94 261.6 666.97 261.77 666.26 259.62 667.62 259.82 668.32 262.03 669.05 262.74 671.73 263.17 673.79 262.83 674.79 265.69 675.81 269.3 674.25 269.84 673.12 271.12 672.18 268.24 671.15 266.53 669.23 264.89 665.14 264.65 664.25 265.43 661.53 266.07 660.48 268.41 659.09 268.55 656.9 266.5 655.62 263.93 652.89 262.51 648.41 262.76 647.84 260.57 647.17 259.29 647.19 257.66 648.1 256.45 647.29 254.77 647.72 253.84 647.82 250.9 647.19 250.19 647.79 248.43 646.72 247.84 644.81 249.99 643.81 249.78 644.84 246.8 Z"
       id="James-City"
       fill="#cbdae2"
       style="fill:#7996e2;fill-opacity:1" />
    <path
       d="M 177.48 295.52 189.97 312.49 197.02 331.1 198.29 330.66 197.73 333.14 196.12 333.72 194.28 333.62 185.7 333.28 168.03 332.2 166.84 334.76 146.69 333.95 148.35 331.86 150.65 329.95 149.18 327.86 148.98 329.42 147.39 328.85 145.64 329.68 143.59 330.03 140.69 331.75 138.42 332.66 137.75 333.47 132.54 333.27 131.35 330.39 129.47 319.74 131.82 317.72 138.3 314.82 142.19 312.9 148.41 311.22 150.68 310.17 150.43 307.67 151.36 305.65 154.22 303.46 162.57 301.17 164.04 302.08 166.88 302.77 172.75 300.03 175.22 298 177.48 295.52 Z"
       id="Washington"
       fill="#c4dabe"
       style="fill:#d72f30;fill-opacity:1" />
    <path
       d="M 351.26 215.02 353.33 213.78 357.27 210.81 358.77 209.04 361.04 208.73 363.66 204.49 365.87 203.26 368.04 200.23 367.97 199.32 370.68 197.15 384.01 201.8 383.27 204.48 382.59 205.14 383.71 209.4 384.51 209.94 384.09 212.31 382.97 213.78 393.17 221.66 392.79 223.48 400.19 229.23 399.61 230.64 398.26 232.09 396.92 232.45 395.72 234.3 394.81 233.18 393.67 234.49 391.13 239.05 388.93 237.95 387.89 238.45 386.82 236.37 385.05 234.71 383.28 234.87 382.09 235.69 380.02 238.22 375.77 241.64 372.51 243.56 370.27 244.13 372.31 246.86 373.59 246.77 372.59 250.59 367.29 254.25 366.97 255.24 365.34 252.96 357.75 248.74 346.84 243.23 345.78 241.53 348.32 239.14 350 235.33 351.55 233.07 352.04 231.19 355.91 227.28 350.55 217.75 350.17 216.05 351.26 215.02 Z"
       id="Botetourt"
       fill="#f7e0c1"
       style="fill:#d72f30;fill-opacity:1" />
    <path
       d="M 514.19 84.62 517.12 84.89 518.84 83.65 521.43 82.84 523.46 80.63 524.01 77.91 524.93 75.79 528.44 72.09 530.58 74.73 531.31 76.16 533.04 76.79 537.63 80.46 538.48 83.26 537.98 84.75 539.06 85.16 539.27 88.35 541.01 90.31 544.14 91.65 546.62 92 532.31 103.79 525.04 112.46 522.97 112.43 520.77 110.74 519.18 111.44 509.28 100.25 510.42 99.85 511.37 97.38 510.6 94.95 511.47 93.72 510.96 91.86 509.86 91.34 511.05 87.17 512.34 87.13 514.19 84.62 Z"
       id="Rappahannock"
       fill="#d2eab4"
       style="fill:#e27f7f;fill-opacity:1" />
    <path
       d="M 300.35 292.45 302.96 290.4 304.18 291.71 305.97 292.14 308.21 290.41 308.12 289.48 311.86 289.61 311.98 290.6 315.09 288.37 319.04 288.46 319.28 287.89 325.25 281.81 331.71 279.52 335.32 277.91 336.79 278.43 340.03 276.87 341.87 282.21 340.45 284.83 341.47 286 341.33 289.79 339.09 291.62 340.46 292.44 338.29 293.72 338.99 295.71 336.86 297.42 336.23 296.67 334.47 298.22 332.91 302.92 329.37 306.34 327.47 307.18 324.16 307.96 323.57 309.1 321.53 309.55 320.45 311.06 319.16 310.74 318.88 313.07 317.23 314.27 316.02 314.08 314.81 314.86 313.73 318.79 313.93 321.14 312.31 321.42 309.28 320.64 308.12 321.65 307.24 325.23 303.97 319.7 291.67 298.51 292.31 297.83 295.19 297.24 298.39 294.28 299.45 294.14 300.35 292.45 Z"
       id="Floyd"
       fill="#dbdaf1"
       style="fill:#d75d5d;fill-opacity:1" />
    <path
       d="M 540.05 58.48 542.16 55.75 543.91 54.4 572.34 62.6 571.43 65.68 570.05 68.47 568.93 69.22 567.84 74.42 566.85 75.73 584.11 108.1 584.25 108.17 581.54 111.69 574.82 118.87 575.33 120.62 574.78 125.58 569.61 123.64 567.66 124.13 565.42 125.32 564.86 123.83 563.58 123.41 562.93 122.03 562.93 119.93 561.72 119.4 561.01 116.84 559.23 114.72 558.25 112.17 555.26 109.82 554 108.29 553.35 106.56 552.1 105.09 553.46 103.47 552.37 102.46 552.87 100.54 552.56 97.56 551.39 95.43 549.59 95.03 549.33 91.98 546.62 92 544.14 91.65 541.01 90.31 539.27 88.35 539.06 85.16 537.98 84.75 538.48 83.26 537.63 80.46 533.04 76.79 531.31 76.16 530.58 74.73 528.44 72.09 528.82 71.14 532 69.62 533.69 69.5 534.78 67.88 533.53 66.51 535.01 64.05 536.63 63.39 539.11 59.42 540.05 58.48 Z"
       id="Fauquier"
       fill="#bed3f0"
       style="fill:#e27f7f;fill-opacity:1" />
    <path
       d="M 460.04 84.14 465.56 89.23 481.09 102.93 480.38 103.56 479.1 106.8 477.92 111.29 476.47 114.12 480.65 116.3 481.75 115.6 482.86 119.36 488.79 121.57 489.76 124.03 490.72 123.65 495.58 124.6 494.89 126.41 491.29 131.17 490.47 131.26 489.24 133.25 488.94 135.2 486.1 136.04 484.68 138.17 482.27 138.97 481.73 139.92 480.16 139.75 479.04 141.58 479.59 143.64 478.52 144.81 477.37 144.3 473.14 147.01 470.98 150 465.25 145.12 457.6 138.15 455.64 138.39 426.89 117.71 428.18 115.92 428.65 112.18 432.64 105.28 433.42 101.96 435.71 97 436.71 96.18 439.24 96.28 440.06 93.09 439.3 91.22 439.82 89.12 441.2 85.88 442.6 84.39 443.16 82.92 442.86 81.37 443.64 80.62 445.43 80.63 446.16 77.58 447.4 76.81 447.96 74.34 448.54 73.79 460.04 84.14 Z M 455.35 127.76 457.94 128.17 458.19 126.61 459.37 125.61 461.58 125.47 463.52 124.43 464.08 122.95 461.83 120.91 461.8 119.43 459.75 117.62 458.34 119.38 456.99 120.07 455.6 122.64 456.82 124.19 455.35 127.76 Z"
       id="Rockingham"
       fill="#bebcdd"
       style="fill:#d75d5d;fill-opacity:1" />
    <path
       d="M 668.96 176.69 671.53 178.26 676.37 180.69 677.3 182.91 677.83 186.53 677.26 188.08 678.65 189.48 680.77 190.29 681.12 191.56 680.25 192.07 675.78 191.85 672.56 195.23 670.09 195.57 669.8 196.33 666.02 195.02 664.98 193.45 662.98 193.84 661.02 192.22 659.2 190.05 659.44 188.85 658.55 187.63 656.84 187.26 656.51 184.91 653.67 181.88 652.59 182.01 651.58 180.98 650.44 181.17 648.79 178.9 648.6 176.3 646.74 174.82 644.78 174.81 643.45 173.26 642.74 171.61 642.82 169.87 641.23 164.53 640.4 164.14 640.92 163.01 645.92 158.45 647.14 160.81 651.1 165.37 652.91 165.92 657.3 169.34 657.2 171.71 656.67 172.74 658.17 173.55 660.02 173.01 662.71 174.69 666.86 174.89 667.68 176.52 668.96 176.69 Z"
       id="Richmond-County"
       fill="#c0bbdd"
       style="fill:#d75d5d;fill-opacity:1" />
    <path
       d="M 307.24 325.23 308.12 321.65 309.28 320.64 312.31 321.42 313.93 321.14 313.73 318.79 314.81 314.86 316.02 314.08 317.23 314.27 318.88 313.07 319.16 310.74 320.45 311.06 321.53 309.55 323.57 309.1 324.16 307.96 327.47 307.18 329.37 306.34 342 309.56 343.72 309.31 345.35 310.23 344.74 312.38 347.49 315.12 347.65 315.85 344.45 316.22 342.59 317.52 343.06 319.62 342.54 321.59 343.3 322.51 342.49 324.02 343.66 326.56 344.16 329.22 345.77 332.08 345.62 334.91 346.46 337.71 346.02 345.61 322.95 345.03 292.76 342.76 292.57 339.14 291.6 337.02 292 335.41 293.69 333.43 293.76 331.82 295.18 330.42 296.27 330.51 298.91 332.89 301.24 332.74 306.98 329.44 308.08 325.64 307.24 325.23 Z"
       id="Patrick"
       fill="#a1b2e8"
       style="fill:#d72f30;fill-opacity:1" />
    <path
       d="M 658.55 205.05 661.11 201.68 662.99 201.76 664.85 199.98 665.44 201.66 668.93 202.21 670.85 202.9 670.92 204.54 673.02 206.11 673.14 208.18 674.81 211.27 673.86 212.18 675.37 213.26 675.07 214.1 676.99 215.92 677.76 217.35 679.86 218.5 686.51 218.14 688.93 218.33 689.26 221.09 693.51 222.73 695.9 222.6 698.28 222.98 700.17 223.82 700.29 225.73 695.64 227.22 695.74 227.97 693.22 227.82 691.64 227.21 690.81 229.9 688.55 229.78 686.77 229.05 684.38 227.29 682.62 227.21 681.9 226.01 680.51 225.94 678.49 224.09 677.22 224.67 675.62 224.31 675.46 223.03 673.47 221.38 671.67 221.9 667.95 219.7 665.26 218.09 663.98 216.58 662.96 214.1 661.82 213.37 661.38 211.58 658.58 207.05 658.55 205.05 Z"
       id="Middlesex"
       fill="#a4d6a4"
       style="fill:#d75d5d;fill-opacity:1" />
    <path
       d="M 494.92 305.59 497.4 293.39 499.6 283.34 505.41 282.14 507.53 280.17 513.11 280.93 515.65 280.43 516.44 279.5 518.94 278.5 520.24 280.01 520.38 282.09 522.44 283.35 523.42 283.42 525.59 284.7 525.33 286.09 526.43 287.11 528.25 287.47 535.15 291.33 537.37 290.62 541.33 289.92 539.22 318.89 537.3 318.13 536.88 319.04 533.58 317.06 532.33 316.78 530.46 317.84 525.73 316.09 523.26 316.05 520.88 315.38 518.81 315.38 517.06 314.09 515.41 314.01 512.83 311.89 512.79 311.26 510.27 310.34 508.56 310.93 507.59 309.32 504.23 309.06 501.83 310.1 500.88 308.75 497.74 307.88 494.92 305.59 Z"
       id="Lunenburg"
       fill="#bad3a2"
       style="fill:#e27f7f;fill-opacity:1" />
    <path
       d="M 418.65 125.43 417.66 126.5 418.98 127.57 418.89 128.94 417.43 129.03 413.96 133.5 411.53 137.53 411.15 139.52 410.29 139.37 409.52 141.18 410.34 143.25 409.38 145.31 407.13 146.89 406.65 148.46 404.22 147.72 402.69 148.39 402.46 149.7 401.29 150.22 399.75 152.62 395.12 150.4 381.69 147.59 376.84 144.71 373.37 142.13 374.18 141.33 373.47 139.31 372.13 137.54 373.43 135.38 375.63 133.98 376.47 131.51 378.36 131.84 380.1 130.69 379.55 129.56 380.06 127.94 381.94 124.58 383.55 122.74 383.71 120.49 382.74 117.56 383.19 115.31 384.53 113.38 386.24 112.83 385.24 111.25 386.24 106.33 387.55 103.85 394.69 107.29 396.2 107.65 397.92 108.77 399.33 110.8 403.4 119.92 413.26 123.56 418.65 125.43 Z"
       id="Highland"
       fill="#b7d6dc"
       style="fill:#d75d5d;fill-opacity:1" />
    <path
       d="M 575.93 208.9 577.83 208.33 579.27 209.89 582.82 211.65 584.17 211.31 585.63 209.86 588.71 209.27 589.85 211.45 590.92 210.88 592.27 212.03 593.69 211.64 593.96 213.17 595.42 215.44 596.01 217.27 597.23 218.1 596.93 219.45 598.61 221.39 601.3 222.47 606.68 225.68 610.46 226.71 612.83 228.31 613.69 228.11 616.07 231.18 618.9 233.84 614.87 243.41 615.55 245.37 614.46 246.99 612.84 245.75 612.26 246.78 610.73 247.5 610.13 250.2 608.83 250.37 607.07 249.62 606.43 247.88 607.66 245.64 606.66 244.25 606.03 246.76 605.15 247.35 602.87 247.31 601.34 245.86 600.36 246.96 599.32 246.33 598.13 242.35 596.26 242.33 595.3 240.77 596.02 239.23 595.76 233.48 597.11 231.75 598.48 232.41 599.07 230.97 598.41 230.08 597.9 227.15 596.41 225.51 596.54 223.56 594.96 223.36 593.29 220.89 592.65 221.53 590.54 221.43 590.97 223.76 590.05 224.44 585.16 223.18 583.92 224.57 585.96 225.06 585.6 226.13 582.75 226.59 581.06 226.2 579.43 226.6 574.3 226.17 573.77 225.68 575.34 225.34 575.93 224.3 577.43 224.04 576.47 221.54 575.16 221.09 573.78 216.61 575.93 208.9 Z"
       id="Henrico"
       fill="#c9f6bd"
       style="fill:#6674de;fill-opacity:1" />
    <path
       d="M 644.26 326.04 645.23 324.32 644.94 322.95 647.02 321.35 646.37 320.13 647.93 319.05 648.03 317.29 649.71 316.27 649.36 314.04 650.18 310.81 654.07 305.25 654.2 301.44 652.34 300.77 649.97 296.35 650.7 294.42 650.8 291.81 658.13 287.58 663.96 284.45 665.39 281.09 666.26 280.65 666.25 278.79 667.09 278.21 666.57 276.14 667.36 274.26 668.77 277.77 668.74 279.58 667.88 282.03 667.7 283.97 668.76 286.01 670.02 286.72 673.24 286.73 675.68 287.49 676.7 289.05 675.89 290.16 676.36 291.23 677.98 290.4 680.13 292.19 681.64 292.68 682.77 294.52 684.42 294.85 685.35 295.83 685.48 297.95 684.61 299.87 684.13 300.82 682.19 301.84 680.98 300.77 668.21 313.27 660.25 321.23 646.96 333.53 645.8 333.06 645.01 331.52 645.53 330.16 644.74 329.14 645.12 326.82 644.26 326.04 Z"
       id="Isle-of-Wight"
       fill="#a0b8c6"
       style="fill:#e27f7f;fill-opacity:1" />
    <path
       d="M 555.09 243.05 559.41 242.1 560.38 239.88 560.46 238.22 573.7 226.05 573.77 225.68 574.3 226.17 579.43 226.6 579.7 229.21 581.04 229.37 583.49 228.22 584.21 229.83 585.75 229.37 585.87 232.02 587.19 235.96 589.36 238.25 592.36 237.28 594.62 238.07 596.02 239.23 595.3 240.77 596.26 242.33 598.13 242.35 599.32 246.33 600.36 246.96 601.34 245.86 602.87 247.31 605.15 247.35 606.03 246.76 606.66 244.25 607.66 245.64 606.43 247.88 607.07 249.62 608.83 250.37 610.13 250.2 610.73 247.5 612.26 246.78 612.8 248.27 610.91 251.28 610.37 254.04 609.12 254.98 605.44 255.56 604.24 255.03 602.65 255.39 601.95 259.29 600.71 260.53 600.45 263.15 599.79 263.86 597.92 264.06 600.12 263.07 600.19 260.46 601.79 258.51 597.43 258.99 595.88 258.61 595.22 259.69 596.87 261.28 596.71 264.57 593.8 265.8 588.86 265.71 586.71 266.57 585.41 265.5 583.12 265.6 582.45 264.16 579.29 262.32 578.06 260.31 574.54 261.02 573.4 259.42 572.92 257.8 571.51 257.9 570.56 259.12 569.7 257.39 568.31 257.32 568.21 258.74 566.5 258.83 566.28 260.47 564.33 260.68 563.29 258.76 561.83 257.41 559.75 256.48 559.53 255.2 560.72 254.17 560.49 252.95 556.83 252.5 555.58 251.71 555.35 250.35 553.01 249.23 552.94 247.19 553.53 245.3 553.17 243.34 555.09 243.05 Z"
       id="Chesterfield"
       fill="#9c97de"
       style="fill:#7996e2;fill-opacity:1" />
    <path
       d="M 134.69 249.8 152.44 235.64 159.65 229.61 167.71 223.11 168.7 223.48 169.92 225.18 169.93 226.67 166.57 229.39 164.75 230.26 165.09 232.14 166.85 232.78 167.31 233.91 169.06 234.09 170.35 235.23 169.82 236.08 170.52 237.74 170.78 240.28 170.05 242.07 171.73 245.58 173.32 246.62 173.81 247.94 175.26 248.14 177.42 250.85 177.43 253.08 180.6 254.18 182.17 253.46 186.05 254.8 187.92 257.43 188.02 259.23 187.8 260.77 186.55 261.37 186.23 262.88 184.61 263.25 182.31 265.29 180.9 265.35 177.43 266.68 176.58 266.47 175.12 267.6 175.6 268.39 172.34 270.08 171.05 271.19 167.98 271.4 165.97 272.26 164.1 272.02 161.71 273.26 160.71 276.61 160.94 278.42 159.62 278.76 158.6 280.7 157.28 280.68 155.33 281.79 153.37 280.37 151.76 281.49 149.62 280.92 148.37 281.12 149.58 280.15 147.59 274.06 146.72 272.44 146.6 270.69 143.99 267.43 140.93 260.67 139.91 253.8 138.08 251.36 136.07 249.38 134.69 249.8 Z"
       id="Buchanan"
       fill="#bdf0d8"
       style="fill:#c21b18;fill-opacity:1" />
    <path
       d="M 617.85 186.42 620.92 188.12 621.82 191.05 623.37 192.54 623.65 194.46 625.38 198.81 627.32 199.33 628.16 200.28 626.78 202.61 627.41 203.38 629.55 203.06 630.53 204.85 631.76 205.91 634.2 206.26 635.47 207.97 637.81 208.11 638.03 209.62 639.34 210.18 642.05 209.85 643.14 210.51 644.11 212.18 644 214.05 646.68 213.79 649 216.54 647.7 217.61 649.09 218.81 650.33 218.33 651.8 220.7 652.9 221.66 654.85 221.95 654.34 223.2 655.68 223.97 656.33 226.68 655.42 227.75 655.14 230.07 653.8 228.51 652.63 226.22 649.58 229.16 648.28 229.47 647.05 228.7 648.33 226.46 649.24 223.66 647.82 222.65 646.56 223.25 647.29 226.07 645.5 226.92 644.42 226.55 644.59 224.55 642.85 224.21 640.81 225.64 640.51 228.2 637.97 227.56 639.56 225.67 638.86 222.6 637.69 222.28 636.13 222.9 637.24 224.52 635.47 225.17 633.66 224.54 633.65 222.76 631.69 222.22 629.08 220.29 627.94 221.19 626.84 220.3 626.94 218.86 625.42 217.94 623.72 217.66 623.15 216.64 624.29 215.62 625.15 213.87 623.78 213.71 621.77 212.65 620.99 213.32 618.21 214.17 617.29 213.38 618.15 212.16 617.89 210.63 615.08 210.43 613.19 210.9 612.3 209.26 613.55 207.5 612.94 206.03 611.75 206.34 610.78 207.57 609.8 206.43 608.93 207.57 607.26 206.36 607.53 204.51 606.21 204.36 606.56 202.7 604.06 202.99 603.32 201.81 604.85 200.94 603.91 198.39 602.65 198.73 604.04 196.77 608.66 192.23 611.43 188.78 612 185.97 612.95 184.41 614.39 185.03 615.3 187.16 617.85 186.42 Z"
       id="King-William"
       fill="#c8b39d"
       style="fill:#d75d5d;fill-opacity:1" />
    <path
       d="M 134.69 249.8 136.07 249.38 138.08 251.36 139.91 253.8 140.93 260.67 143.99 267.43 146.6 270.69 146.72 272.44 147.59 274.06 149.58 280.15 148.37 281.12 146.53 281.11 145.02 282.75 143.86 282.2 140.45 285.06 137.82 286.91 136.33 285.4 131.13 288.8 129.1 290.23 127.78 290.47 127.55 288.92 126.34 287.44 123.93 286.69 118.18 282.23 117.31 280.71 115.96 279.6 115.58 277.22 111.74 270.33 111.21 269.73 110.87 260.52 114.11 259.46 116.19 257.87 120.97 256.08 122.7 255.81 127.27 254.42 130.36 253.73 131.75 252.28 132.93 251.92 134.69 249.8 Z"
       id="Dickenson"
       fill="#e99181"
       style="fill:#d72f30;fill-opacity:1" />
    <path
       d="M 385.86 309.09 389.33 292.1 390.54 287.14 393.35 288.06 393.82 286.98 395.45 286.76 398.33 288.38 399.89 289.64 400.89 291.36 403.27 289.87 401.03 288.07 401.34 287.1 400.29 285.2 401.58 284.65 404.89 285.68 408.57 284.73 408.83 281.3 410.17 281.34 411.32 280.52 412.37 278.24 415.09 276.96 418.43 279.9 421.07 279.29 421.87 277.44 423.06 276.79 423.79 277.75 424.6 280.51 425.92 280.38 425.87 278.82 427.46 279.38 427.86 280.85 427.36 283.42 428.43 285.89 429.73 284.14 430.82 284.58 433.28 283.55 434.84 281.91 435.77 282.33 436.35 284.42 438.12 285.28 436.09 295.54 431.05 320.15 425.7 346.69 413.8 346.63 413.01 345.43 413.69 344.28 416 342.83 417.45 343.26 417.52 341.8 415.24 341.78 415.02 339.49 413.09 339.68 411.79 338.75 411.39 335.5 410.43 335.6 408.67 334.42 408.06 336.1 406.88 337.61 406.33 339.53 404.83 338.66 400.98 337.63 398.83 337.38 397.07 339.26 399.81 341.83 400.95 341.4 403.02 342.29 401.51 344.21 401.69 346.53 397.81 346.52 378.33 346.14 385.86 309.09 Z"
       id="Pittsylvania"
       fill="#add8ca"
       style="fill:#d72f30;fill-opacity:1" />
    <path
       d="M 399.75 152.62 401.29 150.22 402.46 149.7 402.69 148.39 404.22 147.72 406.65 148.46 407.13 146.89 409.38 145.31 410.34 143.25 409.52 141.18 410.29 139.37 411.15 139.52 411.53 137.53 413.96 133.5 417.43 129.03 418.89 128.94 418.98 127.57 417.66 126.5 418.65 125.43 421.69 124 425.42 118.62 426.89 117.71 455.64 138.39 457.6 138.15 465.25 145.12 470.98 150 470.67 151.46 469.2 153.92 468.52 157.75 467.34 159.48 468.16 161.79 468.18 164.45 466.88 166.21 464.17 167.41 462.56 168.81 460.75 170.93 459.29 171.02 457.55 175.05 456.16 175.86 456.06 176.89 457.3 177.88 456.74 180.38 452.84 181.44 451.24 183.77 448.79 185.94 446.84 188.35 445.74 187.08 443.23 187.23 442.5 184.95 440.92 184.56 438.85 184.83 433.64 187.41 432.63 187.15 430.16 184.39 413.04 171.96 402.38 163.81 401.41 162.7 403.69 159.28 405.97 156.57 406.77 154.78 404.75 154.73 402.59 153.85 399.99 155.64 398.31 153.79 399.75 152.62 Z M 436.94 156.17 437.76 157.88 439.45 159.28 441 158.81 442.88 159.99 445.65 157.34 446.51 152.85 444.43 150.79 443.42 151.85 441.96 152.22 438.82 152.26 438.1 153.09 436.94 156.17 Z M 452.11 166.74 452.46 168.22 454.44 169.26 457.61 169.73 460.04 168.89 460.06 167.04 460.96 165.61 460.35 163.76 456.51 162.59 452.11 166.74 Z"
       id="Augusta"
       fill="#b4cbdf"
       style="fill:#d72f30;fill-opacity:1" />
    <path
       d="M 612.83 228.31 614.62 226.82 615.65 225.15 619.33 221.31 621.95 221.92 622.77 217.72 623.72 217.66 625.42 217.94 626.94 218.86 626.84 220.3 627.94 221.19 629.08 220.29 631.69 222.22 633.65 222.76 633.66 224.54 635.47 225.17 637.24 224.52 636.13 222.9 637.69 222.28 638.86 222.6 639.56 225.67 637.97 227.56 640.51 228.2 640.81 225.64 642.85 224.21 644.59 224.55 644.42 226.55 645.5 226.92 647.29 226.07 646.56 223.25 647.82 222.65 649.24 223.66 648.33 226.46 647.05 228.7 648.28 229.47 649.58 229.16 652.63 226.22 653.8 228.51 655.14 230.07 655.42 231.69 657.79 232.86 659.02 233.98 659.98 235.95 658.59 236.61 658.18 238.43 657.01 239.58 655.32 239.78 652.27 238.03 649.19 238.39 645.61 240.81 645.96 245.56 644.84 246.8 644.63 245.03 642.79 244.26 641.13 242.99 640.31 243.76 638.71 243.49 638.42 242.09 637.33 241.88 635.04 242.69 633.74 242.44 633.21 240.92 630.48 240.64 628.51 239.53 626.66 239.68 624.45 237.88 623.69 236.02 620.4 235.49 618.9 233.84 616.07 231.18 613.69 228.11 612.83 228.31 Z"
       id="New-Kent"
       fill="#97e892"
       style="fill:#d75d5d;fill-opacity:1" />
    <path
       d="M 360.77 329.32 362.74 325.88 363.37 325.44 366.91 326.81 366.29 330.34 367.4 333 365.99 333.52 364.68 333.14 364.7 331.78 361.44 330.53 360.77 329.32 Z"
       id="Martinsville"
       fill="#b8adf0"
       style="fill:#6674de;fill-opacity:1" />
    <path
       d="M 646.96 333.53 660.25 321.23 668.21 313.27 680.98 300.77 682.19 301.84 684.13 300.82 684.61 299.87 686.05 300.82 685.79 302.96 685.05 304.76 688.55 304.33 689.73 301.7 693.05 302.65 693.08 304.96 691.85 306.36 689.95 309.22 688.46 312.53 686.59 334.6 685.89 343.82 655.78 344.42 645.4 344.43 643.95 343.57 645.12 341.38 645.96 341.22 645.66 336.74 647.35 335.69 646.96 333.53 Z"
       id="Suffolk"
       fill="#c1ddd3"
       style="fill:#6674de;fill-opacity:1" />
    <path
       d="M 302.08 274.84 302.59 273.19 303.86 273.23 304.09 274.66 302.42 275.98 301.75 277.3 300.09 276.59 299.46 278.79 297.16 279.96 295.75 276.83 296.09 275.41 297.99 274.04 300.3 273.3 302.08 274.84 Z"
       id="Radford"
       fill="#bce5f6"
       style="fill:#7996e2;fill-opacity:1" />
    <path
       d="M 693.05 302.65 694.88 302.36 694.98 299.56 697.96 299.55 698.51 302.8 700.34 303.45 699.77 305.15 703.21 307.96 703.9 309.01 704.36 311.31 704.27 313.93 696.31 315.76 693.58 312.51 695.44 309.69 695.06 308.07 693.65 306.3 691.85 306.36 693.08 304.96 693.05 302.65 Z"
       id="Portsmouth"
       fill="#a9cfe6"
       style="fill:#584cde;fill-opacity:1" />
    <path
       d="M 349.31 260.47 350.73 260.33 351.19 258.43 350.33 257.25 350.46 255.11 352.1 254.27 354.59 252.34 355.75 251.99 356.45 253.81 361.51 253.68 363.82 256.02 364 257.26 361.07 258.87 361.87 261.29 361.41 262.81 359.96 263.3 359.54 265.15 357.66 265.33 356.37 266.51 354.54 263.82 351.76 262.14 349.71 262.75 348.9 261.61 349.31 260.47 Z"
       id="Roanoke-City"
       fill="#d8dfc4"
       style="fill:#6674de;fill-opacity:1" />
    <path
       d="M 459.48 228.56 460.71 228.28 463.09 229.33 463.63 227.34 474.93 238.72 476.98 241.99 481.58 243.94 481.28 246.28 483.29 246.78 485.35 245.66 484.68 251.18 485.33 251.84 483.49 253.99 482.26 254.64 481.33 256.5 477.87 260.96 477.09 263.3 474.42 264.7 473.42 264.67 472.79 266.05 470.24 266.57 468.03 265.6 465.1 268.81 463.59 268.39 460.49 267.55 460.7 265.87 460.16 264.48 457.13 263.25 454.79 263.95 453.95 259.88 451.76 258.04 451.43 255.13 445.05 241.84 445.98 240.09 447.39 239.35 450.6 236.31 452.45 235.68 453.34 233.64 454.33 233.8 456.99 231.96 456.73 229.81 458.32 229.74 459.48 228.56 Z"
       id="Appomattox"
       fill="#efd9d8"
       style="fill:#d72f30;fill-opacity:1" />
    <path
       d="M 537.21 24.74 556.18 40.28 554.76 41.79 553.03 46.39 551.67 46.74 550.24 49.43 547.16 51.83 545.84 53.24 543.91 54.4 542.16 55.75 540.05 58.48 535.25 53.75 531.47 54.56 526.41 51.77 527.75 47.3 528.81 45.54 530.8 43.7 530.49 41.8 532.05 39.11 532.31 36.69 533.6 34.98 534.05 31.01 535.73 28.85 537.21 24.74 Z"
       id="Clarke"
       fill="#b4c0d6"
       style="fill:#e27f7f;fill-opacity:1" />
    <path
       d="M 177.48 295.52 179.3 293.43 182.97 292.21 184.92 292.08 189.85 290.28 192.14 295.57 196.19 293.86 202.48 289.2 203.84 289.17 208.77 287.77 210.27 286.45 211.74 286.39 212.35 288.52 215.77 287.2 221 294.19 225.8 300.6 226.69 303.34 230.59 313.44 231.48 316.91 227.75 317.92 219.79 319.29 215.72 321.46 207.79 322.86 206.28 322.7 205.37 326.37 203.95 328.67 202.74 328.37 200.71 329.75 198.29 330.66 197.02 331.1 189.97 312.49 177.48 295.52 Z"
       id="Smyth"
       fill="#98bbec"
       style="fill:#d72f30;fill-opacity:1" />
    <path
       d="M 644.26 326.04 645.12 326.82 644.74 329.14 645.53 330.16 645.01 331.52 645.8 333.06 643.2 331.72 640.75 330.85 641.93 329.52 640.18 329.04 640.22 326.72 641.61 325.97 644.26 326.04 Z"
       id="Franklin-City"
       fill="#bdebce"
       style="fill:#6c7adf;fill-opacity:1" />
    <path
       d="M 436.94 156.17 438.1 153.09 438.82 152.26 441.96 152.22 443.42 151.85 444.43 150.79 446.51 152.85 445.65 157.34 442.88 159.99 441 158.81 439.45 159.28 437.76 157.88 436.94 156.17 Z"
       id="Staunton"
       fill="#a9ebbd"
       style="fill:#6674de;fill-opacity:1" />
    <path
       d="M 492.04 171.83 492.9 171.08 492.75 169.33 493.54 167.82 495.64 166.31 497.59 166.82 496.86 168.26 498.49 169.11 497.11 173.08 495.27 172.4 493.95 173.26 492.46 173.21 492.04 171.83 Z"
       id="Charlottesville"
       fill="#dce8ca"
       style="fill:#3933e5;fill-opacity:1" />
    <path
       d="M 673.12 271.12 674.25 269.84 675.81 269.3 674.79 265.69 676.31 265.69 677.24 264.78 681.03 269.89 681.88 269.62 682.99 272.52 687.57 278.7 689.61 279.48 688.37 281.52 688.69 286.19 689.76 288.23 691.03 287.56 692.98 291.28 694.63 291.71 692.71 294.18 691.13 294.54 688.5 290.84 688.84 289.71 687.25 287.39 681.31 283.33 681.24 281.49 679.64 280.27 678.96 281.19 677.38 280.95 674.37 277.75 672.46 276.84 672.03 274.15 673.5 272.3 673.12 271.12 Z"
       id="Newport-News"
       fill="#baec79"
       style="fill:#6674de;fill-opacity:1" />
    <path
       d="M 692.48 271.62 694.79 272.07 696.81 270.5 698.37 271.1 699.44 273.29 701.49 273.95 703.04 275.53 703 277.32 698.42 278.95 697.8 277.79 696.22 277.08 693.55 277.84 691.8 274.2 691.81 272.12 692.48 271.62 Z"
       id="Poquoson"
       fill="#afe6f4"
       style="fill:#d72f30;fill-opacity:1" />
    <path
       d="M 602.07 73.07 602.61 71.49 606.04 71.13 607.99 71.27 608.04 74.25 606.5 74.84 603.82 74.84 602.07 73.07 Z"
       id="Fairfax-City"
       fill="#e8e5d9"
       style="fill:#584cde;fill-opacity:1" />
    <path
       d="M 262.57 328.58 264.15 326.05 266.56 325.8 267.87 326.28 266.72 328.23 264.23 331.15 263.49 331.92 261.02 331.29 260.89 329.55 261.45 327.99 262.57 328.58 Z"
       id="Galax"
       fill="#cedbf8"
       style="fill:#d75d5d;fill-opacity:1" />
    <path
       d="M 236.6 261.24 238.55 260.33 242.19 258.08 247.38 256.38 250.1 255.76 254.54 255.19 260.02 253.91 259.94 255.04 258.19 256.49 256.64 257 259.88 260.08 267.73 268.65 269.92 267 270.8 268.83 268.93 269.66 271.37 272.51 268.24 274.82 266.67 275.63 264.07 276.16 265.65 281.14 259.24 283.36 254.21 283.97 253.4 284.48 249.64 285.35 246.38 286.62 244.84 284.75 241.48 286.25 240.27 286.16 239.08 284.71 236.01 283.35 234.7 284.35 232.62 285.1 230.05 286.59 227.23 288.92 224.98 291.59 223.28 292.83 222.21 292.48 221 294.19 215.77 287.2 213.45 284.14 216.95 283.1 219.5 281.69 220.34 282.02 223.41 281.74 226.4 280.77 231.86 277.88 232.76 275.34 232.05 273.77 229.72 273.35 226.1 271.07 227.96 269.91 232.73 268.44 230.9 263.34 234.82 262.47 236.6 261.24 Z"
       id="Bland"
       fill="#f1ded6"
       style="fill:#c21b18;fill-opacity:1" />
    <path
       d="M 617.04 67.94 621.83 63 624.29 66.33 626.74 67.09 628.48 70.43 629.26 70.36 630.12 72.8 628.96 74.11 627.17 73.51 625.14 73.65 624.97 75.62 622.82 73.75 619.16 69.99 617.04 67.94 Z"
       id="Arlington"
       fill="#c1eb8a"
       style="fill:#3933e5;fill-opacity:1" />
    <path
       d="M 455.35 127.76 456.82 124.19 455.6 122.64 456.99 120.07 458.34 119.38 459.75 117.62 461.8 119.43 461.83 120.91 464.08 122.95 463.52 124.43 461.58 125.47 459.37 125.61 458.19 126.61 457.94 128.17 455.35 127.76 Z"
       id="Harrisonburg"
       fill="#c2def5"
       style="fill:#584cde;fill-opacity:1" />
    <path
       d="M 589.14 81.55 590.72 82.58 591.74 83.92 591.41 86.59 589.62 87.87 586.99 86.78 585.55 86.95 586.73 89.34 585.18 89.29 584.47 87.27 587.3 82.83 589.14 81.55 Z"
       id="Manassas"
       fill="#d7b5b2"
       style="fill:#6674de;fill-opacity:1" />
    <path
       d="M 497.55 252.56 507.97 234.37 517.86 217.54 518.72 211.04 519.75 210.18 520.07 208.54 521.28 207.14 524.86 204.27 526.25 204.15 528.57 205.39 530.33 207.28 532.53 208.89 532.71 210.27 530.88 212.49 531.16 213.22 533.34 213.6 534.49 214.9 533.79 215.32 533.06 218.38 528.95 238.89 528.31 238.31 526.56 239.01 525.24 240.35 523.96 240.11 523.59 242.38 522.39 242.27 522.1 244.2 520.65 246.79 518.85 248.48 519.27 249.17 517.26 251.03 515.73 251.5 513.87 254.29 512.21 254.76 511.03 256.16 509.95 256.17 509.06 255.01 507.41 256.02 504.15 256.62 503.5 255.39 499.38 253.15 497.55 252.56 Z"
       id="Cumberland"
       fill="#f8f5cf"
       style="fill:#e27f7f;fill-opacity:1" />
    <path
       d="M 413.8 346.63 401.69 346.53 401.51 344.21 403.02 342.29 400.95 341.4 399.81 341.83 397.07 339.26 398.83 337.38 400.98 337.63 404.83 338.66 406.33 339.53 406.88 337.61 408.06 336.1 408.67 334.42 410.43 335.6 411.39 335.5 411.79 338.75 413.09 339.68 415.02 339.49 415.24 341.78 417.52 341.8 417.45 343.26 416 342.83 413.69 344.28 413.01 345.43 413.8 346.63 Z"
       id="Danville"
       fill="#c6baa0"
       style="fill:#6674de;fill-opacity:1" />
    <path
       d="M 579.43 226.6 581.06 226.2 582.75 226.59 585.6 226.13 585.96 225.06 583.92 224.57 585.16 223.18 590.05 224.44 590.97 223.76 590.54 221.43 592.65 221.53 593.29 220.89 594.96 223.36 596.54 223.56 596.41 225.51 597.9 227.15 598.41 230.08 599.07 230.97 598.48 232.41 597.11 231.75 595.76 233.48 596.02 239.23 594.62 238.07 592.36 237.28 589.36 238.25 587.19 235.96 585.87 232.02 585.75 229.37 584.21 229.83 583.49 228.22 581.04 229.37 579.7 229.21 579.43 226.6 Z"
       id="Richmond-City"
       fill="#a2f1ba"
       style="fill:#3933e5;fill-opacity:1" />
    <path
       d="M 429.61 237.41 430.47 239.28 432.97 241.35 435.12 244.93 436.74 244.43 439.04 245.86 437.39 247.87 436.14 248.73 434.42 248.19 431.95 250.24 430.5 252.04 428.4 251.74 426.7 253.1 422.7 250.37 425.12 245.8 423.13 244.51 424.32 242.89 423.07 241.42 421.79 241.44 421.98 239.42 423.87 239.56 427.45 237.16 429.61 237.41 Z"
       id="Lynchburg"
       fill="#c9e4d7"
       style="fill:#e27f7f;fill-opacity:1" />
    <path
       d="M 688.55 229.78 690.81 229.9 691.64 227.21 693.22 227.82 695.74 227.97 696.57 230.72 698.12 230.75 699.2 232.89 700.11 232.55 702.62 229.49 704.31 232.35 703.36 232.86 703.46 235.18 705.81 236.69 706.2 238.58 706.81 245.4 705.76 247.39 704.35 248.91 704.71 251.28 704.46 253.19 702.28 251.62 701.2 251.38 697.31 246.48 693.82 245.05 692.68 242.98 692.44 241.24 690.98 241.65 688.12 241.13 687.61 240.02 688.26 237.16 687.28 233.33 688.73 230.36 688.55 229.78 Z"
       id="Mathews"
       fill="#debdab"
       style="fill:#d75d5d;fill-opacity:1" />
    <path
       d="M 583.4 327.4 584.08 326.14 587.39 326.21 588.57 325.77 588.63 329.72 587.59 329.45 586.72 330.87 584.13 330.73 583.4 327.4 Z"
       id="Emporia"
       fill="#9aeab2"
       style="fill:#6674de;fill-opacity:1" />
    <path
       d="M 452.11 166.74 456.51 162.59 460.35 163.76 460.96 165.61 460.06 167.04 460.04 168.89 457.61 169.73 454.44 169.26 452.46 168.22 452.11 166.74 Z"
       id="Waynesboro"
       fill="#d2d79d"
       style="fill:#7996e2;fill-opacity:1" />
    <path
       d="M 411.5 204.79 415.11 202.25 416.18 204.36 413.37 209.27 412.33 210.08 411.5 204.79 Z"
       id="Buena-Vista"
       fill="#c2f0ed"
       style="fill:#d75d5d;fill-opacity:1" />
    <path
       d="M 495.58 124.6 496.8 121.54 497.78 120.68 498.65 118.22 500.18 120.68 500.35 124.84 499.77 126.01 500.16 127.75 501.3 129.29 500.82 131.02 502.1 132.4 503.17 134.74 505.27 136.86 506.77 136.91 506.83 139.87 509.89 142.33 513.34 141.69 513.95 142.2 507.62 150.89 506.49 152.68 485.52 144.48 479.04 141.58 480.16 139.75 481.73 139.92 482.27 138.97 484.68 138.17 486.1 136.04 488.94 135.2 489.24 133.25 490.47 131.26 491.29 131.17 494.89 126.41 495.58 124.6 Z"
       id="Greene"
       fill="#c5db9f"
       style="fill:#e27f7f;fill-opacity:1" />
    <path
       d="M 403.99 199.39 404.78 198.48 406.3 198.31 407.82 199 404.52 201.78 403.99 199.39 Z"
       id="Lexington"
       fill="#c4e6f3"
       style="fill:#6674de;fill-opacity:1" />
    <path
       d="M 512.34 173.69 515.18 175.45 519.52 176.97 521.87 179.47 524.8 180.31 526.81 181.47 535.18 185.6 535.12 185.93 526.7 202.4 526.25 204.15 524.86 204.27 521.28 207.14 520.07 208.54 519.75 210.18 518.72 211.04 516.3 210.66 514.54 209.28 508.27 207.39 507.03 206.25 503.15 205.79 501.56 205.16 497.62 202.83 495.53 198.63 495.07 198.48 512.34 173.69 Z"
       id="Fluvanna"
       fill="#c5e3cb"
       style="fill:#ffb2b2;fill-opacity:1" />
    <path
       d="M 350.46 255.11 350.33 257.25 351.19 258.43 350.73 260.33 349.31 260.47 347.61 261.7 344.75 260.16 344.15 258.09 342.09 258.44 341.42 257.32 344.68 256.25 346.68 254.73 349.55 253.35 350.46 255.11 Z"
       id="Salem"
       fill="#deedd0"
       style="fill:#e27f7f;fill-opacity:1" />
    <path
       d="M 597.92 264.06 596.71 264.57 596.87 261.28 595.22 259.69 595.88 258.61 597.43 258.99 601.79 258.51 600.19 260.46 600.12 263.07 597.92 264.06 Z"
       id="Colonial-Heights"
       fill="#ecdddb"
       style="fill:#d75d5d;fill-opacity:1" />
    <path
       d="M 352.6 201.59 353.83 199.11 353.34 198.21 354.23 197.04 356.58 196.65 356.62 197.94 355.32 199.28 355.46 201.18 356.55 202.13 354.08 203.14 352.6 201.59 Z"
       id="Covington"
       fill="#94c2e0"
       style="fill:#e27f7f;fill-opacity:1" />
    <path
       d="M 661.67 254.98 662.8 257.88 664.24 257.66 665.7 256.34 666.38 258.36 666.26 259.62 666.97 261.77 661.94 261.6 660.51 259.73 661.67 254.98 Z"
       id="Williamsburg"
       fill="#cacee8"
       style="fill:#584cde;fill-opacity:1" />
    <path
       d="M 66.7 330.61 70.73 321.08 77.37 317.39 79.98 316.63 82.86 314.81 82.32 313.18 84.46 310.25 86.3 309.79 86.68 308.57 88.14 307.19 90.54 303.44 91.41 304.07 94.46 304.76 95.16 305.52 96.81 303.9 99.26 302.35 100.32 299.79 101.54 298.52 103.17 298.3 123.03 298.63 123.19 299.67 125.05 304.25 127.5 311.27 129.47 319.74 131.35 330.39 132.54 333.27 116.1 332.74 114.68 332.53 95.77 331.95 75.94 331.08 66.7 330.61 Z"
       id="Scott"
       fill="#a3e1c5"
       style="fill:#c21b18;fill-opacity:1" />
    <path
       d="M 194.28 333.62 196.12 333.72 197.73 333.14 198.29 330.66 200.71 329.75 202.74 328.37 203.95 328.67 205.37 326.37 206.28 322.7 207.79 322.86 215.72 321.46 219.79 319.29 227.75 317.92 231.48 316.91 238.69 317.66 241.76 316.5 243.4 317.25 245.46 316.72 248 316.86 248.25 314.49 249.61 314.13 252.51 312.36 257.33 320.27 262.57 328.58 261.45 327.99 260.89 329.55 261.02 331.29 263.49 331.92 264.23 331.15 271.22 342.1 260.93 341.36 255.42 341.16 250.18 340.63 226.49 339 220.07 338.85 206.16 337.72 198.56 336.71 191.27 336.34 194.28 333.62 Z"
       id="Grayson"
       fill="#f4d1cd"
       style="fill:#d72f30;fill-opacity:1" />
    <path
       d="M 604.24 255.03 605.44 255.56 609.12 254.98 610.12 254.56 612.02 256.87 611.38 258.52 606.67 260.54 605 259.89 604.98 257.49 604.24 255.03 Z"
       id="Hopewell"
       fill="#c7e4b4"
       style="fill:#6674de;fill-opacity:1" />
    <path
       d="M 519.65 257.67 529.71 260.59 546.71 265.3 558.25 268.7 560.87 269.71 559.9 271.72 558.14 272.73 557.48 272.37 555.27 273.11 553.84 274.75 551.03 275.54 551.99 292.53 552.14 293.87 549.52 294.49 544.72 294.09 543.52 292.25 541.33 289.92 537.37 290.62 535.15 291.33 528.25 287.47 526.43 287.11 525.33 286.09 525.59 284.7 523.42 283.42 522.44 283.35 520.38 282.09 520.24 280.01 518.94 278.5 519.03 269.64 519.65 257.67 Z"
       id="Nottoway"
       fill="#89a5e2"
       style="fill:#e27f7f;fill-opacity:1" />
    <path
       d="M 700.34 303.45 701.52 303.91 701.85 301.86 700.71 301.74 700.21 297.22 701.54 295.61 703 295.46 702.98 294.02 703.3 293.84 706.07 294.43 710.52 297.27 714.78 298.29 713.35 299.75 714.38 301.07 712.88 303.47 713.73 304.99 713.43 305.99 715.01 306.93 713.39 310.16 711.56 309.92 710.39 309.05 708.71 309.46 707.46 311.39 705.8 310.57 704.36 311.31 703.9 309.01 703.21 307.96 699.77 305.15 700.34 303.45 Z"
       id="Norfolk"
       fill="#89b2ec"
       style="fill:#584cde;fill-opacity:1" />
    <path
       d="M 622.82 73.75 624.97 75.62 625.14 73.65 627.17 73.51 628.96 74.11 629.67 77.11 629.44 80.52 625.98 78.74 623.53 78.47 620.42 79.14 619.82 77.25 620.06 75.74 621.54 74.01 622.82 73.75 Z"
       id="Alexandria"
       fill="#b5c4e4"
       style="fill:#3933e5;fill-opacity:1" />
    <path
       d="M 593.8 265.8 596.71 264.57 597.92 264.06 599.79 263.86 600.45 263.15 601.12 263.3 604.97 268.69 603.92 269.56 603.5 271.47 599.77 271.4 598.44 271.92 596.15 272.63 596.18 270.72 593.68 269.82 594.35 267.27 593.8 265.8 Z"
       id="Petersburg"
       fill="#c4e3ac"
       style="fill:#3933e5;fill-opacity:1" />
    <path
       d="M 149.18 327.86 150.65 329.95 148.35 331.86 146.69 333.95 137.75 333.47 138.42 332.66 140.69 331.75 143.59 330.03 145.64 329.68 147.39 328.85 148.98 329.42 149.18 327.86 Z"
       id="Bristol"
       fill="#f1ebdb"
       style="fill:#d75d5d;fill-opacity:1" />
    <path
       d="M 691.85 306.36 693.65 306.3 695.06 308.07 695.44 309.69 693.58 312.51 696.31 315.76 704.27 313.93 704.36 311.31 705.8 310.57 707.46 311.39 708.71 309.46 710.39 309.05 710.22 309.9 712.71 317.3 714.37 317.97 718.5 318.66 722.97 323.4 724.45 323.79 725.86 326.1 724.79 327.78 720.8 329.4 721.1 343.01 702.9 343.46 685.89 343.82 686.59 334.6 688.46 312.53 689.95 309.22 691.85 306.36 Z"
       id="Chesapeake"
       fill="#caf2a7"
       style="fill:#7996e2;fill-opacity:1" />
    <path
       d="M 584.65 137.44 584.92 136.08 587.1 135.37 589.42 136.5 590.53 136.25 592.43 140.26 591.48 141.83 589.97 141.98 586.42 140.87 586.76 139.41 586.1 137.88 584.65 137.44 Z"
       id="Fredericksburg"
       fill="#80e5bd"
       style="fill:#584cde;fill-opacity:1" />
    <path
       d="M 332.37 217.02 333.83 218.4 337.29 218.57 337.36 219.41 339.51 220.83 341.53 219.59 343.29 217.81 344.93 217.37 346.72 215.85 348.44 214.99 350.15 213.48 351.26 215.02 350.17 216.05 350.55 217.75 355.91 227.28 352.04 231.19 351.55 233.07 350 235.33 348.32 239.14 345.78 241.53 338.77 246.14 333.79 246.54 331.33 248.11 327.87 250.79 323.42 248.56 322.01 247.45 319.45 249.72 311.87 253.45 310.57 252.72 310.41 251.56 311.45 250.68 308.19 240.67 311.03 239.04 312.7 237.68 318.66 234.24 318.32 233.65 321.62 232.67 324.69 231.01 326.39 228.06 325.52 227.69 323.84 228.73 321.88 227.65 323.59 226.5 322.12 224.33 328.74 220.77 330.51 219.45 332.37 217.02 Z"
       id="Craig"
       fill="#efc3af"
       style="fill:#d72f30;fill-opacity:1" />
    <path
       d="M 265.65 281.14 267.35 286.61 270.19 289.5 272.72 292.48 276.93 298.02 281.41 304.51 276.21 306.24 274.48 307.39 270.68 307.79 252.51 312.36 249.61 314.13 248.25 314.49 248 316.86 245.46 316.72 243.4 317.25 241.76 316.5 238.69 317.66 231.48 316.91 230.59 313.44 226.69 303.34 225.8 300.6 221 294.19 222.21 292.48 223.28 292.83 224.98 291.59 227.23 288.92 230.05 286.59 232.62 285.1 234.7 284.35 236.01 283.35 239.08 284.71 240.27 286.16 241.48 286.25 244.84 284.75 246.38 286.62 249.64 285.35 253.4 284.48 254.21 283.97 259.24 283.36 265.65 281.14 Z"
       id="Wythe"
       fill="#99dcbd"
       style="fill:#d72f30;fill-opacity:1" />
    <path
       d="M 710.39 309.05 711.56 309.92 713.39 310.16 715.01 306.93 713.43 305.99 713.73 304.99 712.88 303.47 714.38 301.07 713.35 299.75 714.78 298.29 718.36 299.03 723.07 300.71 726.11 299.55 727.64 297.98 730.87 298 731.97 298.8 732.62 300.75 734.51 308.17 735.24 311.67 736.92 317.7 739.78 325.79 742.92 332.96 744.67 338.46 745.46 342.35 721.1 343.01 720.8 329.4 724.79 327.78 725.86 326.1 724.45 323.79 722.97 323.4 718.5 318.66 714.37 317.97 712.71 317.3 710.22 309.9 710.39 309.05 Z"
       id="Virginia-Beach"
       fill="#f4cfcd"
       style="fill:#7996e2;fill-opacity:1" />
    <path
       d="M 281.41 304.51 286.96 302.73 287.25 301.28 289.24 300.62 289.67 299.71 291.67 298.51 303.97 319.7 307.24 325.23 308.08 325.64 306.98 329.44 301.24 332.74 298.91 332.89 296.27 330.51 295.18 330.42 293.76 331.82 293.69 333.43 292 335.41 291.6 337.02 292.57 339.14 292.76 342.76 283.93 342.03 271.22 342.1 264.23 331.15 266.72 328.23 267.87 326.28 266.56 325.8 264.15 326.05 262.57 328.58 257.33 320.27 252.51 312.36 270.68 307.79 274.48 307.39 276.21 306.24 281.41 304.51 Z"
       id="Carroll"
       fill="#a5e4da"
       style="fill:#d72f30;fill-opacity:1" />
    <path
       d="M 556.18 40.28 556.66 38.46 558.28 35.31 559.3 31.06 561.32 27.89 563.49 20.98 564.61 18.91 566.36 17.92 568.05 18.14 570.03 17.47 572.33 19.03 575.56 19.96 578.11 20.03 580.1 19.51 580.65 21.87 582.29 24.13 585.51 25.79 587.51 26.37 590.22 29.01 588.77 30.99 588.66 32.59 587.66 33.69 585.9 34.14 584.88 35.47 583.91 38.4 584.18 40.58 585.04 41.66 587.78 42.73 589.96 46.62 593.61 47.69 598.05 48.29 601.26 48.06 602.38 48.66 583.47 73.77 581.93 72.73 582.32 71.94 581.59 68.92 579.29 68.65 577.64 67.27 575.82 64 573.97 62.7 572.34 62.6 543.91 54.4 545.84 53.24 547.16 51.83 550.24 49.43 551.67 46.74 553.03 46.39 554.76 41.79 556.18 40.28 Z"
       id="Loudoun"
       fill="#bad8a2"
       style="fill:#6674de;fill-opacity:1" />
    <path
       d="M 99.14 293.6 101.52 290.6 104.77 289.1 105.84 289.52 105.98 291.97 103.94 292.03 102.98 292.93 103.25 295.23 101.51 295.21 100.68 294.1 99.14 293.6 Z"
       id="Norton"
       fill="#a19bee"
       style="fill:#d75d5d;fill-opacity:1" />
    <path
       d="M 590.72 82.58 589.14 81.55 591.99 82.77 592.44 81.27 594.11 82.03 594.26 83.72 593.65 84.76 590.72 82.58 Z"
       id="Manassas-Park"
       fill="#eacdc8"
       style="fill:#584cde;fill-opacity:1" />
    <path
       d="M 689.61 279.48 692.28 279.67 693.55 277.84 696.22 277.08 697.8 277.79 698.42 278.95 703 277.32 704.54 278.29 705.39 279.88 703.5 286.13 702.51 290.15 701.51 289.23 699.02 288.59 698.34 289.61 695.58 290.82 694.63 291.71 692.98 291.28 691.03 287.56 689.76 288.23 688.69 286.19 688.37 281.52 689.61 279.48 Z"
       id="Hampton"
       fill="#a4d1a7"
       style="fill:#584cde;fill-opacity:1" />
    <path
       d="M 259.94 255.04 262.99 254.75 267.52 252.6 270.57 249.89 272.44 248.95 269.36 244.49 271.38 241.24 271.97 239.46 273.9 239.82 276.67 242.28 277.21 243.29 278.74 243.46 280.01 246.12 286.19 243.64 291.13 240.81 293.16 239.36 296.23 237.77 297.61 236.56 300.84 234.63 302.27 234.61 304.69 233.75 306.37 236.62 306.13 239.29 308.19 240.67 311.45 250.68 310.41 251.56 310.57 252.72 311.87 253.45 307.24 257.04 302.26 259.28 298.9 260.01 295.06 261.55 288.84 263.87 287.6 264.75 282.9 266.81 280.53 267.28 276.49 268.83 275.21 270.14 271.37 272.51 268.93 269.66 270.8 268.83 269.92 267 267.73 268.65 259.88 260.08 256.64 257 258.19 256.49 259.94 255.04 Z"
       id="Giles"
       fill="#b9cbf4"
       style="fill:#d72f30;fill-opacity:1" />
    <path
       d="M 539.22 318.89 541.33 289.92 543.52 292.25 544.72 294.09 549.52 294.49 552.14 293.87 552.83 293.52 555.86 293.64 556.65 292.99 559.71 294.46 561.16 294.32 562.56 295.33 563.95 295.46 564.32 297 565.83 297.29 566.59 298.81 567.56 299.13 568.72 301.03 568.94 302.57 570.14 302.29 570.75 303.45 572.47 303.7 574.23 304.85 574.63 326.25 564.19 346.21 537.56 346.53 538.33 334.41 539.22 318.89 Z"
       id="Brunswick"
       fill="#bdd0a5"
       style="fill:#7996e2;fill-opacity:1" />
    <path
       d="M 598.75 292.95 616.49 281.69 618.44 280.28 621.61 278.58 622.29 279.82 625.97 280.09 626.94 281.84 628.84 281.73 629.33 283.88 631.71 284.27 633.11 283.41 637.71 285.7 639.36 285.07 639.75 291.5 641.05 298.1 636.48 300.97 625.23 308.6 615.4 314.73 604.19 321.32 596.13 326.72 592.08 325.38 590.41 325.21 593.21 308.39 591.64 308.62 590.13 310.14 588.32 310.56 586.47 309.66 585.05 309.66 583.84 310.54 582.03 309.85 580.27 307.56 577.96 306.79 592.64 297.08 598.75 292.95 Z"
       id="Sussex"
       fill="#f3cab0"
       style="fill:#7996e2;fill-opacity:1" />
  </g>
</svg>